id	bits.on
0140_00001	57,77,153,207,240,389,481,508,626,692,757,913,936,954
0140_00002	20,88,94,153,326,391,411,480,497,508,530,556,626,662,666,727,752,778,803,918,942,976
0140_00003	15,20,63,68,94,96,116,134,138,139,155,298,401,420,456,487,508,520,550,577,606,616,626,676,725,727,739,915,928,929,931,935,957,966,968,1002
0140_00004	20,68,94,134,138,139,211,264,283,298,327,353,456,487,508,517,534,550,561,626,640,727,781,928,929,932,968,1002
0140_00005	20,94,134,245,298,335,454,456,479,504,506,508,554,582,611,626,662,720,727,783,837,896,937,946,949,968,981
0140_00006	15,42,54,57,89,122,134,139,153,161,228,245,266,347,405,446,452,460,461,465,481,508,523,524,555,560,584,588,596,615,626,632,657,692,693,716,743,763,765,776,784,791,833,836,850,887,920,928,930,936,952,954,964,968,974,1019
0140_00007	15,54,57,89,122,134,139,153,155,161,167,169,236,245,266,277,347,434,446,452,461,506,508,524,555,569,582,584,588,612,626,657,662,692,693,743,763,766,784,791,805,806,836,850,920,930,936,952,954,964,968,974,1019
0140_00008	20,75,96,134,138,153,223,283,353,387,423,487,497,508,519,530,533,550,575,626,640,663,675,696,719,727,786,828,919,935,945,968
0140_00009	20,117,134,138,153,207,251,270,281,387,390,438,508,531,550,558,613,620,626,640,676,727,733,799,819,824,947,968,970,976,989
0140_00010	20,50,94,134,138,167,169,174,211,312,353,454,456,458,508,512,515,550,626,635,637,640,727,897,929,968,980
0140_00011	20,52,72,91,93,94,107,118,134,141,153,182,197,207,226,262,270,281,353,369,381,476,481,508,515,550,601,626,635,640,727,753,808,968,989
0140_00012	4,15,19,32,56,65,89,124,134,139,146,163,172,192,238,252,269,288,319,326,369,383,405,422,436,453,461,464,481,486,508,524,525,539,540,558,566,580,598,625,626,629,678,690,701,711,719,728,755,783,815,816,887,905,908,919,936,952,959,960,968,974,975,979,1009
0140_00013	15,20,89,94,134,216,218,223,240,245,289,317,321,401,456,508,513,527,540,604,626,727,743,833,836,936,953,968,1009
0140_00014	20,94,100,144,153,193,258,298,373,480,504,508,626,727,767,837,948,977
0140_00015	20,68,94,134,138,174,197,205,211,252,262,304,325,425,456,481,487,508,550,556,626,727,781,887,928,929,937,968,1015
0140_00016	29,134,153,255,268,270,312,326,347,420,455,487,515,550,586,588,626,640,676,781,792,858,968
0140_00017	20,52,72,91,94,107,118,134,138,141,153,182,207,226,270,281,304,353,417,453,474,481,508,515,550,626,635,640,657,697,710,727,753,766,773,808,819,937,968,971,989
0140_00018	20,40,138,146,153,270,272,360,387,423,508,516,517,530,575,632,633,643,723,727,762,778,948,960,990
0140_00019	20,72,94,134,141,177,188,261,304,469,508,510,550,551,620,626,640,676,712,720,727,733,741,763,825,850,947,968
0140_00020	15,20,94,96,134,144,225,245,272,371,420,456,487,503,506,508,513,533,542,550,553,591,626,654,662,672,714,727,731,741,786,797,803,866,899,968,983
0140_00021	20,94,129,134,138,169,456,487,508,550,574,613,626,635,727,735,823,879,897,929,947,968
0140_00022	134,205,220,226,353,369,381,406,476,515,542,550,626,640,654,686,802,811,948,968
0140_00023	6,20,80,94,101,102,106,134,153,220,234,264,326,328,387,393,405,420,456,508,552,580,605,626,640,646,674,685,708,719,727,737,845,948,968
0140_00024	20,54,57,68,89,134,139,153,162,163,164,194,203,256,266,274,302,319,341,347,369,374,405,412,422,432,461,481,485,508,524,555,588,626,638,647,680,692,693,719,727,743,763,783,785,791,796,887,919,935,936,954,968,974
0140_00025	20,29,50,94,134,153,248,334,354,372,383,479,480,508,515,522,541,550,621,626,640,654,662,676,684,692,727,762,778,797,812,833,849,887,893,896,947,953,968,974
0140_00026	134,153,245,326,368,372,420,454,479,506,508,582,592,626,660,662,727,771,786,812,837,881,896,937,956,968,981
0140_00027	20,94,153,185,391,480,497,508,530,556,626,727,752,778,803,976
0140_00028	20,57,94,107,153,207,266,274,292,347,378,390,419,426,508,538,542,559,588,626,692,704,726,727,757,763,775,794,821,914,936,954
0140_00029	62,134,317,344,370,405,422,479,481,486,511,580,662,678,690,691,729,750,787,806,828,887,905,944,960,968,989,1006
0140_00030	19,44,54,56,57,65,89,124,134,139,153,163,172,192,256,266,302,319,347,369,374,405,412,422,436,461,464,481,486,508,524,525,555,558,566,580,588,625,626,629,638,678,680,690,692,693,719,728,743,755,763,783,785,791,796,887,919,936,954,959,960,968,974,975
0140_00031	25,96,134,146,188,211,236,265,315,481,487,492,505,508,545,550,551,609,626,699,734,873,887,968
0140_00032	20,94,153,391,480,497,508,530,556,626,662,727,752,778,803,918,976
0140_00033	15,20,79,89,94,121,134,153,172,245,264,301,374,381,422,479,480,493,497,508,528,530,547,553,562,626,647,660,662,709,727,743,752,773,778,789,803,887,913,952,972,976,981,1003,1008,1023
0140_00034	20,77,88,94,107,117,122,134,153,195,207,281,285,310,338,366,387,389,395,405,479,481,508,516,530,551,602,626,662,668,673,727,739,757,787,866,913,938,965,968,989,999
0140_00035	15,20,26,44,58,60,77,89,94,136,153,161,173,175,207,222,229,231,243,244,261,276,285,318,330,332,343,382,401,453,480,492,499,508,530,605,609,618,626,655,670,677,686,690,726,727,746,752,758,762,769,772,795,802,806,818,836,883,922,933,936,941,948,957,964,971,983,1009
0140_00036	20,94,144,153,154,240,298,305,357,373,480,508,626,727,744,767,948,977,987
0140_00037	65,70,89,118,134,136,138,139,153,171,245,252,311,326,330,335,338,374,388,405,443,452,460,461,465,467,480,481,508,512,523,524,539,560,596,615,626,657,690,716,727,765,791,816,833,886,887,919,928,952,968,974,1009,1012,1020
0140_00038	26,73,89,139,153,170,291,311,313,326,327,330,336,346,347,356,369,392,399,435,448,461,486,499,505,530,547,555,562,565,570,579,610,613,626,660,679,719,720,732,734,770,784,785,787,791,796,816,829,861,862,883,936,937,974,994
0140_00039	15,19,54,56,57,65,89,122,134,139,153,161,172,266,318,319,347,349,361,405,422,436,445,446,452,461,481,486,508,524,525,555,558,566,580,584,588,625,626,629,678,690,692,693,728,743,755,760,763,783,784,791,836,850,887,920,930,936,954,960,964,968,974,975,1019
0140_00040	8,20,89,94,134,153,245,260,264,350,374,386,391,460,473,480,484,488,497,508,530,547,553,556,613,626,662,704,727,728,752,778,803,860,948,976,981,1008
0140_00041	20,138,153,207,326,353,387,390,438,449,468,483,508,538,576,626,677,697,704,726,727,794,874,936,992
0140_00042	35,86,141,146,153,207,236,278,292,347,354,390,425,481,508,529,538,559,609,626,652,660,684,704,713,726,812,837,850,917,952,992,1019
0140_00043	20,77,94,107,118,141,146,153,207,210,231,250,301,390,481,491,508,626,635,637,726,727,779,849,859,1020
0140_00044	20,94,144,145,153,198,207,270,313,326,353,360,390,434,480,493,503,508,516,529,530,535,541,554,626,669,681,727,752,766,857,886,917,948,977
0140_00045	22,36,54,57,89,148,153,266,347,369,461,495,508,555,588,626,647,692,693,719,743,763,785,791,796,936,954,959,974
0140_00046	4,20,94,95,134,141,148,177,188,201,226,268,304,347,353,362,469,508,510,515,549,550,551,626,640,666,705,712,727,735,778,825,850,858,931,948,968,990,999
0140_00047	10,11,14,20,26,38,64,88,93,94,107,113,134,136,141,152,153,159,199,203,207,231,245,247,261,274,289,297,306,310,321,349,357,374,383,393,405,410,426,461,475,480,481,506,508,511,512,516,518,530,550,580,582,593,602,606,613,615,625,626,635,662,673,676,727,739,752,789,821,860,866,879,887,889,893,897,943,960,968,1017
0140_00048	20,56,94,107,153,188,207,231,250,278,363,387,480,508,516,523,602,626,673,709,723,727,811,850,881,915,948,992,995,996,1015
0140_00049	20,76,94,107,141,153,207,306,326,390,406,481,508,538,544,576,626,697,704,726,727,796,865,874,959,992
0140_00050	20,94,153,348,370,480,508,530,626,727,752,778,863,976
0140_00051	57,79,117,142,153,207,224,233,266,286,292,347,390,505,508,588,598,626,684,689,692,704,747,757,763,821,914,948,954,994
0140_00052	15,20,26,44,58,60,77,89,94,128,136,153,159,161,173,175,207,222,229,231,243,244,270,276,278,285,318,332,343,366,371,382,401,439,453,480,492,499,501,508,516,530,584,605,609,618,621,626,655,670,686,690,726,727,746,758,762,769,772,795,802,806,818,836,871,883,922,927,933,936,941,948,957,964,971,983,1009
0140_00053	64,67,89,120,129,132,134,139,153,163,168,199,207,244,245,309,311,319,326,327,330,337,369,374,405,422,461,481,486,506,508,524,532,582,615,626,631,638,662,669,680,719,720,783,791,792,797,860,868,876,887,889,919,936,968,974
0140_00054	4,15,32,64,67,89,120,129,132,134,139,146,163,168,238,244,245,252,269,288,309,319,326,337,369,383,405,422,461,481,486,506,508,524,525,532,539,540,582,598,615,626,631,634,662,669,701,711,719,783,792,797,815,816,860,868,876,887,889,905,908,919,936,952,968,974,979,1009
0140_00055	20,35,94,107,110,118,141,153,207,231,250,254,363,447,481,484,508,552,626,635,727,855,915,949
0140_00056	134,154,245,308,317,405,422,479,508,509,512,517,582,662,743,755,787,834,866,948,968,984,1013
0140_00057	20,96,107,134,153,248,272,341,372,383,389,429,440,479,481,487,495,503,508,516,522,550,603,654,662,684,714,727,762,778,786,797,812,893,896,968
0140_00058	59,86,96,134,146,163,166,236,247,272,285,298,347,383,389,479,487,503,508,550,573,592,607,609,626,654,662,678,714,762,786,797,802,896,968,972,984
0140_00059	67,77,89,132,134,137,139,153,163,168,199,207,244,245,311,317,319,326,327,330,369,374,405,422,436,461,479,486,508,524,544,582,614,626,631,638,662,680,699,704,719,720,783,787,791,797,831,836,866,919,936,963,968,974
0140_00060	4,10,19,26,49,50,52,54,57,65,89,115,123,126,134,139,140,153,159,171,192,264,301,312,315,319,345,347,365,366,374,386,405,411,422,439,452,461,466,467,486,508,524,525,526,555,580,589,595,610,625,629,660,671,673,707,763,766,783,791,798,833,891,903,919,948,954,959,960,968,974,975,982,994,1015
0140_00061	20,69,94,107,118,123,141,153,207,231,237,242,250,321,348,363,441,447,481,508,540,626,635,727,735,803,915,923,949
0140_00062	20,92,94,107,118,141,146,153,207,236,481,508,545,609,626,635,723,727,758,964,1006
0140_00063	20,94,107,113,118,141,153,207,231,250,284,341,440,481,508,530,616,626,635,727,940,976,984
0140_00064	20,52,88,94,107,117,118,134,141,151,153,195,207,270,369,387,395,405,479,481,508,626,635,662,727,787,863,866,968,989
0140_00065	88,117,134,141,153,173,180,195,207,266,326,365,387,395,405,423,479,481,557,576,626,662,787,866,867,968,989
0140_00066	20,94,107,118,141,153,207,231,250,298,441,481,508,515,626,635,679,727,778
0140_00067	20,104,107,134,153,155,199,257,260,270,272,330,333,347,360,372,383,421,425,479,505,508,515,516,522,541,549,550,591,595,633,654,662,704,727,762,778,786,797,812,813,833,843,896,940,948,960,968
0140_00068	14,20,27,60,134,153,188,231,317,370,405,415,422,443,463,479,486,510,511,516,542,580,640,662,663,691,698,705,750,757,762,764,787,820,828,850,905,935,948,960,968,971,989,1001,1006
0140_00069	20,94,107,153,167,207,231,247,261,349,383,480,508,512,516,530,536,602,613,626,673,727,739,752,762,797,948,960
0140_00070	20,94,107,153,167,188,207,231,363,415,508,512,516,523,526,602,613,626,673,727,739,762,797,881,915,948,960,992,995,1015
0140_00071	20,64,94,96,107,134,153,167,207,272,310,333,347,372,375,383,389,407,479,487,503,508,516,550,602,603,626,654,662,673,714,727,739,762,778,786,797,812,893,896,948,960,968,989,1018
0140_00072	20,94,107,134,153,167,207,341,480,508,511,516,522,602,626,673,727,739,742,762,797,902,948,960
0140_00073	20,39,47,49,94,107,153,167,207,508,516,527,602,623,626,655,673,727,739,762,797,802,842,948,960,987
0140_00074	20,62,94,96,107,134,145,153,167,207,210,230,251,270,310,407,421,487,508,516,550,558,588,602,626,673,727,739,762,781,797,842,948,960,968,989
0140_00075	20,29,50,104,134,153,155,257,270,272,354,360,372,383,425,479,508,515,516,522,541,550,595,615,626,633,640,654,662,676,727,762,778,786,797,812,813,833,843,849,893,896,940,947,948,960,968,974
0140_00076	20,94,107,153,167,207,341,353,390,440,481,508,511,516,525,602,626,673,727,739,742,753,762,797,948,960
0140_00077	20,77,94,107,153,167,180,207,225,231,424,436,458,481,504,508,512,516,602,613,626,637,673,727,739,762,778,797,897,913,948,960
0140_00078	20,94,107,131,134,153,207,257,259,330,341,382,480,481,505,508,511,626,727,751,756,785,829,999,1008
0140_00079	20,44,54,57,67,71,77,89,123,125,132,134,137,139,153,163,165,168,235,244,245,256,269,300,302,317,319,341,347,357,361,364,369,374,392,396,405,412,422,432,436,461,475,479,480,481,486,487,492,508,524,543,544,550,555,582,599,600,603,612,614,626,627,631,638,662,680,689,692,699,704,719,720,725,727,763,783,785,787,791,797,810,831,836,843,866,871,881,897,898,899,900,918,919,936,948,954,963,968,974
0140_00080	14,20,79,94,107,118,128,141,145,153,163,207,231,250,254,257,270,284,285,366,403,480,481,508,516,530,586,626,627,635,673,690,692,727,739,757,869,871,917,927,948,984,994,1015
0140_00081	38,48,64,88,103,134,245,274,289,394,405,424,449,481,506,508,511,580,582,585,605,609,615,617,640,662,726,821,860,866,887,889,937,943,968
0140_00082	85,134,268,317,366,385,393,405,408,422,479,486,511,580,581,662,691,741,772,787,796,797,905,968,994
0140_00083	15,20,26,88,89,94,171,213,279,318,490,508,570,599,600,626,675,719,727,819,822,836,855,936
0140_00084	105,119,131,134,153,166,184,207,211,220,221,240,245,253,262,310,326,367,390,394,399,400,403,405,411,423,467,489,495,506,508,515,524,525,532,538,576,582,585,596,607,615,616,626,647,658,662,668,697,704,710,746,841,874,892,919,928,934,948,968,1006,1018,1024
0140_00085	2,6,14,19,20,44,56,65,69,71,89,119,124,134,138,139,153,158,163,172,192,207,231,263,284,306,319,363,369,374,387,405,417,422,436,438,461,464,481,486,508,522,524,525,540,558,566,569,580,619,625,626,629,638,678,680,690,716,719,727,728,755,783,788,791,887,915,919,929,936,959,960,968,974,975,1017
0140_00086	2,20,31,68,72,94,96,134,138,174,200,205,211,372,456,487,508,550,626,727,828,928,929,968
0140_00087	14,20,62,69,94,107,110,118,128,141,145,153,159,207,231,242,250,257,270,274,283,284,285,327,342,354,363,366,380,403,440,474,480,481,508,516,530,556,626,627,635,673,680,690,692,727,739,755,757,778,826,871,878,915,917,923,927,948,984,994
0140_00088	15,20,28,89,94,134,240,300,392,456,508,521,536,540,599,626,693,719,727,743,767,773,836,856,908,936,968,1009
0140_00089	20,94,153,391,480,497,508,530,556,626,727,752,778,803,918,976
0140_00090	20,21,94,153,337,480,508,530,626,727,752
0140_00091	45,77,92,139,146,153,236,413,481,508,609,626,913
0140_00092	15,34,54,57,89,122,134,138,139,153,161,173,180,185,220,242,245,260,300,340,342,347,370,379,385,417,446,449,452,453,461,492,506,508,524,533,538,550,555,569,575,580,582,626,636,637,649,657,661,662,663,671,675,692,697,763,771,784,787,791,792,806,812,836,841,850,895,918,920,930,936,942,948,954,964,968,974,989,1019
0140_00093	15,20,26,88,89,117,134,147,153,163,175,190,195,201,207,237,245,253,264,340,341,347,369,371,376,387,389,395,397,405,415,456,479,481,488,508,515,516,518,524,554,584,590,647,662,672,673,715,727,739,749,772,777,787,864,866,884,934,938,942,968,981,989,1022
0140_00094	32,89,130,134,139,153,163,167,169,199,207,236,245,277,311,326,327,330,369,374,391,434,452,461,506,508,524,569,626,638,657,662,680,719,766,791,806,810,919,936,952,968,974
0140_00095	32,54,57,89,130,134,139,153,163,167,169,236,245,256,266,277,302,347,369,374,391,412,434,452,461,506,508,524,555,569,588,626,638,657,662,680,692,693,719,743,763,766,785,791,796,806,810,919,936,952,954,968,974
0140_00096	20,94,134,160,177,195,252,304,366,387,395,405,445,469,479,508,510,551,611,626,662,727,787,850,968,973
0140_00097	98,134,188,206,223,240,245,249,317,405,422,479,506,508,517,532,580,582,654,662,727,778,787,884,950,968,981,984,1012
0140_00098	54,57,89,96,103,132,134,135,139,153,163,164,184,223,245,256,266,302,307,319,337,347,368,369,374,405,412,422,461,506,508,524,555,582,585,588,592,626,631,638,662,680,692,693,696,698,719,727,743,763,783,785,791,796,867,919,936,943,954,968,974,981,990,1007
0140_00099	15,20,36,48,94,134,170,225,245,272,283,317,353,387,420,442,456,484,487,506,508,513,550,591,626,634,640,654,662,672,727,731,781,806,828,866,893,899,901,968,972
