id	bits.on
0020_00001	20,58,94,97,105,107,141,147,153,159,207,217,231,270,365,366,399,481,508,516,530,533,583,626,727,776,789,882,948,994
0020_00004	20,94,107,141,207,228,244,347,350,365,481,508,549,551,594,626,727,728,802,948
0020_00010	20,94,105,107,113,141,153,207,210,217,231,246,341,440,481,508,530,583,626,727,776,789,940
0020_00011	20,94,107,141,207,228,365,390,481,500,508,626,715,727,802,948,952
0020_00012	20,94,107,141,153,207,326,455,481,508,576,626,727,776,789,963
0020_00014	20,94,107,141,153,207,217,231,326,348,481,508,566,626,666,727,776,789,890
0020_00016	19,20,58,64,94,96,107,134,141,153,207,214,269,272,372,383,389,407,479,481,487,503,508,550,603,615,626,654,662,714,727,762,776,778,786,789,797,812,893,896,968,989
0020_00017	20,84,94,107,141,145,153,207,228,242,254,294,365,481,508,598,626,727,802,948,994
0020_00020	60,105,117,129,134,144,278,304,481,508,514,550,578,627,628,670,700,712,737,741,773,778,825,850,881,905,930,948,968
0020_00021	20,39,49,94,107,141,153,171,207,266,481,508,527,545,626,727,776,789,802,948
0020_00022	20,94,107,141,207,481,508,551,626,727,802,948,964
0020_00023	15,16,54,58,89,96,98,104,111,127,134,145,155,175,178,183,199,207,237,253,258,295,307,310,316,326,335,360,383,390,400,405,464,475,487,494,524,550,580,585,613,616,626,649,677,680,723,725,772,781,821,850,895,924,930,933,936,939,946,964,968,983,999,1012
0020_00024	15,20,60,85,87,89,143,153,191,201,207,311,323,326,344,347,351,390,402,410,417,442,455,461,463,500,507,508,523,538,544,562,576,605,626,665,688,689,701,719,727,743,802,863,898,905,936,974,996
0020_00025	20,94,107,141,153,186,207,374,387,481,508,533,552,626,727,776,789,1000,1006
0020_00026	20,94,107,207,390,508,626,727,802,864,948,1010
0020_00027	1,4,15,20,24,73,81,89,98,110,134,172,182,245,263,293,316,339,347,364,367,368,370,407,424,437,492,500,508,513,515,516,536,549,551,552,563,576,582,600,613,667,683,705,725,727,744,762,772,778,785,797,804,826,827,830,842,899,948,960,968,971,984,1022
0020_00028	20,93,94,107,141,153,202,207,217,231,259,261,341,463,481,508,545,626,642,659,698,704,727,756,771,776,778,789,833,915
0020_00029	15,20,32,79,89,94,199,233,237,411,438,508,626,662,677,727,772,924
0020_00030	20,77,94,107,141,153,207,217,225,231,409,424,436,458,481,508,545,626,727,771,776,778,789,913,929
0020_00031	20,94,107,116,141,153,207,340,341,353,440,481,508,511,626,727,776,779,789
0020_00034	10,11,14,20,26,38,56,64,88,93,94,97,107,134,136,141,152,153,159,202,203,207,231,245,261,274,289,297,306,310,321,357,367,374,393,405,410,426,475,480,481,506,508,511,516,518,530,550,580,582,588,593,606,613,615,625,626,635,655,662,676,727,739,752,789,810,821,860,866,879,887,889,893,896,897,943,968,1005,1017
0020_00035	20,94,105,107,141,153,207,217,231,261,327,480,481,508,530,583,626,684,727,752,776,789
0020_00037	4,20,94,107,116,134,141,153,207,480,481,508,511,626,727,743,776,789
0020_00038	19,20,62,94,96,107,134,141,145,153,207,230,270,421,449,481,482,487,508,528,550,558,588,626,727,747,776,789,968,989
0020_00039	20,94,107,141,207,228,241,365,481,508,626,727,802,828,948,963
0020_00040	19,20,65,88,94,107,117,127,134,141,153,195,207,387,395,405,479,481,508,562,626,662,727,776,787,789,866,968,989,1022
0020_00041	19,20,40,94,107,134,141,153,207,270,281,481,482,508,528,550,558,620,626,640,676,727,733,747,776,789,819,947,968,970,989
0020_00042	20,47,94,107,141,153,207,231,261,343,480,481,508,530,626,702,727,752,760,767,836,839
0020_00043	15,16,17,21,30,58,89,92,93,134,153,177,195,200,220,226,245,247,260,269,278,279,298,300,321,330,335,337,347,351,353,361,369,381,419,423,438,442,461,471,476,493,500,508,511,515,523,529,533,550,555,557,562,588,591,626,635,640,648,651,661,676,683,691,700,719,748,750,759,785,798,808,811,827,872,918,927,935,936,947,948,968,970,974,994,996,1006,1015
0020_00044	20,31,62,68,94,96,107,134,141,153,207,211,265,315,343,347,387,442,481,487,508,511,550,563,626,678,699,702,727,859,887,964,968,1001,1015,1018
0020_00053	15,36,105,119,131,134,153,207,211,219,220,240,245,253,262,323,324,326,367,390,394,399,400,403,405,411,423,467,489,506,508,515,522,524,532,538,576,582,585,596,607,615,616,626,647,658,662,668,691,701,710,746,771,775,841,919,934,948,968,1003,1006,1018,1024
0020_00054	12,17,18,20,49,73,85,89,93,101,121,134,141,153,178,197,200,216,220,270,281,282,300,302,311,326,339,347,351,353,387,442,461,493,508,515,530,533,550,557,562,563,580,602,614,620,626,640,676,689,705,719,727,728,733,743,765,786,805,850,936,947,951,954,968,970,974,1020
0020_00055	19,20,91,93,94,107,134,141,153,207,226,262,270,281,353,369,381,476,481,482,508,515,528,550,601,604,626,640,727,776,789,808,968,977,989
0020_00057	57,67,76,77,89,109,132,134,137,139,145,153,159,168,173,177,197,209,212,245,266,304,315,317,319,347,351,387,401,405,422,436,442,461,479,486,508,524,544,555,582,588,614,626,631,662,692,699,704,719,743,763,783,787,804,836,866,874,936,954,968,974,980,997
0020_00058	64,67,85,89,120,129,132,134,139,145,153,159,163,168,197,209,212,245,304,309,311,319,326,337,351,387,390,401,405,422,442,461,481,486,506,508,524,582,615,626,631,662,669,710,719,722,743,783,792,860,868,887,889,936,968,974,1004
0020_00059	67,77,85,89,132,134,137,139,145,153,159,168,197,209,212,245,304,311,315,317,319,326,351,387,390,401,405,422,436,442,461,479,486,508,524,544,582,614,626,631,662,699,704,710,719,743,783,787,804,836,866,936,968,974
0020_00064	19,56,65,85,89,134,139,153,155,159,172,197,212,311,319,326,351,387,390,401,405,422,436,442,461,481,486,524,525,558,566,580,625,626,629,653,678,690,710,719,728,743,755,783,887,935,936,960,968,974,975,990
0020_00066	13,15,44,58,73,85,89,90,123,128,129,134,153,180,187,200,216,220,241,245,247,260,264,290,300,311,316,320,322,324,326,334,337,347,351,353,418,423,442,445,446,456,461,467,483,486,493,504,508,515,534,540,550,562,590,597,602,620,626,640,661,676,683,691,711,719,720,733,743,747,787,793,796,798,801,817,822,827,864,927,936,947,948,962,968,974,980
0020_00069	5,20,40,57,94,107,141,146,207,228,347,350,365,481,508,571,588,594,614,626,692,727,802,860,920,948,954
0020_00071	20,94,107,141,153,188,207,231,343,363,418,481,508,559,626,665,702,727,836,881,915,948,992,1015
0020_00072	20,94,107,141,153,186,207,387,481,508,533,626,727,776,789,1000,1006
0020_00073	15,16,58,78,89,96,97,98,104,111,134,145,155,175,178,183,199,207,237,253,258,295,298,316,326,360,383,390,405,435,464,475,484,487,494,524,543,550,580,585,616,626,655,677,725,758,772,814,828,850,881,895,906,923,924,930,936,939,946,964,968,972,978,983,1012
0020_00081	20,62,94,107,131,141,153,207,217,231,476,481,508,613,626,727,776,789,948,994
0020_00082	20,94,107,141,153,207,217,231,418,480,481,508,530,545,626,727,752,771,776,778,787,789,857,884,976
0020_00083	20,94,107,141,153,207,254,295,326,346,481,490,508,565,626,727,802,815,948,994
0020_00085	20,94,107,141,144,176,184,207,475,481,508,526,603,626,727,948,977
0020_00086	15,20,32,69,89,94,199,411,437,438,508,587,626,662,676,677,727,776,818,936,964
0020_00089	20,62,94,107,141,153,206,207,217,231,481,508,529,545,626,727,771,776,778,789,826,948,994,1017
0020_00090	20,62,94,107,141,153,207,231,343,476,481,508,626,702,727,836,921,948,986,994
0020_00092	20,77,94,107,141,153,207,217,231,235,436,481,508,545,626,688,727,771,776,778,789,877,913
0020_00100	20,33,35,43,85,89,153,187,229,263,282,311,326,349,442,461,474,492,508,516,626,647,651,687,719,727,743,762,790,822,936,948,960,974
0020_00102	19,20,62,94,96,107,134,141,145,153,207,230,270,421,449,481,482,487,508,528,550,558,588,626,727,747,776,789,968,989
0020_00103	15,31,85,89,127,134,139,153,185,220,245,283,301,303,311,314,326,340,379,413,430,442,461,477,506,508,524,533,569,575,582,626,638,649,662,671,675,742,806,814,824,874,918,936,948,964,968,974,980
0020_00105	15,57,89,109,127,128,134,139,153,173,185,220,245,266,283,301,303,314,340,347,379,413,442,461,477,506,508,524,533,555,569,575,582,588,626,638,649,662,671,675,687,692,743,763,806,814,816,824,874,918,932,936,948,954,964,968,974,980
0020_00107	15,31,50,64,67,70,85,89,120,127,129,131,132,134,139,153,163,168,245,283,309,311,314,319,326,337,405,413,422,430,442,461,481,486,506,508,524,582,615,626,631,662,669,742,783,791,792,814,824,853,860,868,887,889,936,964,968,974,980
0020_00109	19,20,44,56,57,65,71,72,75,89,123,134,138,139,153,155,159,172,173,177,197,210,212,233,235,257,267,269,276,297,300,319,341,347,351,359,364,387,401,405,406,422,432,436,442,443,445,459,461,481,486,487,492,508,524,525,528,550,555,558,566,580,612,625,626,627,629,653,669,678,690,692,710,719,721,727,728,745,755,763,783,795,810,823,843,846,860,871,874,877,881,887,897,898,899,918,935,936,954,960,965,968,974,975,980,990,997,1005
0020_00110	15,31,35,85,89,127,134,139,153,245,283,311,314,326,346,405,413,430,442,452,460,461,465,481,508,523,524,560,596,615,626,657,716,742,765,814,824,833,887,894,924,928,936,952,964,968,974,980
0020_00111	85,89,134,139,153,159,197,212,245,274,311,326,351,387,390,401,405,442,452,460,461,465,481,508,523,524,560,596,615,626,631,657,681,710,716,719,743,765,807,833,887,928,936,952,968,974
0020_00112	15,19,31,56,65,85,89,127,134,139,153,172,283,311,314,319,326,405,413,422,430,436,442,461,480,481,486,524,525,558,566,580,625,626,629,678,690,717,728,742,755,781,783,794,814,824,887,936,960,964,968,974,975,980,1021
0020_00113	3,15,17,40,73,89,129,134,182,214,226,228,231,259,288,337,353,369,371,381,394,413,415,444,461,476,494,503,511,515,534,540,550,552,564,588,594,626,640,676,750,759,888,904,936,947,951,968,1019
0020_00114	11,20,65,85,89,94,107,153,200,207,229,260,262,300,311,323,326,327,340,347,375,390,412,442,461,470,493,497,508,518,538,562,576,626,701,703,716,719,727,743,780,790,802,842,936,960,974,978
0020_00115	7,27,70,85,89,153,200,202,216,229,260,292,297,300,311,323,326,347,442,454,461,467,493,554,557,562,590,621,626,703,711,719,743,835,889,935,936,956,974,986
0020_00116	20,70,85,89,140,153,263,297,311,326,351,442,457,461,474,492,508,510,516,527,548,626,627,643,717,719,727,743,762,790,900,936,948,960,974
