id	bits.on
0036_00001	53,54,57,72,82,89,90,91,98,109,113,123,125,126,127,131,132,137,139,140,143,144,145,146,147,150,152,153,154,155,157,159,162,163,164,165
0036_00002	53,54,57,62,72,89,98,105,113,120,123,125,126,127,131,137,139,140,143,144,145,146,150,152,154,157,159,160,162,163,164,165
0036_00003	57,62,89,98,105,113,125,127,131,137,139,140,143,144,145,146,150,152,154,157,159,162,163,164,165
0036_00004	53,54,57,62,72,89,98,105,113,125,127,131,137,139,140,143,144,145,146,150,152,154,157,159,162,163,164,165
0036_00005	53,57,62,89,98,105,113,125,127,131,137,139,140,143,145,146,152,154,157,159,162,163,164,165
0036_00006	53,57,62,89,98,105,113,125,127,131,137,139,140,143,145,146,152,154,157,159,162,163,164,165
0036_00007	53,54,72,89,113,123,127,131,139,140,143,144,146,150,152,154,157,159,162,163,164,165
0036_00008	54,72,113,123,127,131,139,140,143,144,146,150,152,154,157,159,162,163,164,165
0036_00009	53,54,72,89,113,123,127,131,139,140,143,144,146,150,152,154,157,159,162,163,164,165
0036_00010	113,123,127,131,139,143,146,152,154,157,159,162,163,164,165
0036_00011	53,89,113,123,127,131,139,140,143,144,146,150,152,154,157,159,162,163,164,165
0036_00012	72,93,113,123,126,127,131,139,140,143,144,146,150,152,154,157,159,160,162,163,164,165
0036_00013	53,54,66,72,89,90,91,99,104,112,113,123,126,127,131,132,136,139,140,143,144,145,146,150,152,154,157,159,162,163,164,165
0036_00014	54,72,99,113,123,127,131,139,140,143,144,146,150,152,154,157,159,162,163,164,165
0036_00015	53,54,66,72,89,90,91,99,104,112,113,123,126,127,131,132,136,139,140,143,144,145,146,150,152,154,157,159,162,163,164,165
0036_00016	72,89,93,113,123,126,127,131,139,140,143,144,146,149,150,152,154,157,159,160,162,163,164,165
0036_00017	49,53,54,57,62,72,82,89,90,91,98,105,109,113,120,123,125,126,127,131,132,137,138,139,140,143,144,145,146,150,152,153,155,157,159,162,163,164,165
0036_00018	53,54,57,62,72,89,90,98,104,105,113,125,127,131,132,137,139,140,143,144,145,146,150,152,157,159,162,163,164,165
0036_00019	53,54,57,62,72,89,90,98,105,113,123,125,126,127,131,132,137,139,140,143,144,145,146,150,152,154,157,159,162,163,164,165
0036_00020	49,53,54,57,62,72,82,89,90,91,98,105,109,113,120,123,125,126,127,131,132,137,139,140,143,144,145,146,150,152,153,155,157,159,162,163,164,165
0036_00021	49,53,54,57,62,72,82,89,90,91,98,105,109,113,120,123,125,126,127,131,132,137,139,140,143,144,145,146,150,152,153,155,157,159,162,163,164,165
0036_00022	99,113,123,127,131,139,143,146,152,154,157,159,162,163,164,165
0036_00023	54,66,72,89,90,91,99,104,112,113,123,125,126,127,131,132,136,139,140,143,144,145,146,150,152,154,157,159,162,163,164,165
0036_00024	49,53,54,57,62,72,82,89,90,91,98,105,109,113,120,123,125,126,127,131,132,137,139,140,143,144,145,146,150,152,153,155,157,159,162,163,164,165
0036_00025	49,53,54,57,62,72,82,89,90,91,98,105,109,113,120,123,125,126,127,131,132,137,139,140,143,144,145,146,150,152,153,155,157,159,162,163,164,165
0036_00026	72,93,99,113,123,126,127,131,139,140,143,144,146,150,152,154,157,159,160,162,163,164,165
0036_00027	49,53,54,57,62,72,82,89,90,91,93,98,105,109,113,120,123,125,126,127,131,132,137,139,140,143,144,145,146,150,152,153,155,157,159,160,162,163,164,165
0036_00028	53,54,57,62,72,89,98,105,113,125,127,131,137,139,140,143,144,145,146,150,152,154,157,159,162,163,164,165
0036_00029	72,89,93,99,113,123,126,127,131,139,140,143,144,146,149,150,152,154,157,159,160,162,163,164,165
0036_00030	49,53,54,57,62,72,82,89,90,91,98,105,109,113,120,123,125,126,127,131,132,137,139,140,143,144,145,146,150,152,153,155,157,159,162,163,164,165
0036_00031	53,54,57,62,72,89,90,91,98,105,109,113,120,123,126,127,131,132,137,139,140,143,144,145,146,150,152,153,154,155,157,159,160,162,163,164,165
0036_00032	54,57,72,89,98,105,113,120,123,125,127,131,136,137,139,140,143,144,145,146,150,152,154,157,159,162,163,164,165
0036_00033	49,53,54,57,62,72,82,89,90,91,93,98,105,109,113,120,123,125,126,127,131,132,137,139,140,143,144,145,146,150,152,153,155,157,159,160,162,163,164,165
0036_00034	53,54,57,62,72,82,89,90,91,93,98,105,109,113,120,123,126,127,131,132,137,139,140,143,144,145,146,149,150,152,153,154,155,157,159,160,162,163,164,165
0036_00035	53,54,57,62,72,89,98,105,113,127,131,137,139,140,143,144,145,146,150,152,154,157,159,162,163,164,165
0036_00036	53,54,57,62,72,89,90,91,98,105,109,113,120,123,125,126,127,131,132,137,139,140,143,144,145,146,150,152,153,154,155,157,159,160,162,163,164,165
0036_00037	53,54,57,62,72,82,89,90,91,98,105,109,113,120,123,125,126,127,131,132,137,139,140,143,144,145,146,150,152,153,154,155,157,159,162,163,164,165
0036_00038	99,113,123,127,131,139,143,144,146,150,152,154,157,159,162,163,164,165
0036_00039	53,54,57,62,72,82,89,90,91,93,98,105,109,113,120,123,126,127,131,132,137,139,140,143,144,145,146,149,150,152,153,154,155,157,159,160,162,163,164,165
0036_00040	53,54,57,62,72,82,89,90,91,98,105,109,113,120,123,125,126,127,131,132,137,139,140,143,144,145,146,150,152,153,154,155,157,159,162,163,164,165
0036_00041	53,54,57,62,72,89,98,105,113,120,123,125,126,127,131,136,137,139,140,143,144,145,146,150,152,154,157,159,162,163,164,165
0036_00042	49,53,54,57,62,72,89,98,105,113,125,127,131,137,139,140,143,144,145,146,150,152,157,159,162,163,164,165
0036_00043	53,54,57,62,72,89,90,91,93,98,105,109,113,120,123,125,126,127,131,132,137,139,140,143,144,145,146,149,150,152,153,154,155,157,159,160,162,163,164,165
0036_00044	53,54,57,62,72,89,98,105,113,125,127,131,137,139,140,143,144,145,146,150,152,154,157,159,162,163,164,165
0036_00045	54,57,62,72,89,98,105,113,125,127,131,137,139,140,143,144,145,146,150,152,154,157,159,162,163,164,165
0036_00046	54,72,90,91,99,113,123,125,126,127,131,132,136,139,140,143,144,145,146,150,152,154,155,157,159,162,163,164,165
0036_00047	53,89,99,113,125,127,131,139,143,145,146,152,157,159,162,163,164,165
0036_00048	49,53,57,62,72,89,98,105,113,125,127,131,137,139,140,143,144,145,146,150,152,157,159,162,163,164,165
0036_00049	99,123,139,154,157,159,162,163,164,165
0036_00050	49,53,57,62,72,89,93,98,105,113,125,126,127,131,137,139,140,143,144,145,146,149,150,152,157,159,160,162,163,164,165
0036_00051	53,57,62,72,89,98,105,113,125,127,131,137,139,140,143,144,145,146,150,152,154,157,159,162,163,164,165
