id	bits.on
0036_00001	10,11,12,13,19,20,21,22,179,180,182,186,187,193,256,258,284,285,287,309,333,334,340,342,345,347,348,353,356,357,367,368,371,372,381,382,383,385,406,407,417,421,431,433,435,442,444,447,471,477,491,494,499,517,521,525,536,542,543,549,553,554,557,564,565,566,568,571,572,574,575,576,579,580,582,583,585,590,591,595,596,598,600,604,605,607,609,611,615,618,619,620,621,624,626,627,633,635,638,640,641,642,643,652,654,656,661,662,663,664,665,667,668,669,672,678,679,680,681,682,685,689,690,691,693,694,697,698,699,701,702,705,706,709,710,711,715,741,757,778,804,820
0036_00002	10,11,12,13,19,20,21,22,179,180,182,186,187,189,193,200,256,257,258,260,284,285,287,309,333,334,340,342,345,347,348,353,356,357,367,368,371,372,375,381,382,383,385,386,406,407,410,417,421,431,433,435,442,444,447,463,471,477,491,494,499,517,521,525,536,538,542,543,545,549,553,554,557,564,565,566,568,571,572,574,575,576,579,580,582,583,585,589,590,591,595,596,598,600,604,605,606,607,609,611,615,618,619,620,621,624,626,627,631,632,633,635,638,640,641,642,643,652,654,656,661,662,663,664,665,667,668,669,672,673,678,679,680,681,682,685,687,689,690,691,693,694,697,698,699,700,701,702,705,706,709,710,711,715,736,741,757,762,778,799,804,820,825
0036_00003	10,11,12,19,20,21,179,180,182,186,187,193,256,257,258,260,284,285,287,309,333,334,342,345,347,353,356,357,367,371,372,382,383,385,386,406,407,410,417,421,431,433,435,437,442,444,447,449,471,477,491,494,499,517,521,525,536,542,543,549,553,554,557,565,566,571,574,575,576,579,580,582,583,585,589,590,591,595,596,598,600,604,605,607,609,615,618,619,620,621,624,626,627,633,635,638,640,641,642,643,652,654,656,661,665,667,668,669,672,673,678,679,680,681,685,689,690,691,693,694,697,698,699,700,701,702,705,706,709,710,711,713,715,741,757,778,804,820
0036_00004	10,11,12,19,20,21,179,180,182,186,187,193,256,257,258,260,284,285,287,309,333,334,342,345,353,356,357,371,372,382,383,385,386,406,407,410,417,421,431,433,435,442,444,447,463,471,477,491,494,499,517,521,525,536,538,542,543,545,549,553,554,557,565,566,568,571,574,575,576,579,580,582,583,585,589,590,591,595,596,598,600,604,605,607,609,615,618,619,620,621,624,626,627,631,632,633,635,638,640,641,642,643,652,654,656,661,663,664,665,667,668,669,672,673,678,679,680,681,682,685,687,689,690,691,693,694,697,698,699,700,701,702,705,706,709,710,711,715,736,741,757,762,778,799,804,820,825
0036_00005	10,11,12,19,20,21,179,180,182,186,187,193,256,257,258,260,284,285,287,309,333,334,342,345,353,356,357,371,372,382,383,385,386,406,407,410,417,421,431,433,435,442,444,447,471,477,491,494,499,517,521,525,536,542,543,549,553,554,557,565,566,571,574,575,576,579,580,582,583,585,589,590,591,595,596,598,600,604,605,607,609,615,618,619,620,621,624,626,627,633,635,638,640,641,642,643,652,654,656,661,665,667,668,669,672,673,678,679,680,681,685,689,690,691,693,694,697,698,699,701,702,705,706,709,710,711,715,741,757,778,804,820
0036_00006	10,11,12,19,20,21,179,180,182,186,187,193,256,257,258,260,284,285,287,309,333,334,342,345,353,356,357,371,372,382,383,385,386,406,407,410,417,421,431,433,435,442,444,447,471,477,491,494,499,517,521,525,536,542,543,549,553,554,557,565,566,571,574,575,576,579,580,582,583,585,589,590,591,595,596,598,600,604,605,607,609,615,618,619,620,621,624,626,627,633,635,638,640,641,642,643,652,654,656,661,665,667,668,669,672,673,678,679,680,681,685,689,690,691,693,694,697,698,699,701,702,705,706,709,710,711,715,741,757,778,804,820
0036_00007	10,11,19,20,21,179,180,256,284,285,287,309,333,334,342,345,353,356,357,371,372,381,382,383,385,407,417,421,431,435,441,442,444,447,453,471,491,494,499,521,525,536,542,543,545,549,553,554,557,565,568,571,574,575,576,579,580,583,585,591,596,598,600,604,607,609,618,619,620,624,632,635,638,640,641,642,652,654,656,661,664,665,668,669,672,673,678,679,680,681,682,685,687,689,690,691,693,694,699,700,702,705,706,709,710,711,715,736,741,762,778,799,804,825
0036_00008	10,11,19,20,21,179,180,256,284,285,287,309,333,334,342,345,353,356,357,371,372,381,382,383,385,407,417,421,431,435,441,442,444,447,453,471,491,494,499,517,521,525,536,542,543,545,549,553,554,557,565,568,571,574,575,579,580,583,585,591,596,598,600,604,607,609,618,619,620,624,632,635,638,641,642,652,656,661,664,665,668,669,672,673,678,679,680,681,682,685,687,689,690,691,693,694,699,700,702,705,706,709,710,711,715,736,762,778,799,825
0036_00009	10,11,19,20,21,179,180,256,284,285,287,309,333,334,342,345,353,356,357,371,372,381,382,383,385,407,417,421,431,435,441,442,444,447,453,471,491,494,499,517,521,525,536,542,543,545,549,553,554,557,565,568,571,574,575,576,579,580,582,583,585,591,596,598,604,607,609,618,619,620,624,626,632,635,638,640,641,642,643,652,654,656,661,664,665,668,669,672,673,678,679,680,681,682,685,687,689,690,691,693,694,699,700,702,705,706,709,710,711,715,736,741,757,762,778,799,804,820,825
0036_00010	10,11,19,20,179,180,256,284,285,287,309,333,334,342,345,353,356,357,371,372,381,382,383,385,407,417,421,431,435,441,442,444,447,453,471,491,494,499,517,521,525,536,542,543,549,553,554,557,565,571,574,575,579,580,583,585,591,596,598,600,604,607,609,618,619,620,624,635,638,641,642,652,656,661,665,668,669,672,673,678,679,680,681,685,689,690,691,693,694,699,702,705,706,709,710,711,715,778
0036_00011	10,11,19,20,21,179,180,256,284,285,287,309,333,334,342,345,353,356,357,371,372,381,382,383,385,407,417,421,431,435,441,442,444,447,453,471,491,494,499,517,521,525,536,542,543,549,553,554,557,565,571,574,575,576,579,580,582,583,585,591,596,598,600,604,607,609,618,619,620,624,626,635,638,640,641,642,643,652,656,661,665,668,669,672,673,678,679,680,681,682,685,687,689,690,693,699,700,705,709,710,711,720,736,757,783,799,820
0036_00012	10,11,12,19,20,21,179,180,256,284,285,287,309,333,334,342,345,353,356,357,367,371,372,375,381,382,383,385,406,407,417,421,431,435,441,442,444,447,453,471,477,491,494,499,517,521,525,536,542,543,545,549,553,554,557,565,566,568,571,574,575,579,580,583,585,590,591,595,596,598,600,604,605,607,609,618,619,620,624,627,631,632,635,638,641,642,652,656,661,663,664,665,667,668,669,672,673,678,679,680,681,682,685,687,689,690,691,693,694,699,700,702,705,706,709,710,711,715,736,762,778,799,825
0036_00013	10,11,12,13,19,20,21,22,179,180,186,187,256,284,285,287,309,333,334,338,340,342,345,347,353,356,357,367,371,372,381,382,383,385,406,407,417,421,431,435,441,442,444,447,453,463,471,491,499,517,521,525,536,538,542,543,545,549,553,554,557,565,568,571,572,574,575,579,580,583,585,591,595,596,600,604,607,609,615,618,619,620,632,635,638,640,641,642,652,656,661,663,664,665,667,668,669,672,673,678,679,680,681,682,685,687,689,690,691,693,694,699,700,701,702,705,706,709,710,711,715,736,762,778,783,799,804,825
0036_00014	10,11,12,19,20,21,179,180,256,284,285,287,309,333,334,342,345,353,356,357,371,372,381,382,383,385,407,417,421,431,435,441,442,444,447,453,471,491,499,517,521,525,542,543,545,549,553,554,557,565,568,571,574,575,579,583,585,591,596,600,604,607,609,618,619,620,632,635,638,641,642,652,656,661,664,665,668,669,672,673,678,679,680,681,689,690,700,709,710,711,715,736,762,778,799,825
0036_00015	10,11,12,13,19,20,21,22,179,180,186,187,256,284,285,287,309,333,334,338,340,342,345,347,353,356,357,367,371,372,381,382,383,385,406,407,417,421,431,435,441,442,444,447,453,463,471,491,499,517,521,525,536,538,542,543,545,549,553,554,557,565,568,571,572,574,575,579,580,583,585,591,595,596,600,604,607,609,615,618,619,620,632,635,638,640,641,642,652,656,661,663,664,665,667,668,669,672,673,678,679,680,681,682,685,687,689,690,691,693,694,699,700,701,702,705,706,709,710,711,715,736,762,778,783,799,804,825
0036_00016	10,11,12,19,20,21,179,180,256,284,285,287,309,333,334,342,345,353,356,357,367,371,372,375,381,382,383,385,406,407,417,421,431,435,441,442,444,447,453,471,477,491,494,499,521,525,536,542,543,545,549,553,554,557,565,566,568,571,574,575,576,579,580,583,585,590,591,595,596,598,600,604,605,607,609,618,619,620,624,627,631,632,635,638,640,641,642,652,654,656,661,663,664,665,667,668,669,672,673,678,679,680,681,682,685,687,689,690,691,693,694,699,700,701,702,705,706,709,710,711,715,736,741,762,778,799,804,825
0036_00017	10,11,12,13,19,20,21,22,23,179,180,182,186,187,189,193,196,200,207,256,257,258,260,284,285,287,309,333,334,340,342,345,347,348,353,356,357,367,368,371,372,381,382,383,385,386,406,407,410,417,421,431,433,435,442,444,447,463,471,477,491,494,499,517,521,525,536,538,542,543,545,549,553,554,557,564,565,566,568,571,572,574,575,576,579,580,582,583,585,590,591,595,596,598,600,604,605,606,607,609,611,615,618,619,620,621,624,626,627,631,632,633,635,638,640,641,642,643,652,654,656,661,662,663,664,665,667,668,669,672,673,678,679,680,681,682,685,687,689,690,691,693,694,697,698,699,700,701,702,705,706,709,710,711,715,736,741,757,762,778,799,804,820,825
0036_00018	10,11,12,19,20,21,179,180,185,186,187,193,256,258,284,285,287,309,333,334,340,342,345,347,353,356,357,367,371,372,382,383,385,406,407,417,431,435,442,447,471,477,491,499,517,521,525,542,543,545,549,553,557,565,566,568,571,572,574,575,576,579,583,585,590,591,595,596,600,604,605,607,609,615,618,619,620,621,627,632,633,635,638,640,641,642,652,654,656,661,663,664,665,667,668,669,678,679,680,681,682,689,690,691,697,698,699,700,701,702,709,710,711,715,736,741,757,762,778,799,804,820,825
0036_00019	10,11,12,13,19,20,21,22,179,180,185,186,187,193,194,200,256,258,260,284,285,287,309,333,334,340,342,345,347,353,356,357,367,371,372,381,382,383,385,406,407,417,421,431,435,441,442,444,447,453,471,477,491,494,499,521,525,536,542,543,545,549,553,554,557,565,566,568,571,574,575,576,579,580,583,585,590,591,595,596,598,600,604,605,607,609,615,618,619,620,621,624,627,632,633,635,638,640,641,642,652,654,656,661,663,664,665,667,668,669,672,673,678,679,680,681,682,685,687,689,690,691,693,694,697,698,699,700,701,702,705,706,709,710,711,715,736,741,757,762,778,799,804,820,825
0036_00020	10,11,12,13,19,20,21,22,179,180,182,186,187,189,193,200,256,257,258,260,284,285,287,309,333,334,340,342,345,347,348,353,356,357,367,368,371,372,381,382,383,385,386,406,407,410,417,421,431,433,435,442,444,447,463,471,477,491,494,499,521,525,536,538,542,543,545,549,553,554,557,564,565,566,568,571,572,574,575,576,579,580,582,583,585,590,591,595,596,598,600,604,605,606,607,609,611,615,618,619,620,621,624,626,627,631,632,633,635,638,640,641,642,643,652,654,656,661,662,663,664,665,667,668,669,672,673,678,679,680,681,682,685,687,689,690,691,693,694,697,698,699,700,701,702,705,706,709,710,711,715,736,741,757,762,778,799,804,820,825
0036_00021	10,11,12,13,19,20,21,22,179,180,182,186,187,189,193,200,256,257,258,260,284,285,287,309,333,334,340,342,345,347,348,353,356,357,367,368,371,372,381,382,383,385,386,406,407,410,417,421,431,433,435,442,444,447,463,471,477,491,494,499,521,525,536,538,542,543,545,549,553,554,557,564,565,566,568,571,572,574,575,576,579,580,582,583,585,590,591,595,596,598,600,604,605,606,607,609,611,615,618,619,620,621,624,626,627,631,632,633,635,638,640,641,642,643,652,654,656,661,662,663,664,665,667,668,669,672,673,678,679,680,681,682,685,687,689,690,691,693,694,697,698,699,700,701,702,705,706,709,710,711,715,736,741,757,762,778,799,804,820,825
0036_00022	10,11,12,19,20,179,180,256,284,285,287,309,333,334,342,345,353,356,357,371,372,381,382,383,385,407,417,421,431,435,441,442,444,447,453,471,491,499,517,521,525,542,543,549,553,554,557,565,571,574,575,579,583,585,591,596,600,604,607,609,618,619,620,635,638,641,642,652,656,661,665,668,669,672,673,678,679,680,681,689,690,709,710,711,715,778
0036_00023	10,11,12,13,19,20,21,22,179,180,186,187,193,194,256,258,284,285,287,309,333,334,338,340,342,345,347,353,356,357,367,371,372,381,382,383,385,406,407,417,421,431,435,441,442,444,447,453,463,471,491,499,517,521,525,536,538,542,543,545,549,553,554,557,565,568,571,572,574,575,579,580,583,585,591,595,596,600,604,606,607,609,615,618,619,620,632,635,638,640,641,642,652,656,661,663,664,665,667,668,669,672,673,678,679,680,681,682,685,687,689,690,691,693,694,699,700,701,702,705,706,709,710,711,715,736,762,778,783,799,804,825
0036_00024	10,11,12,13,19,20,21,22,179,180,182,186,187,189,193,200,256,257,258,260,284,285,287,309,333,334,340,342,345,347,348,353,356,357,367,368,371,372,381,382,383,385,386,406,407,410,417,421,431,433,435,442,444,447,463,471,477,491,494,499,517,521,525,536,538,542,543,545,549,553,554,557,564,565,566,568,571,572,574,575,576,579,580,582,583,585,590,591,595,596,598,600,604,605,606,607,609,611,615,618,619,620,621,624,626,627,631,632,633,635,638,640,641,642,643,652,654,656,661,662,663,664,665,667,668,669,672,673,678,679,680,681,682,685,687,689,690,691,693,694,697,698,699,700,701,702,705,706,709,710,711,715,736,741,757,762,778,799,804,820,825
0036_00025	10,11,12,13,19,20,21,22,179,180,182,186,187,189,193,200,256,257,258,260,284,285,287,309,333,334,340,342,345,347,348,353,356,357,367,368,371,372,381,382,383,385,386,406,407,410,417,421,431,433,435,442,444,447,463,471,477,491,494,499,517,521,525,536,538,542,543,545,549,553,554,557,564,565,566,568,571,572,574,575,576,579,580,582,583,585,590,591,595,596,598,600,604,605,606,607,609,611,615,618,619,620,621,624,626,627,631,632,633,635,638,640,641,642,643,652,654,656,661,662,663,664,665,667,668,669,672,673,678,679,680,681,682,685,687,689,690,691,693,694,697,698,699,700,701,702,705,706,709,710,711,715,736,741,757,762,778,799,804,820,825
0036_00026	10,11,12,19,20,21,179,180,256,284,285,287,309,333,334,342,345,353,356,357,367,371,372,375,381,382,383,385,406,407,417,421,431,435,441,442,444,447,453,471,477,491,499,517,521,525,542,543,545,549,553,554,557,565,566,568,571,574,575,579,583,585,590,591,595,596,600,604,605,607,609,618,619,620,627,631,632,635,638,641,642,652,656,661,663,664,665,667,668,669,672,673,678,679,680,681,689,690,700,709,710,711,715,736,762,778,799,825
0036_00027	10,11,12,13,19,20,21,22,179,180,182,186,187,189,193,200,256,257,258,260,284,285,287,309,333,334,340,342,345,347,348,353,356,357,367,368,371,372,375,381,382,383,385,386,406,407,410,417,421,431,433,435,442,444,447,463,471,477,491,494,499,521,525,536,538,542,543,545,549,553,554,557,564,565,566,568,571,572,574,575,576,579,580,582,583,585,590,591,595,596,598,600,604,605,606,607,609,611,615,618,619,620,621,624,626,627,631,632,633,635,638,640,641,642,643,652,654,656,661,662,663,664,665,667,668,669,672,673,678,679,680,681,682,685,687,689,690,691,693,694,697,698,699,700,701,702,705,706,709,710,711,715,736,741,757,762,778,799,804,820,825
0036_00028	10,11,12,19,20,21,179,180,185,186,187,193,256,258,284,285,287,309,333,334,340,342,345,347,353,356,357,367,371,372,382,383,385,406,407,417,421,431,433,435,442,444,447,463,471,477,491,494,499,517,521,525,536,538,542,543,545,549,553,554,557,565,566,568,571,572,574,575,576,579,580,582,583,585,590,591,595,596,598,600,604,605,607,609,615,618,619,620,621,624,626,627,632,633,635,638,640,641,642,643,652,654,656,661,663,664,665,667,668,669,672,678,679,680,681,682,685,689,690,691,693,694,697,698,699,700,701,702,705,706,709,710,711,715,736,741,757,762,778,799,804,820,825
0036_00029	10,11,12,19,20,21,179,180,256,284,285,287,309,333,334,342,345,353,356,357,367,371,372,375,381,382,383,385,406,407,417,421,431,435,441,442,444,447,453,471,477,491,499,517,521,525,542,543,545,549,553,554,557,565,566,568,571,574,575,576,579,583,585,590,591,595,596,600,604,605,607,609,618,619,620,627,631,632,635,638,640,641,642,652,654,656,661,663,664,665,667,668,669,672,673,678,679,680,681,689,690,691,700,701,702,709,710,711,715,736,741,762,778,799,804,825
0036_00030	10,11,12,13,19,20,21,22,179,180,182,186,187,189,193,200,256,257,258,260,284,285,287,309,333,334,340,342,345,347,348,353,356,357,367,368,371,372,381,382,383,385,386,406,407,410,417,421,431,433,435,442,444,447,463,471,477,491,494,499,517,521,525,536,538,542,543,545,549,553,554,557,564,565,566,568,571,572,574,575,576,579,580,582,583,585,590,591,595,596,598,600,604,605,606,607,609,611,615,618,619,620,621,624,626,627,631,633,635,638,640,641,642,643,652,654,656,661,662,663,664,665,667,668,669,672,673,678,679,680,681,682,685,687,689,690,691,693,694,697,698,699,701,702,705,706,709,710,711,715,741,757,778,804,820
0036_00031	10,11,12,13,19,20,21,22,179,180,182,183,185,186,189,193,200,207,256,284,285,287,309,333,334,340,342,345,347,348,353,356,357,367,368,371,372,375,381,382,383,385,406,407,410,417,421,431,433,435,442,444,447,463,471,477,491,494,499,517,521,525,536,538,542,543,545,549,553,554,557,564,565,566,568,571,572,574,575,576,579,580,582,583,585,589,590,591,595,596,598,600,604,605,606,607,609,611,615,618,619,620,621,624,626,627,631,633,635,638,640,641,642,643,652,656,661,662,663,664,665,667,668,669,672,673,678,679,680,681,682,685,687,689,690,691,693,694,695,697,698,699,701,702,705,706,707,709,710,711,715,741,757,778,804,820
0036_00032	10,11,12,19,20,21,22,179,180,182,186,187,189,193,200,256,257,258,259,260,262,284,285,287,309,333,334,342,345,353,356,357,371,372,381,382,383,385,386,406,407,410,417,421,431,433,435,441,442,444,447,453,463,471,477,491,494,499,521,525,536,538,542,543,545,549,553,554,557,565,566,568,571,574,575,576,579,580,582,583,585,590,591,595,596,598,604,605,607,609,615,618,619,620,621,623,624,626,627,631,632,633,635,638,640,641,642,643,652,654,656,661,663,664,665,667,668,669,672,673,678,679,680,681,682,685,687,688,689,690,691,693,694,695,697,698,699,700,701,702,705,706,707,709,710,711,713,715,736,741,756,757,762,778,799,804,819,820,825
0036_00033	10,11,12,13,19,20,21,22,179,180,182,186,187,189,193,200,256,257,258,260,284,285,287,309,333,334,340,342,345,347,348,353,356,357,367,368,371,372,375,381,382,383,385,386,406,407,410,417,421,431,433,435,442,444,447,463,471,477,491,494,499,517,521,525,536,538,542,543,545,549,553,554,557,564,565,566,568,571,572,574,575,576,579,580,582,583,585,590,591,595,596,598,600,604,605,606,607,609,611,615,618,619,620,621,624,626,627,631,632,633,635,638,640,641,642,643,652,654,656,661,662,663,664,665,667,668,669,672,673,678,679,680,681,682,685,687,689,690,691,693,694,697,698,699,700,701,702,705,706,709,710,711,715,736,741,757,762,778,799,804,820,825
0036_00034	10,11,12,13,19,20,21,22,179,180,182,183,185,186,193,200,256,284,285,287,309,333,334,340,342,345,347,348,353,356,357,367,368,371,372,375,381,382,383,385,406,407,410,417,421,431,433,435,442,444,447,463,471,477,491,494,499,521,525,536,538,542,543,545,549,553,554,557,564,565,566,568,571,572,574,575,576,579,580,582,583,585,589,590,591,595,596,598,600,604,605,606,607,609,611,615,618,619,620,621,624,626,627,631,632,633,635,638,640,641,642,643,652,654,656,661,662,663,664,665,667,668,669,672,673,678,679,680,681,682,685,687,689,690,691,693,694,695,697,698,699,700,701,702,705,706,707,709,710,711,715,736,741,757,762,778,799,804,820,825
0036_00035	10,11,12,19,20,21,179,180,183,185,186,193,256,284,285,287,309,333,334,342,345,353,356,357,371,372,382,383,385,406,407,410,417,421,431,433,435,442,444,447,463,471,477,491,494,499,521,525,536,538,542,543,545,549,553,554,557,565,566,568,571,574,575,576,579,580,582,583,585,589,590,591,595,596,598,600,604,605,607,609,615,618,619,620,621,624,626,627,631,632,633,635,638,640,641,642,643,652,654,656,661,663,664,665,667,668,669,672,673,678,679,680,681,682,685,687,689,690,691,693,694,695,697,698,699,700,701,702,705,706,707,709,710,711,715,736,741,757,762,778,799,804,820,825
0036_00036	10,11,12,13,19,20,21,22,23,179,180,182,186,187,189,193,196,200,207,256,257,258,260,284,285,287,309,333,334,340,342,345,347,348,353,356,357,367,368,371,372,375,381,382,383,385,386,406,407,410,417,421,431,433,435,442,444,447,463,471,477,491,494,499,517,521,525,536,538,542,543,545,549,553,554,557,564,565,566,568,571,572,574,575,576,579,580,582,583,585,589,590,591,595,596,598,600,604,605,606,607,609,611,615,618,619,620,621,624,626,627,631,632,633,635,638,640,641,642,643,652,654,656,661,662,663,664,665,667,668,669,672,673,678,679,680,681,682,685,687,689,690,691,693,694,697,698,699,700,701,702,705,706,709,710,711,715,736,741,757,762,778,799,804,820,825
0036_00037	10,11,12,13,19,20,21,22,179,180,182,186,187,189,193,200,256,257,258,260,284,285,287,309,333,334,340,342,345,347,348,353,356,357,367,368,371,372,381,382,383,385,386,406,407,410,417,421,431,433,435,442,444,447,463,471,477,491,494,499,517,521,525,536,538,542,543,545,549,553,554,557,564,565,566,568,571,572,574,575,576,579,580,582,583,585,589,590,591,595,596,598,600,604,605,606,607,609,611,615,618,619,620,621,624,626,627,631,632,633,635,638,640,641,642,643,652,654,656,661,662,663,664,665,667,668,669,672,673,678,679,680,681,682,685,687,689,690,691,693,694,697,698,699,700,701,702,705,706,709,710,711,715,736,741,757,762,778,799,804,820,825
0036_00038	10,11,12,19,20,179,180,256,284,285,287,309,333,334,342,345,353,356,357,371,372,381,382,383,385,407,417,421,431,435,441,442,444,447,453,471,491,499,517,521,525,542,543,549,553,554,557,565,571,574,575,579,583,585,591,596,600,604,607,609,618,619,620,635,638,641,642,652,656,661,665,668,669,672,673,678,679,680,681,689,690,699,709,710,711,757,820
0036_00039	10,11,12,13,19,20,21,22,179,180,182,183,185,186,193,200,256,284,285,287,309,333,334,340,342,345,347,348,353,356,357,367,368,371,372,375,381,382,383,385,406,407,410,417,421,431,433,435,442,444,447,463,471,477,491,494,499,521,525,536,538,542,543,545,549,553,554,557,564,565,566,568,571,572,574,575,576,579,580,582,583,585,589,590,591,595,596,598,600,604,605,606,607,609,611,615,618,619,620,621,624,626,627,631,632,633,635,638,640,641,642,643,652,654,656,661,662,663,664,665,667,668,669,672,673,678,679,680,681,682,685,687,689,690,691,693,694,695,697,698,699,700,701,702,705,706,707,709,710,711,715,736,741,757,762,778,799,804,820,825
0036_00040	10,11,12,13,19,20,21,22,179,180,182,186,187,189,193,200,256,257,258,260,284,285,287,309,333,334,340,342,345,347,348,353,356,357,367,368,371,372,381,382,383,385,386,406,407,410,417,421,431,433,435,442,444,447,463,471,477,491,494,499,517,521,525,536,538,542,543,545,549,553,554,557,564,565,566,568,571,572,574,575,576,579,580,582,583,585,589,590,591,595,596,598,600,604,605,606,607,609,611,615,618,619,620,621,624,626,627,631,632,633,635,638,640,641,642,643,652,654,656,661,662,663,664,665,667,668,669,672,673,678,679,680,681,682,685,687,689,690,691,693,694,697,698,699,700,701,702,705,706,709,710,711,715,736,741,757,762,778,799,804,820,825
0036_00041	10,11,12,13,19,20,21,22,179,180,182,186,187,189,193,200,256,257,258,260,284,285,287,309,333,334,340,342,345,347,348,353,356,357,367,368,371,372,381,382,383,385,386,406,407,410,417,421,431,433,435,441,442,444,447,453,463,471,477,491,494,499,517,521,525,536,538,542,543,545,549,553,554,557,564,565,566,568,571,572,574,575,576,579,580,582,583,585,589,590,591,595,596,598,600,604,605,606,607,609,611,615,618,619,620,621,624,626,627,631,632,633,635,638,640,641,642,643,652,654,656,661,662,663,664,665,667,668,669,672,673,678,679,680,681,682,685,687,689,690,691,693,694,697,698,699,700,701,702,705,706,709,710,711,715,736,741,757,762,778,799,804,820,825
0036_00042	10,11,12,19,20,21,179,180,182,186,187,193,256,257,258,260,284,285,287,309,333,334,342,345,353,356,357,371,372,382,383,385,386,406,407,410,417,421,431,433,435,442,444,447,463,471,477,491,494,499,517,521,525,536,538,542,543,545,549,553,554,557,565,566,568,571,574,575,576,579,580,582,583,585,590,591,595,596,598,600,604,605,607,609,615,618,619,620,621,624,626,627,631,632,633,635,638,640,641,642,643,652,654,656,661,663,664,665,667,668,669,672,673,678,679,680,681,682,685,687,689,690,691,693,694,697,698,699,700,701,702,705,706,709,710,711,715,736,741,757,762,778,799,804,820,825
0036_00043	10,11,12,13,19,20,21,22,179,180,182,185,186,187,189,193,200,207,256,258,284,285,287,309,333,334,340,342,345,347,348,353,356,357,367,368,371,372,375,381,382,383,385,406,407,417,421,431,433,435,442,444,447,471,477,491,494,499,517,521,525,536,542,543,545,549,553,554,557,564,565,566,568,571,572,574,575,576,579,580,582,583,585,590,591,595,596,598,600,604,605,607,609,611,615,618,619,620,621,624,626,627,631,632,633,635,638,640,641,642,643,652,654,656,661,662,663,664,665,667,668,669,672,678,679,680,681,682,685,689,690,691,693,694,697,698,699,700,701,702,705,706,709,710,711,715,736,741,757,762,778,799,804,820,825
0036_00044	10,11,12,19,20,21,22,179,180,182,186,187,193,256,257,258,260,284,285,287,309,333,334,342,345,353,356,357,371,372,382,383,385,386,406,407,410,417,421,431,433,435,442,444,447,463,471,477,491,494,499,521,525,536,538,542,543,545,549,553,554,557,565,566,568,571,574,575,576,579,580,582,583,585,589,590,591,595,596,598,600,604,605,607,609,615,618,619,620,621,624,626,627,631,632,633,635,638,640,641,642,643,652,654,656,661,663,664,665,667,668,669,672,673,678,679,680,681,682,685,687,689,690,691,693,694,697,698,699,700,701,702,705,706,709,710,711,715,736,741,757,762,778,799,804,820,825
0036_00045	10,11,12,19,20,21,179,180,182,186,187,193,256,257,258,260,284,285,287,309,333,334,342,345,353,356,357,371,372,382,383,385,386,406,407,410,417,421,431,433,435,442,444,447,463,471,477,491,494,499,517,521,525,536,538,542,543,545,549,553,554,557,565,566,568,571,574,575,576,579,580,582,583,585,589,590,591,595,596,598,600,604,605,607,609,615,618,619,620,621,624,626,627,631,632,633,635,638,640,641,642,643,652,654,656,661,663,664,665,667,668,669,672,673,678,679,680,681,682,685,687,689,690,691,693,694,697,698,699,700,701,702,705,706,709,710,711,715,736,741,757,762,778,799,804,820,825
0036_00046	10,11,12,13,19,20,21,22,179,180,186,187,256,258,284,285,287,309,333,334,340,342,345,347,353,356,357,367,371,372,381,382,383,385,406,407,417,421,431,435,441,442,444,447,453,463,471,491,499,517,521,525,536,538,542,543,545,549,553,554,557,565,568,571,574,575,579,580,583,585,591,595,596,600,604,606,607,609,615,618,619,620,632,635,638,641,642,652,656,661,663,664,665,667,668,669,672,673,678,679,680,681,685,689,690,691,693,697,699,700,701,702,705,709,710,711,715,736,762,778,799,825
0036_00047	10,11,12,19,20,179,180,186,187,256,258,284,285,287,309,333,334,342,345,353,356,357,371,372,382,383,385,407,417,431,435,442,447,471,491,499,517,521,525,542,543,549,553,557,565,571,574,575,576,579,583,585,591,596,600,604,607,609,618,619,620,635,638,640,641,642,652,654,656,661,665,668,669,678,679,680,681,689,690,691,700,702,709,710,711,715,736,741,778,799,804
0036_00048	10,11,12,19,20,21,179,180,182,186,187,193,256,257,258,260,284,285,287,309,333,334,342,345,353,356,357,371,372,382,383,385,386,406,407,410,417,421,431,433,435,442,444,447,463,471,477,491,494,499,517,521,525,536,538,542,543,545,549,553,554,557,565,566,568,571,574,575,576,579,580,582,583,585,590,591,595,596,598,600,604,605,607,609,615,618,619,620,621,624,626,627,631,632,633,635,638,640,641,642,643,652,654,656,661,663,664,665,667,668,669,672,673,678,679,680,681,682,685,687,689,690,691,693,694,697,698,699,701,702,705,706,709,710,711,715,741,757,778,804,820
0036_00049	10,11,12,19,20,179,180,256,284,285,287,309,333,334,345,353,356,357,371,372,381,385,407,417,421,431,435,441,442,444,447,453,471,491,517,521,525,553,554,557,565,571,574,579,583,585,596,600,604,609,619,620,635,641,661,665,668,669,672,673,678,679,680,689,709,710,711
0036_00050	10,11,12,13,19,20,21,179,180,182,186,187,193,256,257,258,260,284,285,287,309,333,334,342,345,353,356,357,367,371,372,375,382,383,385,386,406,407,410,417,421,431,433,435,442,444,447,463,471,477,491,494,499,521,525,536,538,542,543,545,549,553,554,557,565,566,568,571,574,575,576,579,580,582,583,585,590,591,595,596,598,600,604,605,607,609,615,618,619,620,621,624,626,627,631,632,633,635,638,640,641,642,643,652,654,656,661,663,664,665,667,668,669,672,673,678,679,680,681,682,685,687,689,690,691,693,694,697,698,699,700,701,702,705,706,709,710,711,715,736,741,757,762,778,799,804,820,825
0036_00051	10,11,12,19,20,21,179,180,182,186,187,193,256,257,258,260,284,285,287,309,333,334,342,345,353,356,357,371,372,382,383,385,386,406,407,410,417,421,431,433,435,442,444,447,463,471,477,491,494,499,517,521,525,536,538,542,543,545,549,553,554,557,565,566,568,571,574,575,576,579,580,582,583,585,589,590,591,595,596,598,600,604,605,607,609,615,618,619,620,621,624,626,627,631,632,633,635,638,640,641,642,643,652,654,656,661,663,664,665,667,668,669,672,673,678,679,680,681,682,685,687,689,690,691,693,694,697,698,699,701,702,705,706,709,710,711,715,741,757,778,804,820
