id	bits.on
0010_00001	10,11,12,13,14,15,19,20,21,22,31,284,285,286,287,309,315,333,340,342,345,346,347,352,353,366,367,375,381,391,392,406,408,412,417,421,426,435,441,442,444,447,453,457,491,517,525,536,541,557,567,568,580,583,600,615,638,640,641,660,661,663,679,680,681,685,689,690,693,697,699,705
0010_00003	10,11,12,13,14,15,19,20,21,22,31,284,285,286,287,315,333,340,342,345,346,347,352,353,366,367,375,381,391,392,406,408,412,417,421,426,435,441,442,444,447,453,457,491,517,525,536,541,557,567,568,580,583,600,615,638,640,641,660,661,663,679,680,681,685,689,690,693,697,699,705
0010_00004	10,11,12,13,14,15,19,20,21,22,31,284,285,286,287,300,309,315,333,340,342,345,346,347,352,353,366,367,375,381,394,406,408,412,417,421,426,435,441,442,444,447,453,457,491,517,525,529,536,557,567,568,580,583,600,615,638,640,641,644,661,663,679,680,681,685,689,690,693,697,699,705
0010_00005	10,11,12,13,19,20,21,284,285,287,309,333,340,342,345,347,353,367,375,381,406,407,417,421,435,441,442,444,447,453,491,517,525,536,557,568,572,580,583,600,615,618,638,640,641,661,663,664,679,680,681,685,689,690,693,697,699,705
0010_00006	10,11,12,13,19,20,21,284,285,287,309,333,340,342,345,347,353,367,375,381,406,407,417,421,435,441,442,444,447,453,491,517,525,536,557,568,572,580,583,600,615,618,638,640,641,661,663,664,679,680,681,685,689,690,693,697,699,705
0010_00007	10,11,12,13,19,20,21,284,285,287,309,333,340,342,345,347,353,367,375,381,406,407,417,421,435,441,442,444,447,453,491,517,525,536,557,568,572,580,583,600,615,618,638,640,641,661,663,664,679,680,681,685,689,690,693,697,699,705
0010_00009	10,11,12,13,19,20,144,145,179,180,183,186,187,193,284,285,287,309,333,334,335,336,340,342,345,347,353,367,375,407,417,431,435,442,447,491,525,557,572,583,600,618,638,641,642,661,679,680,681,689,690,697,698,699,700,709,710,711,712,713,777,778,798,819,840,861
0010_00014	10,11,12,13,19,144,145,179,180,183,186,187,193,284,285,287,309,333,334,335,336,340,342,345,347,353,367,375,407,417,431,435,442,447,491,517,525,557,572,583,600,618,638,641,642,661,679,680,681,689,690,697,698,699,700,709,710,711,712,713,777,778,798,819,840,861
0010_00015	10,11,12,13,19,144,145,179,180,183,186,187,193,284,285,287,309,333,334,335,336,340,342,345,347,353,367,375,407,417,431,435,442,447,491,525,557,572,583,600,618,638,641,642,661,679,680,681,689,690,697,698,699,700,709,710,711,712,713,777,778,798,819,840,861
0010_00016	10,11,12,13,15,19,20,21,284,285,286,287,333,340,342,345,346,347,352,353,366,367,375,381,391,392,406,421,441,444,453,536,541,567,580,582,583,593,614,615,616,638,640,643,660,680,681,683,685,686,689,690,693,697,699,705
0010_00017	10,11,12,15,19,20,21,284,285,286,287,333,340,342,345,346,347,352,353,366,367,375,381,391,392,406,421,441,444,453,536,541,567,580,582,593,614,615,616,638,640,643,660,683,686
0010_00018	10,11,12,13,19,20,21,144,145,179,180,186,187,193,194,284,285,287,309,333,334,335,336,340,342,345,347,353,367,375,381,407,421,441,444,453,536,572,580,583,618,638,680,681,685,689,690,691,693,697,698,699,700,702,705,709,710,711,712,713,777,778,798,799,819,820,840,861
0010_00019	10,11,12,13,19,144,145,179,180,183,186,187,193,284,285,287,309,333,334,335,336,340,342,345,347,353,367,375,407,417,431,435,442,447,491,525,557,572,583,600,618,638,641,642,661,679,680,681,689,690,697,698,699,700,709,710,711,712,713,777,778,798,819,840,861
0010_00020	10,11,12,13,19,20,21,144,145,179,180,186,187,193,194,284,285,287,309,333,334,335,336,340,342,345,347,353,367,375,381,407,421,441,444,453,536,572,580,583,618,638,680,681,685,689,690,691,693,697,698,699,700,702,705,709,710,711,712,713,777,778,798,799,819,820,840,861
0010_00021	10,11,12,13,14,15,19,20,284,285,286,287,300,309,333,339,340,341,342,345,346,347,352,353,366,367,375,391,393,394,407,417,421,435,440,442,444,447,452,491,517,525,529,536,541,557,567,572,574,580,583,593,600,614,618,620,638,640,641,644,646,647,657,660,661,668,679,680,684,685,689,693,697,705
0010_00026	10,11,12,13,19,20,284,285,287,309,333,345,353,375,381,407,417,421,435,441,442,444,447,453,491,517,525,536,557,580,583,600,618,638,641,661,679,680,681,685,689,690,693,697,699,705
0010_00027	10,11,12,13,19,20,21,144,145,179,180,186,187,193,194,284,285,287,309,333,334,335,336,340,342,345,347,353,367,375,381,407,421,441,444,453,536,572,580,583,618,638,680,681,685,689,690,693,697,698,699,700,705,709,710,711,712,713,777,778,798,799,819,820,840,861
0010_00029	10,11,12,13,19,144,145,179,180,183,186,187,193,284,285,287,309,333,334,335,336,340,342,345,347,353,367,375,407,417,431,435,442,447,491,525,557,572,583,600,618,638,641,642,661,679,680,681,689,690,697,698,699,700,709,710,711,712,713,777,778,798,819,840,861
0010_00030	10,11,12,13,19,20,284,285,287,309,333,345,353,375,381,407,417,421,435,441,442,444,447,453,491,517,525,536,557,580,600,618,638,641,661,679
0010_00031	10,11,12,13,15,19,20,284,285,286,287,300,309,333,339,340,341,342,345,346,347,352,353,366,367,375,394,407,417,435,442,447,491,517,525,529,557,567,572,574,583,600,618,620,638,640,641,644,661,668,679,680,689,697
0010_00033	10,11,12,13,19,20,284,285,287,309,333,345,353,375,381,407,417,421,435,441,442,444,447,453,491,517,525,536,557,580,583,600,618,638,641,661,679,680,681,685,689,690,693,697,699,705
0010_00035	10,11,12,13,15,19,20,21,144,145,179,180,186,187,193,194,284,285,286,287,300,309,333,334,335,336,340,342,345,346,347,352,353,366,367,375,381,391,393,394,407,421,440,441,444,452,453,529,536,537,541,567,572,580,583,593,603,614,618,638,644,646,647,657,660,680,681,684,685,689,690,691,693,697,698,699,700,702,705,709,710,711,712,713,777,778,798,799,819,820,840,861
0010_00036	10,11,12,13,15,19,20,21,144,145,179,180,186,187,193,194,284,285,286,287,300,309,333,334,335,336,340,342,345,346,347,352,353,366,367,375,381,391,393,394,407,421,440,441,444,452,453,529,536,537,541,567,572,580,583,593,603,614,618,638,644,646,647,657,660,680,681,684,685,689,690,691,693,697,698,699,700,702,705,709,710,711,712,713,777,778,798,799,819,820,840,861
0010_00037	10,11,12,13,15,19,20,21,144,145,179,180,186,187,193,194,284,285,286,287,300,309,333,334,335,336,340,342,345,346,347,352,353,366,367,375,381,391,393,394,407,421,440,441,444,452,453,529,536,537,541,567,572,580,583,593,603,614,618,638,644,646,647,657,660,680,681,684,685,689,690,693,697,698,699,700,705,709,710,711,712,713,777,778,798,799,819,820,840,861
0010_00038	10,11,12,13,15,19,20,21,144,145,179,180,186,187,193,194,284,285,286,287,300,309,333,334,335,336,340,342,345,346,347,352,353,366,367,375,381,391,393,394,407,421,440,441,444,452,453,529,536,537,541,567,572,580,583,593,603,614,618,638,644,646,647,657,660,680,681,684,685,689,690,693,697,698,699,700,705,709,710,711,712,713,777,778,798,799,819,840,861
0010_00039	10,11,12,13,14,19,20,21,284,285,287,333,340,342,345,347,353,367,375,381,406,417,421,435,441,442,444,447,453,491,517,525,536,557,568,580,583,600,615,638,640,641,661,663,679,680,681,685,689,690,693,697,699,705
0010_00042	10,11,12,13,14,19,20,21,284,285,287,333,340,342,345,347,353,367,375,381,406,417,421,435,441,442,444,447,453,491,517,525,536,557,568,580,583,600,615,638,640,641,661,663,679,680,681,685,689,690,693,697,699,705
0010_00044	10,11,12,13,15,19,20,21,144,145,179,180,186,187,193,194,284,285,286,287,300,309,333,334,335,336,340,342,345,346,347,352,353,366,367,375,381,391,393,394,407,421,440,441,444,452,453,529,536,537,541,567,572,580,583,593,603,614,618,638,644,646,647,657,660,680,681,684,685,689,690,691,693,697,698,699,700,702,705,709,710,711,712,713,777,778,798,799,819,820,840,861
0010_00047	10,11,12,13,19,20,144,145,179,180,186,187,193,194,284,285,287,309,333,334,335,336,340,342,345,347,353,367,375,381,407,421,441,444,453,536,572,580,583,618,638,680,681,685,689,690,693,697,698,699,700,705,709,710,711,712,713,777,778,798,799,819,840,861
0010_00054	10,11,12,19,20,284,285,287,309,333,345,353,375,381,407,417,421,435,441,442,444,447,453,491,517,525,536,557,580,583,600,618,638,641,661,679,680,681,685,689,690,693,697,699,705
0010_00057	10,11,12,13,19,20,179,180,183,186,187,193,194,200,201,207,284,285,287,309,333,334,335,336,340,342,345,347,353,367,375,381,407,417,421,431,435,441,442,444,447,453,491,525,536,557,572,580,583,600,618,638,641,661,679,680,681,685,689,690,693,697,698,699,700,705,709,710,711,712,713,777,778,798,799,819,820
0010_00059	10,11,12,13,15,19,20,21,284,285,286,287,333,340,342,345,346,347,352,353,366,367,375,381,391,392,406,417,421,435,441,442,444,447,453,491,517,525,536,541,557,567,580,582,583,593,600,614,615,616,638,640,641,643,660,661,679,680,681,683,685,686,689,690,693,697,699,705
0010_00062	10,11,12,13,19,20,144,145,179,180,183,186,187,193,284,285,287,333,334,335,336,342,345,353,375,417,421,431,433,435,442,444,447,491,525,536,554,557,580,583,600,641,661,672,679,680,685,689,693,697,698,705,709,710,711,712,713,777,798,819,840,861
0010_00065	10,11,12,13,19,144,145,179,180,183,186,187,193,284,285,287,309,333,334,335,336,340,342,345,347,353,367,375,407,417,431,435,442,447,491,517,525,557,572,583,600,618,638,641,642,661,679,680,681,689,690,697,698,699,700,709,710,711,712,713,777,778,798,819,840,861
0010_00066	10,11,12,13,15,19,20,21,34,144,145,179,180,186,187,193,194,284,285,286,287,294,300,309,333,334,335,336,340,342,345,346,347,350,352,353,354,366,367,369,375,391,393,394,407,409,415,421,440,444,452,458,459,460,466,529,536,541,572,580,583,593,614,618,638,644,646,647,657,680,681,684,685,689,690,691,693,697,698,699,700,702,705,709,710,711,712,713,777,778,798,799,819,820,840,861
0010_00067	10,11,12,13,15,19,20,21,34,144,145,179,180,186,187,193,194,284,285,286,287,294,300,309,333,334,335,336,340,342,345,346,347,350,352,353,354,366,367,369,375,391,393,394,407,409,415,421,440,444,452,458,459,460,466,529,536,541,572,580,583,593,614,618,638,644,646,647,657,680,681,684,685,689,690,691,693,697,698,699,700,702,705,709,710,711,712,713,777,778,798,799,819,820,840,861
0010_00068	10,11,12,13,15,19,20,21,34,144,145,179,180,186,187,193,194,284,285,286,287,294,300,309,333,334,335,336,340,342,345,346,347,350,352,353,354,366,367,369,375,391,393,394,407,409,415,421,440,444,452,458,459,460,466,529,536,541,572,580,583,593,614,618,638,644,646,647,657,680,681,684,685,689,690,693,697,698,699,700,705,709,710,711,712,713,777,778,798,799,819,820,840,861
0010_00071	10,11,12,13,15,19,20,21,34,144,145,179,180,186,187,193,194,284,285,286,287,294,300,309,333,334,335,336,340,342,345,346,347,350,352,353,354,366,367,369,375,391,393,394,407,409,415,421,440,444,452,458,459,460,466,529,536,541,572,580,583,593,614,618,638,644,646,647,657,680,681,684,685,689,690,691,693,697,698,699,700,702,705,709,710,711,712,713,777,778,798,799,819,820,840,861
0010_00072	10,11,12,13,19,20,21,144,145,179,180,186,187,193,194,284,285,287,309,333,334,335,336,340,342,345,347,353,367,375,381,407,421,441,444,453,536,572,580,583,618,638,680,681,685,689,690,691,693,697,698,699,700,702,705,709,710,711,712,713,777,778,798,799,819,820,840,861
