id	bits.on
0007_00001	10,11,12,15,16,17,19,20,21,144,146,147,151,154,179,181,182,256,257,258,259,284,285,286,287,300,309,333,340,341,342,345,346,347,352,353,356,358,359,360,366,367,374,375,376,377,378,379,380,385,387,388,389,390,391,392,394,397,398,404,406,407,417,419,432,438,439,442,443,448,450,451,454,465,473,483,485,486,488,489,492,496,500,505,507,520,522,524,531,539,541,546,548,550,556,561,567,568,570,572,573,583,586,593,594,597,602,612,613,614,615,618,622,629,637,638,639,640,655,657,658,660,663,664,675,681,682,683,684,691,692,703
0007_00002	10,11,12,15,16,17,19,20,21,144,146,147,151,154,179,181,182,256,257,258,259,284,285,286,287,300,309,333,340,341,342,345,346,347,352,353,356,358,359,360,366,367,374,375,376,377,378,379,380,382,385,387,388,389,390,391,392,394,397,398,404,406,407,417,419,421,432,438,439,440,442,443,444,448,450,451,452,454,465,473,483,485,486,488,492,494,495,496,500,505,507,520,522,524,531,536,537,539,541,546,548,550,554,556,561,567,568,570,572,573,581,583,586,593,594,597,602,603,612,613,614,615,618,622,625,629,637,638,639,640,647,648,655,657,658,660,663,664,674,675,681,682,683,684,691,692,703
0007_00003	10,11,19,20,21,179,182,284,285,287,309,333,340,342,345,347,353,367,406,407,568,572,583,615,618,638,640,663,664,680,681,682,690,691,702
0007_00006	10,11,12,15,16,17,19,20,21,31,144,146,147,151,154,179,181,182,186,189,256,257,258,259,284,285,286,287,300,309,315,333,340,341,342,345,346,347,352,353,356,358,359,360,366,367,374,376,377,378,379,380,385,387,388,389,390,391,392,394,397,398,404,406,407,408,412,417,419,426,432,438,439,442,443,448,450,451,454,457,465,473,483,485,486,488,492,496,500,505,507,520,522,524,531,539,541,546,548,550,556,561,567,568,570,572,573,583,586,593,594,597,602,612,613,614,615,618,622,629,637,638,639,640,655,657,658,660,663,664,675,681,682,683,684,691,692,703
0007_00008	10,11,19,20,21,22,31,284,285,287,309,315,333,340,342,345,347,353,367,381,407,408,412,421,426,441,444,453,457,463,536,538,568,572,580,582,583,618,638,640,643,664,680,681,682,685,687,690,691,693,694,702,706
0007_00009	10,11,12,15,19,20,21,284,285,286,287,333,340,342,345,346,347,352,353,366,367,375,381,391,392,406,421,441,444,453,536,541,567,580,582,593,614,615,616,638,640,643,660,683,686
0007_00010	10,11,12,13,15,16,17,19,20,21,22,23,31,32,34,144,146,147,151,154,179,181,182,256,257,258,259,284,285,286,287,294,300,309,315,333,334,335,340,341,342,345,346,347,350,352,353,354,356,358,359,360,366,367,369,374,375,376,377,378,379,380,385,387,388,389,390,391,392,393,394,397,398,404,406,407,408,412,413,417,419,421,426,432,438,439,440,442,443,444,448,450,451,452,454,457,463,465,473,483,485,486,488,492,496,500,505,507,508,520,522,524,529,531,536,538,539,541,546,548,550,556,561,567,568,570,572,573,580,581,583,586,593,594,597,602,612,613,614,615,618,622,629,637,638,639,640,644,646,647,655,657,658,659,660,663,664,675,681,682,683,684,687,691,692,703,709,712
0007_00012	10,11,12,15,16,17,19,20,21,144,146,147,151,154,179,181,182,256,257,258,259,284,285,286,287,300,309,333,340,341,342,345,346,347,352,353,356,358,359,360,366,367,374,376,377,378,379,380,385,387,388,389,390,391,392,394,397,398,404,406,407,417,419,432,438,439,442,443,448,450,451,454,465,473,483,485,486,488,492,496,500,505,507,520,522,524,531,539,541,546,548,550,556,561,567,568,570,572,573,583,586,593,594,597,602,612,613,614,615,618,622,629,637,638,639,640,655,657,658,660,663,664,675,681,682,683,684,691,692,703
0007_00013	10,11,12,15,16,17,19,20,21,22,31,32,144,146,147,151,154,179,181,182,256,257,258,259,284,285,286,287,300,309,315,333,340,341,342,345,346,347,352,353,356,358,359,360,366,367,374,376,377,378,379,380,385,387,388,389,390,391,392,394,397,398,404,406,407,408,412,417,419,426,432,438,439,442,443,448,450,451,454,457,465,473,483,485,486,488,492,496,500,505,507,520,522,524,531,539,541,546,548,550,556,561,567,568,570,572,573,583,586,593,594,597,602,612,613,614,615,618,622,629,637,638,639,640,655,657,658,660,663,664,675,681,682,683,684,691,692,703
0007_00014	10,11,12,15,16,17,19,20,21,22,31,144,146,147,151,154,256,257,284,285,286,287,300,309,315,333,340,341,342,345,346,347,352,353,356,358,359,366,367,374,376,377,379,380,388,390,391,392,394,397,398,404,406,407,408,412,417,419,421,426,432,438,439,440,442,443,444,448,450,451,452,454,457,465,473,483,485,486,488,492,494,495,496,500,505,507,520,522,524,536,537,539,541,546,548,550,554,561,567,568,570,572,573,581,583,586,593,594,597,603,612,613,614,615,618,625,637,638,639,640,655,657,658,660,663,664,674,675,681,682,683,684,691,692,703
0007_00016	10,11,15,16,17,19,20,284,285,286,287,300,309,333,339,341,345,346,352,353,366,376,381,391,394,407,419,421,441,444,451,453,454,488,529,536,537,567,580,583,593,618,638,644,681,684,685,692,696
0007_00017	10,11,12,15,16,17,19,20,21,284,285,286,287,300,309,333,339,341,345,346,352,353,366,376,381,391,393,394,407,419,421,441,444,451,453,454,488,520,529,536,537,541,561,567,580,581,583,593,597,603,614,618,638,639,644,655,660,681,682,684,685,687,688,692,696
0007_00020	10,11,12,15,16,17,19,20,21,22,31,32,144,146,147,151,154,179,181,182,256,257,258,259,284,285,286,287,300,309,315,333,340,341,342,345,346,347,352,353,356,358,359,360,366,367,374,376,377,378,379,380,385,387,388,389,390,391,392,394,397,398,404,406,407,408,412,417,419,426,432,438,439,442,443,448,450,451,454,457,465,473,483,485,486,488,492,496,500,505,507,520,522,524,531,539,541,546,548,550,556,561,567,568,570,572,573,583,586,593,594,597,602,612,613,614,615,618,622,629,637,638,639,640,655,657,658,660,663,664,675,681,682,683,684,691,692,703
0007_00027	10,11,12,15,16,19,20,21,22,31,32,144,147,179,181,182,256,257,284,285,286,287,300,309,315,333,340,342,345,346,347,352,353,356,359,366,367,371,372,373,374,376,377,379,380,385,388,390,391,392,394,397,398,404,406,407,408,412,417,419,421,426,435,436,439,442,443,446,447,448,450,451,452,454,457,465,473,483,485,488,492,496,503,505,507,517,520,522,524,531,539,540,541,546,547,550,556,561,567,568,572,573,577,583,586,593,594,597,602,613,614,615,618,622,629,637,638,639,640,644,646,647,648,655,657,658,660,663,664,675,681,682,683,684,691,692,703
0007_00028	10,11,12,15,16,17,19,20,21,22,31,32,144,147,179,181,182,256,257,284,285,286,287,300,309,315,333,340,342,345,346,347,352,353,356,359,366,367,371,372,373,374,375,376,377,379,380,385,388,390,391,392,394,397,398,404,406,407,408,412,417,419,421,426,435,436,439,442,443,446,447,448,450,451,452,454,457,465,473,483,485,488,492,496,503,505,507,517,520,522,524,531,539,540,541,546,547,550,556,561,567,568,572,573,577,583,586,593,594,597,602,613,614,615,618,622,629,637,638,639,640,644,646,647,648,655,657,658,660,663,664,675,681,682,683,684,691,692,703
0007_00029	10,11,12,13,19,20,21,144,145,179,180,186,187,193,194,284,285,287,309,333,334,335,336,340,342,345,347,353,367,375,381,407,421,441,444,453,536,572,580,583,618,638,680,681,685,689,690,691,693,697,698,699,700,702,705,709,710,711,712,713,777,778,798,799,819,820,840,861
0007_00033	10,11,15,16,19,20,284,285,286,287,300,309,333,339,341,345,346,352,353,366,376,381,391,393,394,407,421,441,444,452,453,529,536,537,541,561,567,580,583,593,614,618,638,644,646,647,655,681,684,685,692,696,703
0007_00034	10,11,12,15,16,19,20,21,22,31,144,147,179,181,182,256,257,284,285,286,287,300,309,315,333,340,342,345,346,347,352,353,356,359,366,367,371,372,373,374,376,377,379,380,385,388,390,391,392,394,397,398,404,406,407,408,412,417,419,421,426,435,436,439,442,443,446,447,448,450,451,452,454,457,465,473,483,485,488,492,496,503,505,507,517,520,522,524,531,539,540,541,546,547,550,556,561,567,568,572,573,577,583,586,593,594,597,602,613,614,615,618,622,629,637,638,639,640,644,646,647,648,655,657,658,660,663,664,675,681,682,683,684,691,692,703
0007_00035	10,11,12,13,15,16,17,19,20,21,22,23,31,32,34,144,146,147,151,154,179,181,182,256,257,258,259,284,285,286,287,294,300,309,315,333,334,335,340,341,342,345,346,347,350,352,353,354,356,358,359,360,366,367,369,374,375,376,377,378,379,380,385,387,388,389,390,391,392,393,394,397,398,404,406,407,408,412,414,417,419,421,426,432,438,439,440,442,443,444,448,450,451,452,454,457,463,465,473,483,485,486,488,492,496,500,505,507,520,522,524,529,531,536,538,539,541,546,548,550,556,561,567,568,570,572,573,580,581,583,586,593,594,597,602,612,613,614,615,618,622,629,637,638,639,640,644,646,647,655,657,658,660,663,664,675,681,682,683,684,687,691,692,703,709,712
0007_00038	10,11,12,15,16,19,20,21,22,31,32,144,147,179,181,182,256,257,284,285,286,287,300,309,315,333,340,342,345,346,347,352,353,356,359,366,367,371,372,373,374,376,377,379,380,385,388,390,391,392,394,397,398,404,406,407,408,412,417,419,421,426,435,436,439,442,443,446,447,448,450,451,452,454,457,465,473,483,485,488,492,496,503,505,507,517,520,522,524,531,539,540,541,546,547,550,556,561,567,568,572,573,577,583,586,593,594,597,602,613,614,615,618,622,629,637,638,639,640,644,646,647,648,655,657,658,660,663,664,675,681,682,683,684,691,692,703
0007_00039	10,11,12,15,16,19,20,21,144,147,179,181,182,256,257,284,285,286,287,300,309,333,340,342,345,346,347,352,353,356,359,366,367,371,372,373,374,376,377,379,380,385,388,390,391,392,394,397,398,404,406,407,417,419,421,435,436,439,442,443,446,447,448,450,451,452,454,465,473,483,485,488,492,496,503,505,507,517,520,522,524,531,539,540,541,546,547,550,556,561,567,568,572,573,577,583,586,593,594,597,602,613,614,615,618,622,629,637,638,639,640,644,646,647,648,655,657,658,660,663,664,675,681,682,683,684,691,692,703
0007_00041	10,11,12,13,15,16,17,18,19,20,21,22,284,285,286,287,300,302,309,333,339,341,345,346,352,353,366,375,391,393,394,396,421,440,444,452,515,529,536,537,541,570,580,583,593,603,612,614,644,646,647,657,684,685,696
0007_00042	10,11,12,15,16,17,19,20,284,285,286,287,300,309,333,339,341,345,346,352,353,366,375,376,381,391,392,394,407,419,421,441,444,451,453,454,488,520,529,536,537,541,561,567,580,583,593,618,638,644,681,684,685,692,696
0007_00044	10,11,12,15,16,19,20,144,146,147,256,257,284,285,286,287,300,333,339,341,345,346,352,353,356,358,359,366,371,373,374,375,376,377,380,381,388,390,391,392,393,394,397,400,401,404,417,419,421,432,436,438,441,442,443,444,446,447,448,450,451,453,454,473,483,485,486,488,489,491,492,496,500,503,505,507,520,522,524,528,529,536,537,539,540,541,546,547,548,557,561,567,570,571,573,580,583,586,593,594,596,597,600,603,608,609,612,614,637,638,641,644,655,658,660,666,675,681,683,684,685,686,692,696,703
0007_00045	10,11,12,15,16,19,20,284,285,286,287,300,309,333,339,341,345,346,352,353,366,375,381,391,392,394,407,421,441,444,453,529,536,537,541,567,580,583,593,614,618,638,644,680,681,684,685,690,693
0007_00046	10,11,15,19,20,144,146,147,284,285,286,287,333,339,341,345,346,352,353,366,375,381,391,392,421,441,444,453,536,537,541,567,580,583,593,603,614,638,657,660,681,684,685,692,696,703
0007_00047	10,19,20,21,22,31,32,284,285,287,309,315,333,340,342,345,347,353,367,381,407,408,412,421,426,441,444,453,457,463,536,538,568,582,618,640,643,664
0007_00049	10,11,12,15,16,19,20,34,144,146,147,256,257,284,285,286,287,294,300,309,333,339,341,345,346,352,353,356,358,359,366,371,373,374,375,376,377,380,381,388,390,391,392,393,394,397,400,401,404,407,417,419,421,432,436,438,441,442,443,444,446,447,448,450,451,453,454,473,474,476,479,483,485,486,488,489,491,492,496,500,503,505,507,520,522,524,528,536,537,539,540,541,546,547,548,557,561,567,570,571,573,580,583,586,593,594,596,597,600,603,608,609,612,614,618,637,638,641,644,655,658,660,666,675,681,683,684,685,686,692,696,703
0007_00050	10,11,12,13,15,16,17,18,19,20,21,22,31,32,144,146,147,151,154,179,180,181,182,184,185,186,191,192,193,200,256,257,258,259,260,284,285,286,287,300,309,315,333,334,340,341,342,345,346,347,352,353,356,357,358,359,360,366,367,371,372,374,375,376,377,378,379,380,382,385,387,388,389,390,391,392,393,394,397,398,400,401,404,406,407,408,412,417,419,421,426,431,432,435,438,439,440,442,443,444,447,448,450,451,452,454,457,465,471,473,483,485,486,488,489,491,492,495,496,500,503,505,507,520,521,522,524,525,528,531,536,537,539,540,541,546,547,548,550,553,556,557,561,565,567,568,570,571,572,573,577,578,579,581,583,585,586,593,594,596,597,600,601,602,603,604,608,609,612,613,614,615,618,619,622,629,634,635,637,638,639,640,641,646,648,651,655,657,658,660,661,663,664,665,666,669,675,678,679,680,681,682,683,684,689,691,692,697,703,709,710,711,713,717,738,756,771,780,801,819,834
0007_00052	10,11,19,20,21,22,31,32,144,147,284,285,287,309,315,333,340,342,345,347,353,367,381,406,407,408,412,426,457,564,568,572,583,615,618,638,640,662,663,664,680,681,682,690,691,702
0007_00053	10,11,19,20,21,22,31,144,147,284,285,287,309,315,333,340,342,345,347,353,367,381,406,407,408,412,426,457,564,568,572,583,615,618,638,640,662,663,664,680,681,682,690,691,702
0007_00055	10,11,12,15,16,17,19,20,21,22,31,32,144,146,147,151,154,179,181,182,256,257,258,259,284,285,286,287,300,309,315,333,340,341,342,345,346,347,352,353,356,358,359,360,366,367,374,376,377,378,379,380,382,385,387,388,389,390,391,392,393,394,397,398,400,401,404,406,407,408,412,417,419,421,426,432,438,439,440,442,443,444,448,450,451,452,454,457,465,473,483,485,486,488,489,492,494,495,496,500,505,507,520,522,524,528,531,536,537,539,541,546,548,550,554,556,561,567,568,570,572,573,581,583,586,593,594,597,602,603,612,613,614,615,618,622,625,629,637,638,639,640,648,655,657,658,660,663,664,674,675,681,682,683,684,691,692,703
0007_00056	10,11,12,13,15,16,17,19,20,21,22,23,31,32,144,146,147,151,154,179,181,182,186,189,256,257,258,259,284,285,286,287,300,309,315,333,340,341,342,345,346,347,348,352,353,356,358,359,360,366,367,368,374,376,377,378,379,380,381,382,385,387,388,389,390,391,392,393,394,397,398,400,401,404,406,407,408,412,417,419,421,426,432,438,439,440,442,443,444,448,450,451,452,454,457,465,473,483,485,486,488,489,492,494,495,496,500,505,507,520,522,524,528,531,536,537,539,541,546,548,550,554,556,561,564,567,568,570,572,573,581,583,586,593,594,597,602,603,612,613,614,615,618,622,625,629,637,638,639,640,648,655,657,658,660,662,663,664,674,675,680,681,682,683,684,690,691,692,702,703
0007_00058	10,11,15,19,20,21,179,182,284,285,286,287,300,309,333,339,340,341,342,345,346,347,348,352,353,366,367,368,381,394,406,407,529,564,567,568,572,583,593,615,616,618,638,639,640,644,662,663,664,680,681,682,683,684,690,691,692,702,704
0007_00066	10,19,20,21,31,284,285,287,309,315,333,340,342,345,347,353,367,407,408,412,421,426,437,444,449,457,463,536,538,568,572,582,643,664
0007_00069	10,11,12,15,19,20,21,31,284,285,286,287,309,315,333,340,342,345,346,347,352,353,366,367,375,391,392,407,408,412,426,457,541,567,568,572,618,640,660,664
0007_00077	10,11,15,16,19,144,146,147,256,257,284,285,286,287,300,309,333,339,341,345,346,347,352,353,356,358,359,366,367,371,373,374,376,377,380,388,390,391,393,394,397,400,401,404,407,417,419,432,436,438,442,443,446,447,448,450,451,454,473,483,485,486,488,489,491,492,496,500,503,505,507,520,522,524,528,529,539,540,541,546,547,548,557,561,567,570,571,572,573,583,586,593,594,596,597,600,608,609,612,614,618,637,638,641,644,655,658,666,675,681,683,684,692,703
0007_00078	10,11,12,13,15,16,17,19,20,21,22,23,31,32,34,144,146,147,151,154,179,181,182,256,257,258,259,284,285,286,287,294,300,309,315,333,334,335,338,340,341,342,345,346,347,350,352,353,354,356,358,359,360,366,367,369,374,375,376,377,378,379,380,381,385,387,388,389,390,391,392,393,394,397,398,404,406,407,408,412,413,417,419,421,426,432,438,439,440,441,442,443,444,448,450,451,452,453,454,457,463,465,473,483,485,486,488,492,496,500,505,507,508,520,522,524,529,531,536,538,539,541,546,548,550,556,561,567,568,570,572,573,580,581,582,583,586,587,593,594,597,602,612,613,614,615,618,622,629,637,638,639,640,643,644,646,647,655,657,658,659,660,663,664,675,681,682,683,684,685,687,691,692,694,695,703,709,711,712
0007_00083	10,11,15,19,20,284,285,286,287,300,309,333,334,336,339,341,345,346,352,353,366,375,381,394,407,421,441,444,453,529,536,537,567,580,583,593,618,638,644,681,685,709,711
0007_00086	10,11,15,19,20,284,285,286,287,300,309,333,334,336,339,341,345,346,352,353,366,375,381,394,407,421,441,444,453,529,536,537,567,580,583,593,618,638,644,681,685,709,710
0007_00089	10,11,15,19,20,34,284,285,286,287,294,300,309,333,339,341,345,346,350,352,353,354,366,369,375,381,394,407,413,421,441,444,453,508,529,536,537,567,580,587,618,638,644
0007_00094	10,11,12,15,16,17,19,20,284,285,286,287,300,309,333,339,341,345,346,352,353,366,375,376,381,391,393,394,407,419,421,440,441,444,451,452,453,454,488,529,536,537,541,567,580,583,593,603,614,618,638,644,646,647,657,660,681,684,685,692,696
0007_00095	10,11,15,19,20,21,284,285,286,287,300,309,333,339,341,345,346,352,353,366,375,381,391,393,394,407,421,440,441,444,452,453,529,536,537,541,567,580,581,603,614,618,638,639,644,646,647,657,660,682,687,688
0007_00097	10,11,15,19,20,21,284,285,286,287,300,309,333,339,341,345,346,352,353,366,375,381,391,393,394,407,421,440,441,444,452,453,529,536,537,541,567,580,583,593,603,614,618,638,644,646,647,657,660,681,683,685,686,691,694,695
0007_00098	10,11,15,16,19,20,284,285,286,287,300,309,333,339,341,345,346,352,353,366,375,381,391,393,394,407,421,440,441,444,452,453,529,536,537,541,567,580,583,593,603,614,618,638,644,646,647,657,660,681,684,685,692,696
0007_00099	10,11,12,15,16,19,20,284,285,286,287,300,309,333,339,341,345,346,352,353,366,375,381,391,393,394,407,421,440,441,444,452,453,529,536,537,541,567,580,583,593,603,614,618,638,644,646,647,657,660,680,681,684,685,690,693
0007_00100	10,11,12,15,16,19,20,284,285,286,287,300,309,333,339,341,345,346,352,353,366,375,381,391,393,394,407,421,440,441,444,452,453,529,536,537,541,567,580,583,593,614,618,638,644,646,647,657,680,681,684,685,690,693
0007_00101	10,11,12,13,15,16,17,19,20,21,22,31,32,144,146,147,151,154,158,161,179,181,182,186,188,189,256,257,258,259,260,261,284,285,286,287,300,309,315,333,334,340,341,342,345,346,347,352,353,356,357,358,359,360,366,367,371,372,373,374,376,377,378,379,380,385,387,388,389,390,391,392,394,397,398,404,406,407,408,412,417,419,421,426,431,432,435,436,438,439,440,442,443,444,446,447,448,450,451,452,454,457,465,471,473,483,485,486,488,491,492,494,496,500,503,505,507,517,520,521,522,524,525,531,536,539,540,541,546,547,548,550,553,554,556,557,561,565,567,568,570,571,572,573,577,578,579,580,581,583,585,586,593,594,596,597,598,600,601,602,604,608,609,612,613,614,615,618,619,622,624,625,629,634,635,637,638,639,640,641,655,657,658,660,661,663,664,665,666,669,672,673,674,675,678,679,681,682,683,684,685,691,692,696,703,709,710
0007_00102	10,11,12,13,15,16,17,19,20,21,22,31,32,144,146,147,151,154,158,161,179,181,182,184,185,186,256,257,258,259,284,285,286,287,300,309,315,333,334,340,341,342,345,346,347,352,353,356,358,359,360,366,367,374,376,377,378,379,380,385,387,388,389,390,391,392,394,397,398,404,406,407,408,412,417,419,421,426,431,432,435,438,439,440,442,443,444,446,447,448,450,451,452,454,457,465,473,483,485,486,488,491,492,496,500,503,505,507,517,520,522,524,531,536,539,541,546,548,550,554,556,557,561,567,568,570,572,573,580,583,586,593,594,597,600,602,612,613,614,615,618,622,629,637,638,639,640,641,655,657,658,660,663,664,673,674,675,681,682,683,684,691,692,703
0007_00103	10,11,12,13,15,16,17,19,20,21,22,23,31,32,144,146,147,151,154,158,161,179,181,182,186,188,189,256,257,258,259,260,261,284,285,286,287,300,309,315,333,334,340,341,342,345,346,347,352,353,356,357,358,359,360,366,367,371,372,373,374,376,377,378,379,380,385,387,388,389,390,391,392,394,397,398,404,406,407,408,412,417,419,421,426,431,432,435,436,438,439,440,442,443,444,446,447,448,450,451,452,454,457,465,471,473,483,485,486,488,491,492,494,496,500,503,505,507,517,520,521,522,524,525,531,536,539,540,541,546,547,548,550,553,554,556,557,561,565,567,568,570,571,572,573,577,578,579,580,581,583,585,586,593,594,596,597,598,600,601,602,604,608,609,612,613,614,615,618,619,622,624,625,629,634,635,637,638,639,640,641,655,657,658,660,661,663,664,665,666,669,672,673,674,675,678,679,681,682,683,684,685,691,692,696,703,709,710
0007_00104	10,11,12,13,15,16,17,19,20,21,22,23,31,32,144,146,147,151,154,158,161,179,181,182,184,185,186,256,257,258,259,284,285,286,287,300,309,315,333,334,340,341,342,345,346,347,352,353,356,358,359,360,366,367,374,376,377,378,379,380,385,387,388,389,390,391,392,394,397,398,404,406,407,408,412,417,419,421,426,431,432,435,438,439,440,442,443,444,446,447,448,450,451,452,454,457,465,473,483,485,486,488,491,492,496,500,503,505,507,517,520,522,524,531,536,539,541,546,548,550,554,556,557,561,567,568,570,572,573,580,583,586,593,594,597,600,602,612,613,614,615,618,622,629,637,638,639,640,641,655,657,658,660,663,664,673,674,675,681,682,683,684,691,692,703
0007_00107	10,11,12,15,16,19,20,21,284,285,286,287,300,309,333,339,341,345,346,352,353,366,375,381,391,393,394,407,421,440,441,444,452,453,529,536,537,541,567,570,580,583,593,603,612,614,618,638,644,646,647,657,660,681,684,685,686,692,694,695,696,703
0007_00110	10,11,12,15,19,20,179,180,256,284,285,286,287,300,309,333,334,339,341,345,346,352,353,356,357,366,371,372,381,385,394,407,417,421,431,435,441,442,444,447,453,471,491,517,521,525,529,536,537,553,557,565,567,571,579,580,583,585,593,596,600,604,608,609,618,619,635,638,641,644,661,665,669,678,679,680,681,684,685,689,690,693,697,699,705,709,710,711
0007_00111	10,11,15,16,19,20,21,31,284,285,286,287,300,305,309,315,345,346,352,353,366,375,376,381,391,392,394,407,412,419,421,426,441,444,451,453,457,520,537,541,561,567,597,603,655,660
0007_00113	10,11,15,19,20,144,146,147,284,285,286,287,300,309,333,339,341,345,346,352,353,366,381,391,393,394,407,421,441,444,453,529,536,537,541,567,580,583,593,603,614,618,638,644,657,660,681,684,685,692,696
0007_00115	10,11,19,20,21,22,31,32,144,147,284,285,287,309,315,333,340,342,345,347,348,353,367,368,381,406,407,408,412,426,457,564,568,572,583,615,618,638,640,662,663,664,681,682,691
0007_00119	10,11,12,15,16,17,19,20,21,34,144,146,147,151,154,179,181,182,256,257,258,259,284,285,286,287,294,300,309,333,339,340,341,342,345,346,347,350,352,353,354,356,358,359,360,366,367,369,374,376,377,378,379,380,381,385,387,388,389,390,391,392,394,397,398,404,406,407,413,417,419,421,432,438,439,441,442,443,444,448,450,451,453,454,465,473,483,485,486,488,492,496,500,505,507,508,520,522,524,529,531,536,537,539,541,546,548,550,556,561,567,568,570,572,573,580,583,586,587,593,594,597,602,612,613,614,615,618,622,629,637,638,639,640,644,655,657,658,659,660,663,664,675,681,683,684
0007_00123	10,11,12,15,16,17,19,20,21,22,31,144,146,147,151,154,256,257,284,285,286,287,300,309,315,333,339,340,341,342,345,346,347,352,353,356,358,359,366,367,374,376,377,379,380,381,388,390,391,392,393,394,397,398,404,406,407,408,412,417,419,421,426,432,438,439,440,441,442,443,444,448,450,451,452,453,454,457,465,473,483,485,486,488,492,494,495,496,500,505,507,520,522,524,529,536,537,539,541,546,548,550,554,561,567,568,570,572,573,580,581,583,586,593,594,597,603,612,613,614,615,618,625,629,637,638,639,640,644,646,647,655,657,658,660,663,664,674,675,681,682,683,684,687,688,691,692,703
0007_00124	10,11,19,20,21,22,31,284,285,287,309,315,333,340,342,345,347,353,367,407,408,412,421,426,433,444,457,463,536,538,568,572,580,582,583,618,638,640,643,664,680,681,682,685,687,689,690,691,693,694,699,702,706
0007_00131	10,11,12,19,20,21,22,31,179,182,186,189,284,285,287,309,315,333,340,342,345,347,348,353,367,368,381,406,407,408,412,426,457,564,568,572,583,611,615,618,638,640,662,663,664,680,681,682,690,691,701,702
0007_00132	10,11,12,15,16,19,20,144,146,147,256,257,284,285,286,287,300,333,339,341,345,346,352,353,356,358,359,366,371,373,374,375,376,377,380,381,388,390,391,392,393,394,397,400,401,404,417,419,421,432,436,438,441,442,443,444,446,447,448,450,451,453,454,473,483,485,486,488,489,491,492,496,500,503,505,507,520,522,524,528,529,536,537,539,540,541,546,547,548,557,561,567,570,571,573,580,583,586,593,594,596,597,600,603,608,609,612,614,637,638,641,644,655,658,660,666,675,681,683,684,685,686,692,696,703
0007_00136	10,11,12,15,16,19,20,144,146,147,179,180,256,257,258,284,285,286,287,300,309,333,334,339,341,345,346,352,353,356,357,358,359,366,371,372,373,374,377,378,381,385,386,387,388,391,393,394,397,400,401,404,407,417,419,421,431,432,435,436,438,441,442,443,444,446,447,448,450,453,454,465,471,473,483,491,492,496,503,507,517,521,522,524,525,528,529,531,536,537,539,540,541,546,547,550,553,556,557,565,567,571,577,578,579,580,583,585,586,593,596,600,601,604,608,609,614,618,619,629,634,635,638,641,644,657,658,661,665,666,669,678,679,680,681,684,685,689,690,692,693,696,697,698,699,700,703,705,709,710,711,713,759,822
0007_00137	10,11,12,15,19,20,179,180,256,284,285,286,287,300,309,333,334,339,341,342,345,346,352,353,356,357,366,371,372,381,382,383,385,394,407,417,421,431,435,441,442,444,447,453,471,491,499,517,521,525,529,536,537,542,543,549,553,557,565,567,571,574,575,579,580,583,585,591,593,596,600,604,607,608,609,618,619,620,635,638,641,642,644,652,656,661,665,668,669,678,679,680,681,684,685,689,690,693,697,699,705,709,710,711,715,778
0007_00138	10,11,12,15,16,19,20,21,22,31,32,144,147,179,181,182,256,257,284,285,286,287,300,309,315,333,340,342,345,346,347,352,353,356,359,366,367,371,372,373,374,376,377,380,382,385,388,390,391,392,393,394,397,398,400,401,404,406,407,408,412,417,419,421,426,435,436,440,442,443,444,446,447,448,450,451,452,454,457,465,473,483,485,488,489,492,494,496,503,505,507,517,520,522,524,528,531,536,539,540,541,546,547,550,554,556,561,567,568,572,573,577,581,583,586,593,594,597,602,613,614,615,618,622,625,629,637,638,639,640,644,646,647,648,651,655,657,658,660,663,664,673,674,675,681,682,683,684,691,692,703
0007_00139	10,11,12,13,15,16,19,20,21,22,23,31,32,144,147,179,181,182,186,189,256,257,284,285,286,287,300,309,315,333,339,340,341,342,345,346,347,348,352,353,356,359,366,367,368,371,372,373,374,375,376,377,380,381,382,385,388,390,391,392,393,394,397,398,400,401,404,406,407,408,412,417,419,421,426,435,436,440,442,443,444,446,447,448,450,451,452,454,457,465,473,483,485,488,489,492,494,496,503,505,507,517,520,522,524,528,529,531,536,539,540,541,546,547,550,554,556,561,564,567,568,572,573,577,581,583,586,593,594,597,602,613,614,615,616,618,622,625,629,637,638,639,640,644,646,647,648,651,655,657,658,660,662,663,664,673,674,675,680,681,682,683,684,690,691,692,702,703,704
0007_00140	10,11,12,15,16,19,20,21,22,23,31,32,144,147,179,181,182,186,189,256,257,284,285,286,287,300,309,315,333,340,342,345,346,347,348,352,353,356,359,366,367,368,371,372,373,374,376,377,380,381,382,385,388,390,391,392,393,394,397,398,400,401,404,406,407,408,412,417,419,421,426,435,436,440,442,443,444,446,447,448,450,451,452,454,457,465,473,483,485,488,489,492,494,496,503,505,507,517,520,522,524,528,531,536,539,540,541,546,547,550,554,556,561,564,567,568,572,573,577,581,583,586,593,594,597,602,613,614,615,618,622,625,629,637,638,639,640,644,646,647,648,651,655,657,658,660,662,663,664,673,674,675,680,681,682,683,684,690,691,692,702,703
0007_00141	10,11,12,15,16,19,20,21,22,23,31,32,144,147,179,181,182,186,189,256,257,284,285,286,287,300,309,315,333,340,342,345,346,347,348,352,353,356,359,366,367,368,371,372,373,374,376,377,380,381,382,385,388,390,391,392,393,394,397,398,400,401,404,406,407,408,412,417,419,421,426,435,436,440,441,442,443,444,446,447,448,450,451,452,453,454,457,463,465,473,483,485,488,489,492,494,496,503,505,507,517,520,522,524,528,531,536,538,539,540,541,546,547,550,554,556,561,564,567,568,572,573,577,580,581,582,583,586,593,594,597,602,606,613,614,615,618,622,625,629,637,638,639,640,643,644,646,647,648,651,655,657,658,660,662,663,664,673,674,675,680,681,682,683,684,685,687,690,691,692,693,694,702,703,706
0007_00142	10,11,12,15,16,19,20,21,22,31,144,147,179,181,182,256,257,284,285,286,287,300,309,315,333,340,342,345,346,347,352,353,356,359,366,367,371,372,373,374,376,377,380,382,385,388,390,391,392,393,394,397,398,400,401,404,406,407,408,412,417,419,421,426,435,436,440,442,443,444,446,447,448,450,451,452,454,457,465,473,483,485,488,489,492,494,496,503,505,507,517,520,522,524,528,531,536,539,540,541,546,547,550,554,556,561,567,568,572,573,577,581,583,586,593,594,597,602,613,614,615,618,622,625,629,637,638,639,640,644,646,647,648,651,655,657,658,660,663,664,673,674,675,681,682,683,684,691,692,703
0007_00145	10,11,12,15,16,19,20,21,144,147,179,181,182,256,257,284,285,286,287,300,309,333,340,342,345,346,347,352,353,356,359,366,367,371,372,373,374,376,377,380,382,385,388,390,391,392,393,394,397,398,400,401,404,406,407,417,419,421,435,436,440,442,443,444,446,447,448,450,451,452,454,465,473,483,485,488,489,492,494,496,503,505,507,517,520,522,524,528,531,536,539,540,541,546,547,550,554,556,561,567,568,572,573,577,581,583,586,593,594,597,602,613,614,615,618,622,625,629,637,638,639,640,644,646,647,648,651,655,657,658,660,663,664,673,674,675,681,682,683,684,691,692,703
0007_00146	10,11,12,15,16,19,20,21,22,31,32,144,147,179,181,182,256,257,284,285,286,287,300,309,315,333,340,342,345,346,347,352,353,356,359,366,367,371,372,373,374,376,377,380,382,385,388,390,391,392,393,394,397,398,400,401,404,406,407,408,412,417,419,421,426,435,436,440,442,443,444,446,447,448,450,451,452,454,457,465,473,483,485,488,489,492,494,496,503,505,507,517,520,522,524,528,531,536,539,540,541,546,547,550,554,556,561,567,568,572,573,577,581,583,586,593,594,597,602,613,614,615,618,622,625,629,637,638,639,640,644,646,647,648,651,655,657,658,660,663,664,673,674,675,681,682,683,684,691,692,703
