id	bits.on
0196_0001	19,20,44,54,56,57,65,71,89,123,124,125,134,138,139,153,163,165,172,192,210,235,256,267,269,300,302,319,341,347,357,361,364,369,374,392,396,405,406,412,422,432,436,445,454,459,461,464,480,481,486,487,492,508,524,525,543,550,555,558,566,580,599,600,612,625,626,627,629,638,678,680,689,690,692,699,719,725,727,728,755,763,783,785,791,810,823,843,846,871,877,881,887,897,898,899,918,919,936,948,954,959,960,963,965,968,974,975
0196_0002	20,94,107,113,118,141,153,207,231,250,284,341,440,481,508,530,616,626,635,727,940,976,984
0196_0004	54,57,67,77,89,132,134,137,139,153,163,168,244,245,256,266,302,317,319,347,369,374,405,412,422,436,461,479,486,508,524,544,555,582,588,614,626,631,638,662,680,692,693,699,704,719,720,743,763,783,785,787,791,796,797,831,836,866,919,936,954,963,968,974
0196_0005	20,94,112,144,153,266,298,305,373,434,480,508,626,727,767,778,915,993
0196_0006	20,94,107,141,207,390,406,423,481,508,544,563,621,626,727,802,948
0196_0007	85,134,268,317,366,385,393,405,408,422,479,486,511,580,581,662,691,741,772,787,796,797,905,968,994
0196_0008	4,6,15,20,26,89,94,140,150,153,178,185,207,216,223,250,263,326,390,395,461,474,486,492,508,516,570,576,587,626,632,704,720,727,757,762,770,819,829,836,837,855,874,896,936,946,948,960,1016,1023
0196_0009	20,31,62,68,83,94,96,107,118,134,141,153,207,211,231,265,279,315,347,387,442,481,487,508,511,550,563,626,635,699,727,748,859,887,968,1001,1022
0196_0011	20,83,93,94,107,118,134,141,153,207,480,481,508,511,626,628,635,727
0196_0012	97,98,110,134,206,218,223,245,289,343,486,506,508,524,582,583,657,658,662,727,946,960,981,984
0196_0013	65,70,89,134,139,153,163,199,207,245,311,326,327,330,369,374,405,452,460,461,465,481,508,523,524,560,596,615,626,638,657,680,716,719,765,791,833,887,919,928,936,952,968,974,976
0196_0015	20,94,107,118,141,153,175,186,207,387,481,508,626,635,727,967,1006
0196_0016	20,51,94,107,118,141,153,174,207,231,250,270,341,360,441,481,504,508,516,552,558,626,635,636,643,679,727,778,789,986
0196_0017	45,77,92,139,146,153,236,413,481,508,609,626,913
0196_0018	89,93,134,150,153,242,245,288,311,326,330,360,369,461,508,534,604,626,657,658,663,670,719,791,892,906,936,953
0196_0019	20,81,94,116,134,169,170,272,385,393,405,456,487,508,550,585,619,626,725,727,897,898,922,968,1000
0196_0020	67,77,89,132,134,137,139,153,163,168,199,207,244,245,311,317,319,326,327,330,369,374,405,422,436,461,479,486,508,524,544,582,614,626,631,638,662,680,699,704,719,720,783,787,791,797,831,836,866,919,936,963,968,974
0196_0023	20,52,94,107,141,153,207,236,254,406,454,465,481,508,544,626,727,802,868,948,994
0196_0025	20,54,94,107,118,141,153,207,231,250,261,284,480,481,508,530,626,635,727,730,752,984
0196_0027	20,94,134,153,231,270,281,295,334,452,480,508,522,550,620,626,640,676,702,727,733,947,968,970
0196_0028	20,36,89,153,178,192,257,263,311,326,327,330,369,376,451,461,474,492,508,516,534,545,626,647,671,687,719,727,762,791,936,948,960,974
0196_0031	20,94,107,153,207,326,378,390,419,483,508,538,542,576,626,697,704,726,727,794,874,936,992
0196_0032	15,20,26,88,89,94,171,213,279,318,490,508,570,599,600,626,675,719,727,819,822,836,855,936
0196_0033	10,15,20,31,39,89,94,134,201,245,264,275,385,453,474,506,508,540,553,590,617,626,662,674,677,678,727,755,981
0196_0035	15,20,32,89,94,123,139,233,237,276,404,427,451,473,474,508,590,614,626,662,677,727,770,772
0196_0038	20,94,107,118,141,153,188,207,214,231,250,363,396,447,481,508,626,635,727,881,915,948,949,992,1015
0196_0040	62,134,317,344,370,405,422,479,481,486,511,580,662,678,690,691,729,750,787,806,828,887,905,944,960,968,989,1006
0196_0041	6,14,19,44,56,65,89,124,134,139,153,163,172,192,244,281,306,319,369,374,405,415,422,436,461,464,481,486,524,525,558,566,580,625,626,629,638,678,680,690,719,728,755,783,791,881,887,915,919,936,948,959,960,968,974,975,1015,1017
0196_0042	15,89,122,134,139,153,173,185,199,220,245,311,326,330,340,370,379,461,506,508,524,533,538,569,575,580,582,626,632,649,662,671,675,782,791,806,836,841,850,918,920,930,936,948,964,968,974,1019
0196_0043	20,94,107,153,196,207,326,390,508,515,531,576,626,708,727
0196_0044	20,31,86,94,134,137,223,245,351,456,489,506,508,513,626,662,672,727,731,766,866,928,930,968,971,981,997
0196_0045	57,77,153,163,266,347,430,442,481,508,588,626,636,692,763,913,954,981
0196_0046	98,134,188,206,223,240,245,249,317,405,422,479,506,508,517,532,580,582,654,662,727,778,787,884,950,968,981,984,1012
0196_0048	20,94,107,141,153,207,209,242,293,379,383,481,508,552,626,727,776,789,846,915,999
0196_0050	20,52,64,94,96,107,118,134,141,153,182,207,272,372,383,389,407,479,481,487,503,508,550,603,626,635,654,662,714,727,762,778,786,797,812,849,893,896,921,951,968,989
0196_0051	32,54,57,89,130,134,139,153,163,167,169,236,245,256,266,277,302,347,369,374,391,412,434,452,461,506,508,524,555,569,588,626,638,657,662,680,692,693,719,743,763,766,785,791,796,806,810,919,936,952,954,968,974
0196_0052	15,20,32,79,89,94,139,233,237,474,508,590,614,626,662,677,727,772
0196_0053	14,119,134,220,245,298,424,449,454,479,506,508,575,582,649,662,727,837,896,937,948,968,981
0196_0056	32,89,130,134,139,153,163,167,169,199,207,236,245,277,311,326,327,330,369,374,391,434,452,461,506,508,524,569,626,638,657,662,680,719,766,791,806,810,919,936,952,968,974
0196_0058	20,77,88,94,107,117,122,134,153,195,207,281,285,310,338,366,387,389,395,405,479,481,508,516,530,551,602,626,662,668,673,727,739,757,787,866,913,938,965,968,989,999
0196_0060	15,20,28,89,94,134,240,300,392,456,508,521,536,540,599,626,693,719,727,743,767,773,836,856,908,936,968,1009
0196_0061	20,21,94,153,337,480,508,530,626,727,752
0196_0062	20,52,62,72,94,96,107,118,134,141,145,153,182,207,230,270,421,424,481,487,508,550,558,588,626,635,727,864,968,989
0196_0064	20,39,94,107,134,153,196,207,312,390,480,508,511,531,626,727,807
0196_0065	20,83,93,94,107,118,134,141,153,207,480,481,508,511,626,628,635,727
0196_0066	15,42,54,57,89,122,134,139,153,161,228,245,266,347,405,446,452,460,461,465,481,508,523,524,555,560,584,588,596,615,626,632,657,692,693,716,743,763,765,776,784,791,833,836,850,887,920,928,930,936,952,954,964,968,974,1019
0196_0067	134,154,245,308,317,405,422,479,508,509,512,517,582,662,743,755,787,834,866,948,968,984,1013
0196_0068	20,46,53,94,144,153,341,355,480,481,508,541,596,603,626,670,675,678,727,783,948,978
0196_0069	20,52,72,91,93,94,107,118,134,141,153,182,197,207,226,262,270,281,353,369,381,476,481,508,515,550,601,626,635,640,727,753,808,968,989
0196_0070	64,67,89,120,129,132,134,139,153,163,168,199,207,244,245,309,311,319,326,327,330,337,369,374,405,422,461,481,486,506,508,524,532,582,615,626,631,638,662,669,680,719,720,783,791,792,797,860,868,876,887,889,919,936,968,974
0196_0072	20,39,94,107,134,153,196,207,312,390,480,508,511,531,626,727,807
0196_0073	20,77,94,107,118,141,153,185,207,225,231,250,424,436,441,458,481,508,626,635,679,727,778,913,916
0196_0074	20,52,72,94,107,118,134,141,153,182,207,270,281,424,481,508,550,558,620,626,635,640,676,697,727,733,819,947,968,970,989
0196_0076	20,83,94,107,118,141,153,207,341,353,440,481,508,511,626,634,635,727
0196_0077	20,94,107,141,199,207,241,406,481,508,544,626,727,750,802,948
0196_0078	64,134,142,196,206,245,317,405,422,453,479,481,506,508,509,512,517,545,582,615,652,662,743,755,787,795,860,869,887,889,968,984
0196_0079	20,94,107,118,141,153,207,231,250,326,348,481,508,626,635,666,727,776,839
0196_0080	15,44,102,134,151,152,153,182,195,220,234,264,326,328,387,393,405,420,475,580,596,605,626,640,708,719,746,920,948,968
0196_0081	15,19,54,56,57,65,89,122,134,139,153,161,172,266,318,319,347,349,361,405,422,436,445,446,452,461,481,486,508,524,525,555,558,566,580,584,588,625,626,629,678,690,692,693,728,743,755,760,763,783,784,791,836,850,887,920,930,936,954,960,964,968,974,975,1019
0196_0082	20,94,107,120,205,207,390,508,542,626,727,936
0196_0084	10,11,14,20,26,38,64,88,93,94,107,113,134,136,141,152,153,159,199,203,207,231,245,247,261,274,289,297,306,310,321,349,357,374,383,393,405,410,426,461,475,480,481,506,508,511,512,516,518,530,550,580,582,593,602,606,613,615,625,626,635,662,673,676,727,739,752,789,821,860,866,879,887,889,893,897,943,960,968,1017
0196_0085	20,94,107,134,153,207,212,232,390,458,480,508,511,542,568,602,626,727,813,889,909,936
0196_0089	20,94,128,141,153,175,186,207,230,257,270,387,466,478,480,481,508,509,516,626,635,692,727,841,871,917,927,1006
0196_0090	20,57,94,107,108,146,153,207,326,347,435,508,571,576,588,626,692,727,747,845,899,954,961
0196_0093	20,64,94,96,107,134,153,167,207,272,310,333,347,372,375,383,389,407,479,487,503,508,516,550,602,603,626,654,662,673,714,727,739,762,778,786,797,812,893,896,948,960,968,989,1018
0196_0094	20,94,126,153,257,276,370,469,480,486,498,508,601,625,626,719,727,805,850,874,904,1011
0196_0095	20,36,89,153,178,192,257,263,311,326,327,330,369,376,451,461,474,492,508,516,534,545,626,647,671,687,719,727,762,791,936,948,960,974
0196_0096	18,22,36,54,57,89,148,153,266,347,366,369,399,461,495,508,555,562,588,626,647,692,693,719,743,763,785,786,791,796,936,954,959,974
0196_0097	20,94,107,118,141,153,207,231,250,298,441,481,508,515,626,635,679,727,778
0196_0098	20,94,107,118,130,141,153,207,231,250,396,441,480,481,508,530,626,635,679,727,752,778,787,884,976
0196_0099	15,42,89,122,134,139,153,199,228,245,311,326,330,405,452,460,461,465,481,508,523,524,560,596,615,626,632,657,716,765,776,782,791,833,836,850,887,920,928,930,936,952,964,968,974,1019
0196_0100	77,127,134,153,154,207,224,226,259,286,305,336,350,353,369,381,390,476,481,515,550,626,640,647,787,836,849,968,991
0196_0101	36,54,57,82,89,110,148,153,166,266,298,324,347,369,461,481,508,555,588,607,626,647,687,692,693,698,719,743,763,785,791,796,830,894,936,954,974
0196_0102	20,94,107,120,205,207,390,508,542,626,727,936
0196_0103	15,20,89,94,134,216,218,223,240,245,289,317,321,401,456,508,513,527,540,604,626,727,743,833,836,936,953,968,1009
0196_0105	20,94,107,118,141,153,186,207,231,250,387,396,481,508,535,607,626,635,656,727
0196_0106	67,134,245,250,266,311,317,377,404,405,422,479,508,515,517,524,585,603,614,662,681,686,738,754,787,852,923,935,948,968,984,999,1010
0196_0107	20,39,49,94,107,118,141,153,207,297,481,508,527,626,635,727,802,852,948,949
0196_0108	73,89,153,170,230,240,260,311,326,327,330,346,347,369,435,461,487,562,626,651,660,667,719,787,791,804,936,974
0196_0110	20,52,64,94,96,107,118,134,141,153,182,207,272,372,383,389,407,479,481,487,503,508,550,603,626,635,654,662,714,727,762,778,786,797,812,849,893,896,921,951,968,989
0196_0111	14,20,94,107,118,138,141,153,197,207,451,475,481,508,548,626,635,663,667,727,747,866
0196_0112	20,21,94,107,118,120,141,153,207,231,250,291,313,347,402,430,475,480,481,485,508,530,544,545,626,635,640,727,752,797,850,950,1019,1022
0196_0113	20,39,47,55,89,134,151,245,264,276,341,481,492,506,508,516,600,662,677,727,761,767,782,836,874,886,981,986
0196_0115	15,54,89,117,134,137,150,207,219,245,250,278,357,390,461,508,534,602,604,626,656,670,684,719,782,850,906,936,951
0196_0116	57,77,153,207,240,389,481,508,626,692,757,913,936,954
0196_0117	20,94,107,118,141,153,158,207,231,250,278,280,347,481,508,584,621,626,635,727,734,835,838,909,948
0196_0119	20,94,103,107,118,141,144,153,207,231,250,255,259,302,341,430,441,481,490,508,553,599,626,635,642,657,659,670,679,686,698,727,778,781,915,948
0196_0120	36,82,89,110,153,166,240,311,324,326,327,330,369,461,481,626,647,671,687,698,719,791,830,894,936,974,1008
0196_0121	41,88,100,132,134,146,236,240,245,262,319,376,405,422,506,508,524,576,585,603,630,638,662,679,686,715,723,763,778,806,808,948,968,969,982
0196_0122	19,44,54,56,57,65,79,89,121,124,134,139,153,163,165,172,192,256,269,300,302,319,347,364,369,374,405,412,422,436,461,464,481,486,492,508,524,525,555,558,566,580,588,600,625,626,629,638,678,680,690,692,719,728,755,763,783,785,791,887,919,936,954,959,960,968,974,975
0196_0123	13,15,34,89,107,153,311,326,327,330,336,371,460,461,570,626,673,715,719,757,791,821,836,858,936,964,974
0196_0124	20,42,52,83,94,107,118,134,141,144,153,207,275,319,340,384,405,422,430,472,481,508,524,626,635,686,727,823,824,851,870,948,968,989
0196_0125	153,207,326,390,538,576,626,697,704,726,874,992,997
0196_0126	15,20,89,94,106,134,163,201,245,264,474,508,527,554,584,590,626,662,677,727,772,1022
0196_0127	6,20,80,94,101,102,106,134,153,220,234,264,326,328,387,393,405,420,456,508,552,580,605,626,640,646,674,685,708,719,727,737,845,948,968
0196_0128	20,68,94,134,211,255,313,321,353,405,430,456,487,508,549,550,580,585,605,626,628,630,725,727,928,968,981,1007
0196_0132	6,8,20,22,89,94,175,461,508,562,626,635,647,656,677,719,727,786,790,799,802,872,936,959,974,995
0196_0133	4,35,50,63,67,89,94,127,132,134,137,139,153,163,175,199,207,244,311,316,319,326,327,330,369,374,405,422,461,524,576,626,631,638,675,680,686,719,720,772,783,791,797,801,814,877,919,924,936,948,963,968,974,982
0196_0134	15,89,122,134,139,153,155,167,169,199,236,245,277,311,326,330,434,452,461,506,508,524,569,582,612,626,632,657,662,766,782,791,805,806,836,850,920,930,936,952,964,968,974,1019
0196_0135	15,20,22,32,89,94,329,438,474,508,590,613,626,662,677,727,776,818,936,944,964
0196_0136	20,94,134,160,177,195,252,304,366,387,395,405,445,469,479,508,510,551,611,626,662,727,787,850,968,973
0196_0138	15,20,89,94,106,134,163,201,245,264,474,508,527,554,584,590,626,662,677,727,772,1022
0196_0139	20,94,153,270,272,360,409,480,508,516,517,530,626,632,633,643,727,730,752,762,778,948,960,976,990
0196_0142	77,134,145,153,181,226,262,270,281,353,356,369,381,476,481,515,550,601,626,640,711,740,786,913,968
0196_0144	20,77,94,107,118,141,153,185,207,225,231,250,424,436,441,458,481,508,626,635,679,727,778,913,916
0196_0145	26,54,57,65,70,89,134,138,139,153,163,210,211,245,256,267,269,302,347,364,369,374,405,406,412,430,452,454,459,460,461,465,481,492,497,508,520,523,524,540,555,560,596,600,615,626,638,657,680,692,700,716,718,719,763,765,785,791,823,833,846,877,887,919,928,932,936,948,952,954,965,968,974,976,994
0196_0147	20,57,94,107,118,141,153,199,207,244,266,292,320,347,481,508,512,588,626,635,692,727,757,763,894,954
0196_0150	20,69,94,107,118,123,141,153,207,231,237,242,250,321,348,363,441,447,481,508,540,626,635,727,735,803,915,923,949
0196_0151	20,62,94,107,118,141,153,207,231,250,476,481,483,498,508,626,635,727,948,994
0196_0152	20,94,100,144,153,193,258,298,373,480,504,508,626,727,767,837,948,977
0196_0153	20,57,81,94,153,240,480,508,626,679,692,727,954,1003,1005
0196_0154	20,47,74,96,106,134,138,387,392,405,437,464,487,508,550,557,580,585,605,638,670,727,839,968
0196_0156	20,93,94,107,118,141,153,207,231,250,259,261,341,441,481,490,508,626,635,642,657,659,679,698,704,727,756,778,833,915
0196_0158	22,35,89,210,215,260,309,455,461,488,562,626,647,719,786,863,873,936,948,959,974
0196_0159	20,35,94,107,110,118,141,153,207,231,250,254,363,447,481,484,508,552,626,635,727,855,915,949
0196_0160	20,94,107,131,153,207,220,231,261,349,357,383,480,508,516,530,602,626,673,727,752,855,948,994,998
0196_0161	20,77,94,107,118,141,153,207,231,250,436,441,481,483,487,508,626,635,679,727,778,877,913
0196_0162	89,96,103,132,134,135,139,153,163,164,184,199,207,223,245,307,311,319,326,327,330,337,368,369,374,405,422,461,506,508,524,582,585,592,626,631,638,662,680,696,698,719,727,783,791,867,919,936,943,968,974,981,990,1007
0196_0164	15,20,26,88,89,117,134,147,153,163,175,190,195,201,207,237,245,253,264,340,341,347,369,371,376,387,389,395,397,405,415,456,479,481,488,508,515,516,518,524,554,584,590,647,662,672,673,715,727,739,749,772,777,787,864,866,884,934,938,942,968,981,989,1022
0196_0165	54,57,65,70,89,134,139,153,163,245,256,266,302,347,369,374,405,412,452,460,461,465,481,508,523,524,555,560,588,596,615,626,638,657,680,692,693,716,719,743,763,765,785,791,796,833,887,919,928,936,952,954,968,974,976
0196_0166	20,94,107,113,131,134,153,207,426,480,508,511,516,602,626,673,727,948,994,998
0196_0167	20,94,107,207,378,390,508,538,542,578,626,727,794,936
0196_0168	20,52,88,94,107,117,118,134,141,151,153,195,207,270,369,387,395,405,479,481,508,626,635,662,727,787,863,866,968,989
0196_0170	20,94,107,153,167,207,341,353,390,440,481,508,511,516,525,602,626,673,727,739,742,753,762,797,948,960
0196_0171	15,20,32,89,94,123,139,233,237,276,404,427,451,473,474,508,590,614,626,662,677,727,770,772
0196_0172	18,22,36,54,57,89,148,153,266,347,366,369,399,461,495,508,555,562,588,626,647,692,693,719,743,763,785,786,791,796,936,954,959,974
0196_0173	10,19,20,24,44,54,56,57,65,71,89,123,125,127,134,138,139,153,165,167,172,176,192,210,235,267,269,300,319,336,341,347,357,361,364,369,374,392,395,396,405,406,422,432,436,445,454,459,461,464,467,480,481,486,487,492,508,524,525,543,550,555,558,566,569,580,588,599,600,612,625,626,627,629,678,689,690,692,699,717,719,725,727,728,755,763,766,783,785,791,798,810,823,843,846,871,877,881,887,897,898,899,918,919,936,948,954,959,960,963,965,968,974,975
0196_0177	15,24,54,57,73,89,122,125,132,134,139,153,161,170,173,185,220,245,269,300,311,326,327,330,339,340,346,347,364,369,370,379,435,446,452,461,466,475,492,506,508,524,533,538,555,562,565,569,575,580,582,600,626,649,660,662,671,675,686,692,719,763,784,787,791,806,836,841,850,900,905,915,918,920,930,936,948,954,964,968,974,988,1019
0196_0181	20,94,128,153,270,272,480,508,516,626,641,724,727,762,871,927,948,960
0196_0182	20,94,107,134,153,167,207,341,480,508,511,516,522,602,626,673,727,739,742,762,797,902,948,960
0196_0185	15,54,57,64,67,89,120,122,129,132,134,139,153,161,163,168,245,266,309,319,337,347,386,405,422,446,452,461,481,486,506,508,524,530,555,582,584,588,609,615,626,631,662,669,671,692,693,743,763,783,784,791,792,823,836,850,860,868,887,889,920,930,936,954,964,968,974,1019
0196_0186	20,44,54,57,67,71,77,89,123,125,132,134,137,139,153,163,165,168,235,244,245,256,269,300,302,317,319,341,347,357,361,364,369,374,392,396,405,412,422,432,436,461,475,479,480,481,486,487,492,508,524,543,544,550,555,582,599,600,603,612,614,626,627,631,638,662,680,689,692,699,704,719,720,725,727,763,783,785,787,791,797,810,831,836,843,866,871,881,897,898,899,900,918,919,936,948,954,963,968,974
0196_0188	20,57,94,107,153,207,266,274,292,347,378,390,419,426,508,538,542,559,588,626,692,704,726,727,757,763,775,794,821,914,936,954
0196_0190	20,92,94,107,118,141,146,153,207,236,481,508,545,609,626,635,723,727,758,964,1006
0196_0191	19,44,54,56,57,65,89,124,134,139,153,163,172,192,256,266,302,319,347,369,374,405,412,422,436,461,464,481,486,508,524,525,555,558,566,580,588,625,626,629,638,678,680,690,692,693,719,728,743,755,763,783,785,791,796,887,919,936,954,959,960,968,974,975
0196_0192	20,94,107,153,207,326,378,390,419,483,508,538,542,576,626,697,704,726,727,794,874,936,992
0196_0194	20,138,146,153,320,387,423,508,530,575,606,700,718,727,778,833,859,919,924,932,944,948
0196_0195	19,56,65,89,134,139,146,153,172,192,252,269,311,313,319,326,330,338,374,379,388,405,422,436,443,459,461,464,467,481,486,492,508,524,525,539,558,564,566,580,609,625,626,629,678,690,727,728,755,783,791,805,807,816,887,919,959,960,968,974,975,1009
0196_0197	24,32,54,57,73,89,125,130,132,134,139,153,163,165,167,169,170,236,245,256,269,277,300,302,311,326,327,330,339,346,347,364,369,374,391,412,434,435,452,461,466,475,492,506,508,524,555,562,565,569,600,626,638,657,660,662,680,686,692,719,763,766,785,787,791,806,810,900,905,915,919,936,952,954,968,974,988
0196_0200	57,153,266,347,378,430,508,540,566,588,600,626,692,700,718,763,833,919,932,948,954,981,994
0196_0203	41,93,95,134,153,182,201,202,220,227,234,257,285,326,347,393,400,405,408,436,476,481,482,512,535,539,568,569,580,605,613,621,626,666,675,678,687,719,758,773,786,821,826,843,853,887,922,948,968,1016
0196_0204	15,54,57,64,67,79,89,120,121,122,129,132,134,139,153,161,163,168,245,269,300,309,319,337,347,364,386,405,422,446,452,461,481,486,492,506,508,524,525,530,555,566,582,588,600,609,615,626,631,662,669,671,692,763,783,784,787,791,792,823,836,850,860,868,887,889,920,930,936,954,964,968,974,1019
0196_0208	19,20,94,107,118,141,153,185,207,225,231,250,269,381,441,481,508,606,626,635,679,700,718,727,778,833,919,932,948
0196_0209	20,57,58,94,115,172,347,454,508,539,588,626,692,712,719,727,779,872,954,995
0196_0210	24,32,54,57,73,89,125,130,132,134,139,153,163,165,167,169,170,236,245,256,269,277,300,302,311,326,327,330,339,346,347,364,369,374,391,412,434,435,452,461,466,475,492,506,508,524,555,562,565,569,600,626,638,657,660,662,680,686,692,719,763,766,785,787,791,806,810,900,905,915,919,936,952,954,968,974,988
0196_0211	24,57,73,89,132,153,160,170,311,326,327,330,339,346,347,369,435,461,508,541,562,588,599,626,660,692,719,787,791,936,954,974,988
0196_0212	32,57,96,102,134,153,199,220,221,234,264,266,278,328,347,349,387,393,405,469,499,508,537,580,588,614,626,640,659,692,708,719,725,734,763,793,824,850,948,954,968,1000
0196_0213	20,35,57,138,153,182,201,326,347,358,441,508,525,604,626,727,763,783,801,872,877,898,954
0196_0215	18,22,36,54,57,89,148,153,266,347,366,369,399,461,495,508,555,562,588,626,647,692,693,719,743,763,785,786,791,796,936,954,959,974
0196_0216	20,53,57,94,98,107,114,153,175,196,207,266,292,347,390,508,531,588,626,682,692,727,757,763,954
0196_0217	20,138,153,197,207,301,387,390,434,508,511,526,575,626,627,700,707,727,754,779,831,833,919,932,948
0196_0218	57,77,153,163,266,347,430,442,481,508,588,626,636,692,763,913,954,981
0196_0219	20,24,94,107,118,141,153,207,292,347,429,481,498,508,544,626,635,727,762,804,886,894,948,989
0196_0220	15,54,57,89,122,134,139,153,161,173,185,220,245,266,340,347,370,379,446,452,461,506,508,524,533,538,555,569,575,580,582,584,588,626,649,662,671,675,692,693,743,763,784,791,806,836,841,850,918,920,930,936,948,954,964,968,974,1019
0196_0221	4,15,19,32,56,65,89,124,134,139,146,163,172,192,238,252,269,288,319,326,369,383,405,422,436,453,461,464,481,486,508,524,525,539,540,558,566,580,598,625,626,629,678,690,701,711,719,728,755,783,815,816,887,905,908,919,936,952,959,960,968,974,975,979,1009
0196_0222	19,24,44,54,56,57,65,73,89,124,125,132,134,139,153,163,165,170,172,192,256,269,300,302,311,319,326,327,330,339,346,347,364,369,374,405,412,422,435,436,461,464,466,475,481,486,492,508,524,525,555,558,562,565,566,580,600,625,626,629,638,660,678,680,686,690,692,719,728,755,763,783,785,787,791,887,900,905,915,919,936,954,959,960,968,974,975,988
0196_0223	20,57,153,203,207,259,266,292,325,326,347,390,507,508,538,559,588,626,665,692,704,705,727,757,763,771,775,821,844,898,914,936,954,969
0196_0224	19,24,46,54,56,57,65,89,124,134,139,153,163,167,172,192,259,266,319,347,374,405,422,436,458,461,464,467,481,486,508,524,525,532,555,558,566,580,588,595,599,623,625,626,629,678,690,692,693,705,719,728,743,755,763,783,789,791,870,887,919,936,954,959,960,968,974,975,997
0196_0225	20,52,72,91,94,107,118,134,138,141,153,182,207,226,270,281,304,353,417,453,474,481,508,515,550,626,635,640,657,697,710,727,753,766,773,808,819,937,968,971,989
0196_0226	77,121,134,153,207,270,286,350,364,390,481,522,550,620,626,640,647,676,733,782,787,849,947,968,991
0196_0227	20,77,94,107,153,167,180,207,225,231,424,436,458,481,504,508,512,516,602,613,626,637,673,727,739,762,778,797,897,913,948,960
0196_0228	24,32,54,57,73,89,125,130,132,134,139,153,163,165,167,169,170,236,245,256,269,277,300,302,311,326,327,330,339,346,347,364,369,374,391,412,434,435,452,461,466,475,492,506,508,524,555,562,565,569,600,626,638,657,660,662,680,686,692,719,763,766,785,787,791,806,810,900,905,915,919,936,952,954,968,974,988
0196_0230	6,29,77,102,134,146,152,153,171,182,195,220,234,264,326,328,330,387,393,405,420,481,580,596,605,626,640,708,719,746,948,968
0196_0231	20,21,77,94,118,130,153,343,353,446,480,481,508,530,626,649,727,752,982
0196_0232	15,54,57,89,122,134,139,153,155,161,167,169,236,245,266,277,347,434,446,452,461,506,508,524,555,569,582,584,588,612,626,657,662,692,693,743,763,766,784,791,805,806,836,850,920,930,936,952,954,964,968,974,1019
0196_0235	54,57,89,96,103,132,134,135,139,153,163,164,184,223,245,256,266,302,307,319,337,347,368,369,374,405,412,422,461,506,508,524,555,582,585,588,592,626,631,638,662,680,692,693,696,698,719,727,743,763,783,785,791,796,867,919,936,943,954,968,974,981,990,1007
0196_0236	19,44,54,56,57,65,89,105,119,124,131,134,139,153,163,165,166,172,184,192,207,211,220,221,240,245,253,256,262,269,292,300,302,308,310,319,347,364,367,369,374,390,394,399,400,403,405,411,412,422,423,436,451,461,464,467,475,481,486,489,492,506,508,515,524,525,532,538,555,558,559,566,580,582,585,596,600,603,607,615,616,622,625,626,629,638,647,658,662,668,678,680,690,692,704,710,719,728,746,755,763,783,785,791,841,887,892,900,914,919,934,936,948,954,959,960,968,974,975,981,1006,1018,1024
0196_0237	15,64,67,89,120,122,129,132,134,139,153,163,168,199,245,309,311,319,326,330,337,386,405,422,461,481,486,506,508,524,530,582,609,615,626,631,632,662,669,671,782,783,791,792,823,836,850,860,868,887,889,920,930,936,964,968,974,1019
0196_0238	20,31,86,94,134,137,223,245,351,456,489,506,508,513,626,662,672,727,731,766,866,928,930,968,971,981,997
0196_0239	20,62,124,138,140,153,171,207,272,283,306,338,347,358,370,387,423,434,497,508,511,526,530,536,556,575,627,640,662,700,727,748,755,778,781,826,827,833,888,916,918,919,948,994
0196_0245	20,34,54,57,89,134,139,153,163,219,256,266,302,319,321,341,342,347,369,374,384,405,412,422,432,461,481,508,524,555,567,578,588,626,638,652,665,680,692,693,711,719,727,743,763,783,785,791,796,842,887,919,936,954,968,974
0196_0246	20,24,32,54,57,89,130,134,139,153,163,165,167,169,193,236,245,256,263,269,277,300,302,311,326,327,330,346,347,364,369,374,376,391,412,434,435,452,461,466,474,475,492,494,506,508,516,524,536,545,555,558,565,569,600,611,626,638,641,657,662,680,692,719,727,762,763,766,773,785,787,791,806,810,900,905,915,919,936,948,952,954,960,968,974
0196_0248	4,15,32,64,67,89,120,129,132,134,139,146,163,168,238,244,245,252,269,288,309,319,326,337,369,383,405,422,461,481,486,506,508,524,525,532,539,540,582,598,615,626,631,634,662,669,701,711,719,783,792,797,815,816,860,868,876,887,889,905,908,919,936,952,968,974,979,1009
0196_0250	20,57,94,107,118,141,153,199,207,244,266,292,320,347,481,508,512,588,626,635,692,727,757,763,894,954
0196_0251	6,14,19,20,44,56,65,69,89,94,107,118,124,134,139,141,153,158,163,172,192,207,231,250,263,306,319,321,363,369,374,405,417,422,436,447,461,464,481,486,508,524,525,540,558,566,580,625,626,629,635,638,678,680,690,719,727,728,755,783,788,789,791,887,915,919,936,949,959,960,968,974,975,1017
0196_0252	20,77,94,107,118,141,153,207,231,250,436,441,481,483,487,508,626,635,679,727,778,877,913
0196_0253	62,134,317,344,370,405,422,479,481,486,511,580,662,678,690,691,729,750,787,806,828,887,905,944,960,968,989,1006
0196_0255	20,24,32,54,57,89,130,134,139,153,163,165,167,169,193,236,245,256,263,269,277,300,302,311,326,327,330,346,347,364,369,374,376,391,412,434,435,452,461,466,474,475,492,494,506,508,516,524,536,545,555,558,565,569,600,611,626,638,641,657,662,680,692,719,727,762,763,766,773,785,787,791,806,810,900,905,915,919,936,948,952,954,960,968,974
0196_0257	20,57,94,144,153,154,223,259,280,341,355,421,480,481,508,553,596,603,626,670,692,697,704,727,780,783,880,915,916,948,954
0196_0259	20,94,103,107,118,141,144,153,207,231,250,255,259,302,341,430,441,481,490,508,553,599,626,635,642,657,659,670,679,686,698,727,778,781,915,948
0196_0262	77,88,115,117,134,153,195,356,387,395,405,479,481,545,662,669,786,787,913,968
0196_0263	59,86,96,134,146,163,166,236,247,272,285,298,347,383,389,479,487,503,508,550,573,592,607,609,626,654,662,678,714,762,786,797,802,896,968,972,984
0196_0267	41,45,57,93,95,134,153,182,201,202,208,220,227,234,257,263,266,285,347,393,400,405,430,476,481,482,508,512,535,539,569,580,588,605,613,621,626,653,673,675,678,687,692,719,758,763,773,786,821,826,843,887,922,948,954,968,981,1016,1023
0196_0268	20,134,138,169,245,298,335,366,387,454,479,506,508,554,582,611,638,662,727,783,837,845,866,896,937,968,981
0196_0269	14,20,62,69,94,107,110,118,128,141,145,153,159,207,231,242,250,257,270,274,283,284,285,327,342,354,363,366,380,403,440,474,480,481,508,516,530,556,626,627,635,673,680,690,692,727,739,755,757,778,826,871,878,915,917,923,927,948,984,994
0196_0271	54,57,64,67,89,120,129,132,134,139,153,163,168,244,245,256,266,302,309,319,337,347,369,374,405,412,422,461,481,486,506,508,524,532,555,582,588,615,626,631,638,662,669,680,692,693,719,720,743,763,783,785,791,792,796,797,860,868,876,887,889,919,936,954,968,974
0196_0272	20,94,107,115,207,347,508,516,626,658,727,739,762,790,797,802,948,960,982
0196_0273	20,94,153,259,261,341,480,481,488,508,530,563,626,659,698,704,727,752,756,778,833,914,915,976,1020
0196_0275	36,82,89,110,153,166,240,311,324,326,327,330,369,461,481,626,647,671,687,698,719,791,830,894,936,974,1008
0196_0277	20,64,94,101,134,153,171,207,262,272,280,347,423,480,497,508,511,526,560,626,627,700,727,762,833,886,888,919,948,1019
0196_0278	105,119,131,134,153,166,184,207,211,220,221,240,245,253,262,310,326,367,390,394,399,400,403,405,411,423,467,489,495,506,508,515,524,525,532,538,576,582,585,596,607,615,616,626,647,658,662,668,697,704,710,746,841,874,892,919,928,934,948,968,1006,1018,1024
0196_0279	73,89,153,170,183,254,307,309,311,326,327,330,345,346,347,369,435,461,549,562,626,660,669,719,787,791,936,948,974
0196_0280	20,94,153,348,370,480,508,530,626,727,752,778,863,976
0196_0282	54,57,65,70,89,134,139,153,163,245,256,266,302,347,369,374,405,412,452,460,461,465,481,508,523,524,555,560,588,596,615,626,638,657,680,692,693,716,719,743,763,765,785,791,796,833,887,919,928,936,952,954,968,974,976
0196_0283	24,54,57,64,67,73,89,120,125,129,132,134,139,153,163,165,168,170,244,245,256,269,300,302,309,311,319,326,327,330,337,339,346,347,364,369,374,405,412,422,435,461,466,475,481,486,492,506,508,524,532,555,562,565,582,600,615,626,631,638,660,662,669,680,686,692,719,720,763,783,785,787,791,792,797,860,868,876,887,889,900,905,915,919,936,954,968,974,988
0196_0284	19,35,56,65,89,124,134,139,163,172,183,192,215,260,319,405,422,433,436,461,464,481,486,524,525,558,566,580,581,594,625,626,629,678,680,690,719,728,755,783,863,887,919,936,948,959,960,968,974,975
0196_0285	14,20,94,107,118,128,141,145,153,157,186,207,226,231,250,257,270,284,285,366,387,403,427,480,481,508,516,530,566,626,627,635,673,690,692,727,739,757,871,917,927,984,997,1006
0196_0286	153,207,326,390,509,576,618,626,704,874
0196_0287	20,76,94,107,141,153,207,306,326,390,406,481,508,538,544,576,626,697,704,726,727,796,865,874,959,992
0196_0289	15,19,56,65,89,122,134,139,153,172,199,311,318,319,326,330,349,361,405,422,436,445,461,481,486,524,525,558,566,580,625,626,629,632,678,690,728,755,760,782,783,791,836,850,887,920,930,936,960,964,968,974,975,1019
0196_0291	20,36,89,153,178,192,257,263,311,326,327,330,369,376,451,461,474,492,508,516,534,545,626,647,671,687,719,727,762,791,936,948,960,974
0196_0292	20,94,107,153,167,207,231,247,261,349,383,480,508,512,516,530,536,602,613,626,673,727,739,752,762,797,948,960
0196_0293	5,38,91,130,134,178,223,245,289,293,342,352,371,405,424,453,470,506,508,551,578,580,582,585,640,662,727,747,937,945,968,981
0196_0294	6,20,94,108,134,146,194,245,289,420,436,443,452,456,479,498,508,523,626,662,727,731,766,799,896,968
0196_0295	20,94,107,153,167,186,207,226,289,387,479,508,516,602,626,673,727,739,762,797,948,960,1006
0196_0296	54,57,67,77,89,132,134,137,139,153,163,168,244,245,256,266,302,317,319,347,369,374,405,412,422,436,461,479,486,508,524,544,555,582,588,614,626,631,638,662,680,692,693,699,704,719,720,743,763,783,785,787,791,796,797,831,836,866,919,936,954,963,968,974
0196_0297	20,94,144,145,153,198,207,270,313,326,353,360,390,434,480,493,503,508,516,529,530,535,541,554,626,669,681,727,752,766,857,886,917,948,977
0196_0299	25,96,134,146,188,211,236,265,315,481,487,492,505,508,545,550,551,609,626,699,734,873,887,968
0196_0300	20,66,69,94,107,115,118,134,141,153,207,242,271,345,348,441,480,481,493,508,626,635,727,803,909,915
0196_0301	22,35,89,210,215,260,309,455,461,488,562,626,647,719,786,863,873,936,948,959,974
0196_0302	24,41,45,57,84,93,95,134,138,153,182,201,202,208,220,227,234,257,263,267,269,285,347,393,400,405,430,476,481,482,508,512,535,539,566,569,580,588,605,613,621,626,673,675,678,687,692,719,758,763,773,786,797,821,826,830,843,846,877,887,922,948,954,968,1016,1023
0196_0303	88,117,134,141,153,173,180,195,207,266,326,365,387,395,405,423,479,481,557,576,626,662,787,866,867,968,989
0196_0304	15,54,57,89,122,134,139,153,161,173,185,220,245,266,340,347,370,379,446,452,461,506,508,524,533,538,555,569,575,580,582,584,588,626,649,662,671,675,692,693,743,763,784,791,806,836,841,850,918,920,930,936,948,954,964,968,974,1019
0196_0305	20,94,99,153,174,270,341,360,480,481,504,508,516,530,539,541,554,626,727,752,857,986
0196_0307	20,62,94,107,118,141,153,207,231,250,335,441,481,494,508,626,635,679,727,778,826,948,994,1017
0196_0309	19,44,56,65,89,124,134,139,153,163,172,192,199,207,311,319,326,327,330,369,374,405,422,436,461,464,481,486,524,525,558,566,580,625,626,629,638,678,680,690,719,728,755,783,791,887,919,936,959,960,968,974,975
0196_0310	26,73,89,139,153,170,291,311,313,326,327,330,336,346,347,356,369,392,399,435,448,461,486,499,505,530,547,555,562,565,570,579,610,613,626,660,679,719,720,732,734,770,784,785,787,791,796,816,829,861,862,883,936,937,974,994
0196_0313	20,94,107,207,378,390,508,538,542,578,626,727,794,936
0196_0315	4,20,52,72,91,94,107,118,134,141,153,175,182,201,207,226,270,281,347,353,408,481,508,515,549,550,623,626,635,640,666,705,706,727,753,778,808,858,948,968,989,1008
0196_0316	22,36,73,89,98,153,168,170,216,227,240,260,311,326,327,330,346,347,369,435,439,458,461,467,495,562,576,608,626,647,651,660,719,727,787,791,804,883,936,959,974,1014
0196_0317	20,94,134,153,207,213,277,390,480,508,511,626,661,727,802,948
0196_0318	20,29,88,94,117,134,153,195,245,334,387,395,405,479,480,508,522,626,662,727,787,938,968
0196_0319	6,8,20,22,89,94,175,461,508,562,626,635,647,656,677,719,727,786,790,799,802,872,936,959,974,995
0196_0321	4,15,19,32,56,65,89,124,134,139,146,163,172,192,238,252,269,288,319,326,369,383,405,422,436,453,461,464,481,486,508,524,525,539,540,558,566,580,598,625,626,629,678,690,701,711,719,728,755,783,815,816,887,905,908,919,936,952,959,960,968,974,975,979,1009
0196_0322	20,34,45,94,107,118,141,146,153,197,207,231,236,250,481,485,508,522,626,635,644,675,727,875,889,898,918,948
0196_0323	15,20,22,32,89,94,329,438,474,508,590,613,626,662,677,727,776,818,936,944,964
0196_0325	20,94,109,508,528,626,719,727,1006
0196_0331	20,56,94,107,153,188,207,231,250,278,363,387,480,508,516,523,602,626,673,709,723,727,811,850,881,915,948,992,995,996,1015
0196_0334	20,29,50,52,64,94,107,118,134,141,153,207,322,354,372,383,479,481,506,508,515,522,541,550,626,635,640,654,662,676,727,762,778,797,812,833,849,893,896,921,947,951,968,974,989
0196_0337	20,94,107,131,134,153,207,257,259,330,341,382,480,481,505,508,511,626,727,751,756,785,829,999,1008
0196_0338	20,52,88,94,107,117,118,134,141,151,153,195,207,270,369,387,395,405,479,481,508,626,635,662,727,787,863,866,968,989
0196_0339	20,94,107,141,207,390,406,423,481,508,544,563,621,626,727,802,948
0196_0340	20,57,94,144,153,154,223,259,280,341,355,421,480,481,508,553,596,603,626,670,692,697,704,727,780,783,880,915,916,948,954
0196_0342	19,22,36,44,54,56,57,65,89,124,134,139,148,153,163,165,172,192,256,269,300,302,319,347,364,369,374,405,412,422,436,461,464,475,481,486,492,495,508,524,525,555,558,566,580,600,603,625,626,629,638,647,678,680,690,692,719,728,755,763,783,785,791,887,900,919,936,954,959,960,968,974,975
0196_0344	20,94,144,153,154,240,298,305,357,373,480,508,626,727,744,767,948,977,987
0196_0345	20,77,94,107,111,122,134,153,207,247,281,285,310,319,326,338,366,387,395,405,408,481,508,516,524,530,576,602,626,629,668,673,686,727,739,757,827,913,925,947,948,968,986,989,999
0196_0347	20,77,94,107,118,141,146,153,207,210,231,250,301,390,481,491,508,626,635,637,726,727,779,849,859,1020
0196_0349	2,20,57,71,79,128,138,153,156,163,207,216,231,254,257,270,284,285,366,387,403,414,438,508,516,530,559,569,575,586,662,673,690,727,739,757,781,869,898,917,929,948,994,1015
0196_0352	122,127,134,153,154,207,211,224,226,227,297,305,350,353,369,381,390,426,476,515,516,550,626,640,647,787,802,814,836,940,948,968,998
0196_0353	127,134,153,154,207,221,224,226,305,326,350,353,369,381,390,476,515,550,576,626,640,647,787,807,828,836,968,991
0196_0359	26,54,57,65,70,77,89,134,139,153,163,165,245,256,269,300,302,347,364,369,374,405,412,430,442,452,460,461,463,465,475,481,492,508,523,524,555,560,596,600,603,610,615,626,638,657,665,680,692,716,719,763,765,785,791,833,887,900,913,919,928,936,952,954,968,974,976
0196_0361	26,73,89,139,153,170,291,311,313,326,327,330,336,346,347,356,369,392,399,435,448,461,486,499,505,530,547,555,562,565,570,579,610,613,626,660,679,719,720,732,734,770,784,785,787,791,796,816,829,861,862,883,931,936,937,974,994
0196_0362	15,42,54,57,79,89,121,122,134,139,153,161,228,245,269,300,347,364,405,446,452,460,461,465,481,492,508,523,524,525,555,560,566,588,596,600,615,626,632,657,692,716,763,765,776,784,787,791,833,836,850,887,920,928,930,936,952,954,964,968,974,1019
0196_0364	22,36,54,57,89,148,153,266,347,369,461,495,508,555,588,626,647,692,693,719,743,763,785,791,796,936,954,959,974
0196_0366	36,82,89,110,153,166,240,311,324,326,327,330,369,461,481,626,647,671,687,698,719,791,830,894,936,974,1008
0196_0368	57,153,207,266,292,326,347,390,422,474,508,576,588,626,692,757,763,779,845,891,900,954,955
0196_0369	13,17,20,24,26,41,46,51,53,57,69,89,99,105,120,134,138,139,143,153,156,159,163,174,178,207,209,220,227,229,231,233,244,245,253,267,269,270,281,283,297,303,311,315,319,326,328,329,330,332,337,341,347,351,360,362,366,367,374,377,393,394,405,409,417,420,421,422,431,440,442,461,467,481,484,485,499,508,509,513,515,516,524,530,532,538,543,544,555,571,588,596,608,615,622,623,626,628,629,631,633,652,659,661,670,677,680,691,719,725,727,738,739,745,748,760,772,780,783,784,786,788,791,798,802,807,809,816,818,826,843,854,861,877,879,880,882,887,892,898,912,919,920,927,936,939,940,941,945,948,951,954,961,963,964,968,974,978,986,995,997,1006,1008,1018
0196_0370	20,83,94,107,134,141,180,207,252,270,350,481,508,550,611,620,626,640,647,676,727,733,947,968,975,984,991
0196_0371	20,94,107,153,167,207,312,326,508,516,576,590,602,626,673,727,739,762,797,931,948,960
0196_0373	39,57,146,153,171,193,207,321,326,347,508,571,576,588,626,692,952,954
0196_0374	24,57,73,89,132,153,160,170,311,326,327,330,339,346,347,369,435,461,508,541,562,588,599,626,660,692,719,787,791,936,954,974,988
0196_0375	20,35,36,43,82,86,89,110,114,146,153,166,236,298,324,347,369,432,461,481,508,555,607,609,626,647,687,698,719,785,791,830,894,905,917,936,974
0196_0376	20,94,134,153,207,339,369,480,508,511,522,626,727,773,802,898,948
0196_0379	89,93,134,150,153,242,245,288,311,326,330,360,369,461,508,534,604,626,657,658,663,670,719,791,892,906,936,953
0196_0380	20,94,129,134,169,456,508,550,620,626,635,640,676,727,733,897,947,966,968,1002
0196_0382	5,15,19,20,21,25,26,89,107,117,134,148,153,165,214,222,245,255,267,269,285,288,308,311,315,326,343,351,357,361,399,401,408,450,490,492,499,503,508,513,517,558,566,580,603,614,626,647,656,727,742,744,772,819,836,840,855,898,900,926,936,948,968,996,1014,1022
0196_0384	29,36,134,278,349,405,437,487,508,515,550,586,592,626,640,676,781,792,801,825,829,850,887,968
0196_0385	15,20,36,48,94,134,170,225,245,272,283,317,353,387,420,442,456,484,487,506,508,513,550,591,626,634,640,654,662,672,727,731,781,806,828,866,893,899,901,968,972
0196_0389	20,104,107,134,153,155,199,257,260,270,272,330,333,347,360,372,383,421,425,479,505,508,515,516,522,541,549,550,591,595,633,654,662,704,727,762,778,786,797,812,813,833,843,896,940,948,960,968
0196_0390	20,94,177,265,469,508,511,551,626,727,850
0196_0395	1,13,15,20,25,26,44,53,60,86,89,91,99,115,134,144,146,164,197,205,214,222,236,242,269,274,282,285,288,338,342,347,381,400,423,438,456,473,492,499,508,514,540,547,566,609,615,618,626,633,643,698,707,727,744,757,762,772,782,820,822,843,857,923,948,968
0196_0396	15,20,94,96,134,144,225,245,272,371,420,456,487,503,506,508,513,533,542,550,553,591,626,654,662,672,714,727,731,741,786,797,803,866,899,968,983
0196_0398	29,134,153,255,268,270,312,326,347,420,455,487,515,550,586,588,626,640,676,781,792,858,968
0196_0401	20,24,52,64,68,72,87,94,107,113,118,134,141,153,158,182,207,215,270,328,414,481,508,515,533,626,635,640,680,727,820,968,989,1003
0196_0402	6,20,94,96,107,134,145,167,207,251,390,421,487,508,523,550,601,626,647,727,758,772,866,930,968
0196_0405	20,94,153,348,370,480,508,530,626,727,752,778,863,976
0196_0406	12,20,94,96,134,153,248,272,334,372,383,389,479,480,487,503,508,516,522,550,603,626,654,662,684,692,714,727,762,778,786,797,812,893,896,953,968
0196_0407	20,21,94,134,141,148,177,188,226,268,304,353,369,371,381,430,469,476,508,510,515,550,551,598,626,640,712,727,735,825,850,968
0196_0408	38,67,71,91,134,178,202,205,220,223,245,289,298,306,352,367,368,371,405,455,494,506,508,515,551,553,582,613,648,655,662,663,727,948,950,968,981,1018
0196_0410	20,62,94,96,107,134,145,153,167,207,210,230,251,270,310,407,421,487,508,516,550,558,588,602,626,673,727,739,762,781,797,842,948,960,968,989
0196_0411	15,20,26,89,94,103,175,187,237,264,371,397,415,508,524,612,626,647,677,727,762,772,777,873,948,969
0196_0412	20,64,96,134,141,153,182,200,207,272,341,372,383,389,407,479,481,487,503,508,550,582,596,601,603,635,654,662,714,727,762,778,786,797,812,893,896,916,951,968,989
0196_0416	20,68,94,134,153,211,283,296,322,328,342,353,456,487,508,534,546,550,626,640,727,781,791,849,928,968
0196_0418	96,134,153,272,326,342,372,383,389,408,479,487,503,522,550,603,626,654,662,666,675,714,762,778,786,797,812,813,853,893,896,940,968
0196_0419	4,20,94,95,134,141,148,177,188,201,226,268,304,347,353,362,469,508,510,515,549,550,551,626,640,666,705,712,727,735,778,825,850,858,931,948,968,990,999
0196_0420	15,20,26,44,58,60,77,89,94,128,136,153,159,161,173,175,207,222,229,231,243,244,270,276,278,285,318,332,343,366,371,382,401,439,453,480,492,499,501,508,516,530,584,605,609,618,621,626,655,670,686,690,726,727,746,758,762,769,772,795,802,806,818,836,871,883,922,927,933,936,941,948,957,964,971,983,1009
0196_0422	36,75,134,317,370,403,405,422,479,486,511,523,559,580,609,662,691,748,750,787,828,852,905,915,927,948,960,968,989,1006,1015
0196_0423	20,32,94,107,153,188,196,207,211,231,320,363,390,508,531,626,635,727,881,915,948,992,1015,1022
0196_0424	15,20,21,26,58,60,89,94,95,128,153,159,207,216,222,231,237,244,270,278,285,288,332,343,366,371,382,388,401,439,453,470,480,492,494,497,499,501,508,516,530,584,586,605,609,618,621,626,633,655,670,688,690,691,726,727,746,758,762,772,795,802,806,818,836,871,927,933,936,948,961,964,983
0196_0425	20,94,96,134,145,169,298,421,456,487,508,523,550,626,727,897,898,947,968
0196_0426	2,3,17,20,94,95,134,169,227,295,298,449,456,458,481,508,515,560,626,640,676,716,727,887,897,968
0196_0427	96,134,283,353,381,487,550,591,626,640,675,968
0196_0428	20,94,134,169,211,226,266,353,369,381,454,456,476,477,508,515,550,626,635,640,727,897,968,998
0196_0432	20,75,78,94,96,134,153,283,334,335,353,427,480,487,508,522,533,550,626,640,675,696,719,727,758,848,945,968
0196_0433	20,88,94,153,326,391,411,480,497,508,530,556,626,662,666,727,752,778,803,918,942,976
0196_0436	20,71,94,134,153,203,226,262,270,281,334,353,369,381,432,476,480,508,515,522,550,571,601,626,640,727,960,968
0196_0437	14,20,27,60,134,153,188,231,317,370,405,415,422,443,463,479,486,510,511,516,542,580,640,662,663,691,698,705,750,757,762,764,787,820,828,850,905,935,948,960,968,971,989,1001,1006
0196_0438	4,20,134,151,163,201,226,300,347,353,481,484,486,508,515,549,550,626,635,640,666,705,727,778,800,840,858,873,881,897,948,968,1004,1023
0196_0441	20,68,94,114,134,211,240,283,304,353,425,456,481,487,508,510,534,545,550,626,640,726,727,781,887,928,937,968
0196_0444	20,55,94,107,141,207,270,508,626,727,802,948
0196_0446	5,15,19,20,21,25,26,89,107,117,134,141,148,153,165,182,214,222,245,255,267,269,285,288,308,311,315,326,343,347,351,357,372,399,401,408,421,450,492,499,503,508,513,517,544,558,566,580,602,603,626,647,656,727,742,744,746,762,767,772,819,836,840,855,886,898,900,928,936,948,968,989,996,1014,1022
0196_0447	20,96,107,134,153,248,272,341,372,383,389,429,440,479,481,487,495,503,508,516,522,550,603,654,662,684,714,727,762,778,786,797,812,893,896,968
0196_0448	20,94,96,128,134,138,145,153,206,256,270,297,298,359,374,421,445,480,487,508,510,516,550,626,727,818,871,897,898,927,968
0196_0449	20,94,107,153,207,254,430,508,605,626,686,727,871,948,994
0196_0450	20,24,38,52,68,72,87,94,107,118,134,141,147,153,158,182,190,207,215,256,260,270,307,319,347,389,481,508,515,550,579,605,616,620,626,635,640,676,680,727,733,744,812,871,945,947,968,989,1003
0196_0451	20,94,177,265,469,508,511,551,626,727,850
0196_0453	36,72,134,278,349,508,550,620,626,640,662,676,712,733,825,850,897,947,964,968
0196_0454	20,75,94,96,134,153,283,353,354,457,480,487,497,508,519,530,533,550,626,640,675,696,719,727,752,786,919,935,945,968,1010
0196_0459	38,48,64,88,103,134,245,274,289,394,405,424,449,481,506,508,511,580,582,585,605,609,615,617,640,662,726,821,860,866,887,889,937,943,968
0196_0460	20,94,129,134,169,176,201,438,456,481,508,550,617,626,635,716,727,862,887,897,947,968
0196_0461	75,96,134,265,283,315,353,372,481,487,519,550,626,640,675,699,887,968
0196_0462	20,94,153,185,391,480,497,508,530,556,626,727,752,778,803,976
0196_0463	20,94,96,134,153,248,272,353,372,383,389,479,487,492,503,508,516,517,522,550,591,603,626,632,654,662,684,714,719,727,762,778,780,786,797,812,893,896,968
0196_0464	11,89,92,114,134,153,188,207,245,326,369,386,390,391,394,449,461,508,534,573,576,582,621,626,656,827,878
0196_0465	20,47,51,67,71,94,134,169,213,226,265,353,454,456,481,508,515,519,550,626,635,640,727,887,897,954,968,998
0196_0466	20,29,94,100,107,134,154,207,224,226,251,350,353,369,381,390,476,487,508,515,523,550,626,627,640,647,727,866,923,968
0196_0467	20,31,68,94,96,134,211,265,315,387,442,456,481,487,508,550,626,699,727,887,928,941,968,992
0196_0472	20,29,68,94,134,170,181,226,352,353,456,489,496,508,515,550,626,635,640,657,665,676,727,928,947,968
0196_0473	20,68,94,96,98,134,155,183,242,258,295,360,386,405,439,452,456,477,487,494,508,550,568,580,585,616,626,684,725,727,776,928,936,968,970,1012
0196_0475	8,20,89,94,134,153,245,260,264,350,374,386,391,460,473,480,484,488,497,508,530,547,553,556,613,626,662,704,727,728,752,778,803,860,948,976,981,1008
0196_0476	20,94,153,207,254,299,327,419,471,508,541,626,719,727,748,802,815,948,994
0196_0477	20,21,94,153,163,353,476,480,508,530,591,626,719,727,745,752,864,1005
0196_0478	20,29,50,104,134,153,155,257,270,272,354,360,372,383,425,479,508,515,516,522,541,550,595,615,626,633,640,654,662,676,727,762,778,786,797,812,813,833,843,849,893,896,940,947,948,960,968,974
0196_0480	20,58,94,115,126,153,166,257,311,366,480,508,618,626,719,727,730
0196_0481	20,94,153,391,480,497,508,530,556,626,662,727,752,778,803,918,976
0196_0482	20,94,153,348,353,392,480,508,513,530,551,591,626,719,727,752,778,863,895,976,1005
0196_0483	20,94,107,153,207,231,261,480,508,530,541,594,626,677,682,727,752,755,802,948,956,967
0196_0486	20,96,109,134,145,260,347,389,421,476,487,508,520,550,575,727,762,844,849,865,886,948,968
0196_0493	20,138,146,153,387,398,405,423,497,508,530,556,575,727,778,918
0196_0494	20,94,153,480,497,508,530,626,684,727,752,778,803,976
0196_0496	20,39,47,49,94,107,153,167,207,508,516,527,602,623,626,655,673,727,739,762,797,802,842,948,960,987
0196_0497	20,29,37,68,134,206,298,330,353,458,508,515,550,618,626,640,676,707,713,727,762,806,947,948,955,968
0196_0499	20,94,153,251,300,347,348,370,480,508,530,549,561,626,640,727,752,778,806,814,863,915,948,976
0196_0500	20,96,134,153,248,251,272,291,300,347,372,383,389,437,479,487,503,508,516,522,549,550,603,640,654,662,684,714,727,755,762,778,786,797,812,893,896,906,948,968
0196_0501	20,138,144,153,326,373,387,504,508,575,609,626,632,666,727,732,745,767,830,842,948,952,977,982,999
0196_0502	4,20,57,94,100,107,114,134,201,207,226,251,347,350,353,390,486,487,508,515,523,549,550,619,626,627,640,647,666,705,727,778,814,858,866,948,968
0196_0503	4,20,71,94,134,153,175,201,203,226,270,278,281,334,347,353,394,408,432,480,508,515,522,549,550,626,640,666,705,706,727,778,858,948,968
0196_0504	20,94,211,406,469,486,508,626,627,692,719,727,755,762,850,904,948
0196_0506	1,15,30,32,43,56,65,74,89,134,184,233,260,325,353,360,369,400,409,419,428,515,518,542,617,626,640,642,662,738,777,908,948,968,1021,1022
0196_0507	1,20,31,68,96,134,181,211,283,341,353,432,481,487,508,550,626,640,675,727,787,846,968
0196_0509	20,49,94,153,207,296,353,508,511,591,626,719,727,802,885,941,948,974
0196_0512	20,27,29,75,94,134,153,226,235,241,334,353,423,469,480,508,515,522,534,550,626,640,665,676,718,719,727,758,777,947,968
0196_0513	71,96,134,153,272,278,325,372,383,389,456,479,487,503,508,550,603,654,662,714,762,774,777,778,786,791,797,812,850,868,869,893,896,968,997
0196_0514	4,57,127,134,153,178,201,207,226,305,308,326,347,350,353,390,515,549,550,576,619,626,640,647,666,705,778,787,807,814,828,858,948,968,991
0196_0515	20,29,94,134,153,203,268,270,334,432,455,480,487,508,515,522,550,586,588,626,640,674,676,727,781,792,822,857,968
0196_0517	32,102,134,153,220,221,234,264,278,326,328,349,357,387,393,405,420,499,503,508,580,605,614,626,640,708,719,734,850,906,918,948,968
0196_0518	2,20,31,68,72,94,96,134,138,174,200,205,211,372,456,487,508,550,626,727,828,928,929,968
0196_0519	20,94,153,391,480,497,508,530,556,626,662,727,752,778,803,918,976
0196_0521	63,67,94,134,143,199,317,319,360,363,405,422,458,479,515,517,524,550,576,600,614,662,666,675,686,693,787,948,968,982,984,1017
0196_0522	20,35,94,107,134,153,196,207,208,270,281,390,508,531,550,558,613,620,626,640,676,678,727,733,819,947,968,970,976,989
0196_0523	15,20,79,89,94,121,134,153,172,245,264,301,374,381,422,479,480,493,497,508,528,530,547,553,562,626,647,660,662,709,727,743,752,773,778,789,803,887,913,952,972,976,981,1003,1008,1023
0196_0527	20,29,50,94,134,153,248,334,354,372,383,479,480,508,515,522,541,550,621,626,640,654,662,676,684,692,727,762,778,797,812,833,849,887,893,896,947,953,968,974
0196_0528	20,62,96,134,138,145,153,270,387,416,421,487,508,517,522,550,575,588,604,702,727,845,901,968
0196_0529	5,20,29,74,109,134,149,260,347,476,487,508,515,520,533,550,586,626,640,662,676,727,762,781,792,813,844,886,948,961,968
0196_0533	11,89,92,114,134,153,188,207,245,326,369,386,390,391,394,449,461,508,534,573,576,582,621,626,656,827,878
0196_0534	26,89,139,153,170,198,263,266,311,326,330,414,461,474,626,645,705,719,732,770,791,829,855,883,936
0196_0535	5,15,26,52,89,139,153,198,212,263,280,326,414,452,461,468,478,626,677,710,711,719,823,828,836,855,883,936,954
0196_0536	69,153,207,326,390,495,538,576,626,697,704,874,892
0196_0537	69,153,207,326,390,495,538,576,626,697,704,874,892
0196_0538	89,562,626,719,936,962
0196_0539	22,36,73,89,153,311,326,327,330,366,369,461,495,562,626,637,647,671,719,786,791,936,959,974
0196_0540	5,15,23,30,89,158,314,461,577,579,626,647,711,719,782,836,887,918,936,959,993
0196_0541	5,15,23,30,89,158,314,461,577,579,626,647,711,719,782,836,887,918,936,959,993
0196_0542	26,73,89,139,153,170,291,311,313,326,327,330,346,347,369,435,448,461,499,530,562,565,570,610,626,660,679,719,720,732,770,784,787,791,796,829,861,862,883,936,937,974,978
0196_0543	22,36,73,89,153,311,326,327,330,366,369,461,495,562,626,637,647,671,719,786,791,936,959,974
0196_0544	22,36,73,89,153,311,326,327,330,366,369,461,495,562,626,637,647,671,719,786,791,936,959,974
0196_0545	22,36,73,89,153,311,326,327,330,366,369,461,495,562,626,637,647,671,719,786,791,936,959,974
0196_0546	153,207,326,390,538,576,626,697,704,726,874,992,997
0196_0547	18,22,36,73,89,153,170,311,326,327,330,336,346,347,366,369,392,399,435,461,486,495,505,547,555,562,579,613,626,647,660,719,734,777,785,786,787,791,936,959,974,994
0196_0548	153,207,326,390,538,576,626,697,704,726,874,992,997
0196_0549	22,36,73,89,98,153,168,170,216,227,240,260,311,326,327,330,346,347,369,435,439,458,461,467,495,562,576,608,626,647,651,660,719,727,787,791,804,883,936,959,974,1014
0196_0550	5,15,26,52,89,139,153,198,212,263,280,326,414,452,461,468,478,626,677,710,711,719,823,828,836,855,883,936,954
0196_0551	54,89,114,117,134,150,153,207,245,250,258,326,390,461,506,508,534,555,574,576,604,626,670,719,782,878,886,906,936
0196_0552	102,108,153,207,278,326,353,390,472,508,538,548,576,626,684,697,704,850,859,874,936
0196_0553	22,36,73,89,98,153,168,170,216,227,240,260,311,326,327,330,346,347,369,435,439,458,461,467,495,562,576,608,626,647,651,660,719,727,787,791,804,883,936,959,974,1014
0196_0554	5,15,26,52,89,139,153,198,212,263,280,326,414,452,461,468,478,626,677,710,711,719,823,828,836,855,883,936,954
0196_0555	69,153,207,326,390,495,538,576,626,697,704,874,892
0196_0556	5,15,23,30,89,158,314,461,577,579,626,647,711,719,782,836,887,918,936,959,993
0196_0557	5,15,23,30,89,158,314,461,577,579,626,647,711,719,782,836,887,918,936,959,993
0196_0558	26,41,73,89,139,153,170,198,263,266,311,326,327,330,336,339,346,347,369,392,414,435,461,474,505,547,555,562,579,613,626,645,660,667,707,719,732,734,787,791,829,855,883,929,936,974,994
0196_0561	20,72,94,134,141,177,188,261,304,469,508,510,550,551,620,626,640,676,712,720,727,733,741,763,825,850,947,968
0196_0565	15,20,21,26,58,60,89,94,95,153,207,216,222,231,237,244,261,285,288,330,332,343,382,388,401,453,470,480,492,494,497,499,508,530,586,605,609,618,626,633,655,670,677,688,690,691,726,727,746,752,758,762,772,795,802,806,818,836,933,936,948,961,964,983
0196_0566	20,50,62,64,138,146,153,154,254,283,312,361,387,405,423,481,497,508,530,556,558,575,599,662,685,727,755,778,781,826,850,864,948,994
0196_0568	15,20,26,44,60,89,94,153,159,161,207,222,229,231,243,244,261,285,330,343,379,401,414,417,453,480,489,492,499,508,530,566,605,609,613,618,623,626,655,659,670,674,677,686,690,726,727,752,758,762,769,772,793,795,802,806,818,851,873,883,936,948,949,952,964,971,983,1009,1022
0196_0569	15,20,26,60,89,94,153,159,207,222,231,244,261,285,288,330,331,343,401,414,417,453,470,480,492,494,499,508,530,566,567,586,605,609,618,626,637,641,655,659,670,677,688,690,692,698,726,727,746,752,762,772,795,802,806,818,851,884,936,948,949,952,961,964,1022
0196_0574	20,50,62,64,94,153,154,283,312,361,391,480,481,497,508,530,556,558,599,626,662,727,752,755,778,781,803,826,850,864,918,948,976,994
0196_0575	15,20,21,26,58,60,89,94,95,153,207,216,222,231,237,244,261,285,288,330,332,343,382,388,401,453,470,480,492,494,497,499,508,530,586,605,609,618,626,633,655,670,677,688,690,691,726,727,746,752,758,762,772,795,802,806,818,836,933,936,948,961,964,983
0196_0576	20,62,94,153,283,391,480,497,508,530,556,626,662,727,752,755,778,781,803,826,918,948,976,994
0196_0578	20,21,30,87,91,93,94,107,134,139,141,147,148,153,207,226,262,270,281,304,347,353,369,371,381,430,435,476,497,508,515,550,551,598,601,626,634,640,712,717,727,735,737,808,825,842,845,850,855,908,968,976,989
0196_0580	5,7,14,15,20,21,25,26,45,49,88,89,117,134,148,153,165,214,222,236,245,255,285,288,300,308,315,326,351,357,363,399,408,490,492,499,508,513,547,566,603,614,626,647,656,671,727,742,772,782,816,825,855,898,926,930,948,949,968,1014,1022,1024
0196_0581	15,20,26,45,60,80,89,92,99,146,153,159,207,222,231,236,243,244,270,285,288,314,331,343,360,366,371,401,414,417,453,470,479,492,494,499,508,516,530,566,567,586,605,609,618,621,626,637,641,655,659,670,688,690,692,698,726,727,746,762,772,795,802,806,808,818,851,884,936,948,949,952,961,964,970,1022
0196_0582	20,50,62,64,138,146,153,154,163,283,312,361,387,398,405,423,481,497,508,530,556,558,575,599,662,727,755,778,826,850,864,918,948,994
0196_0583	20,62,94,153,283,391,480,497,508,530,556,626,662,727,752,755,778,781,803,826,918,948,976,994
0196_0584	20,24,38,52,68,72,87,94,100,107,118,134,141,153,158,173,182,190,207,215,226,256,260,270,274,307,319,347,353,366,374,389,481,488,508,515,550,578,579,626,635,640,680,727,744,765,812,855,968,989,1003
0196_0587	20,62,94,153,283,391,480,497,508,530,556,626,662,727,752,755,778,781,803,826,918,948,976,994
0196_0588	20,62,94,153,283,391,480,497,508,530,556,626,662,727,752,755,778,781,803,826,918,948,976,994
0196_0589	20,50,62,64,94,153,154,283,312,361,391,480,481,497,508,530,556,558,599,626,662,727,752,755,778,781,803,826,850,864,918,948,976,994
0196_0590	15,20,26,44,60,89,94,153,159,161,207,222,229,231,243,244,261,285,330,343,379,401,414,417,453,480,489,492,499,508,530,566,605,609,613,618,623,626,655,659,670,674,677,686,690,726,727,752,758,762,769,772,793,795,802,806,818,851,873,883,936,948,949,952,964,971,983,1009,1022
0196_0592	20,50,51,64,94,153,172,186,295,312,321,391,396,441,480,481,508,522,530,586,588,611,626,715,727,741,752,778,804,850,897,948,976,994
0196_0593	20,62,94,153,283,391,480,497,508,530,556,626,662,727,752,755,778,781,803,826,918,948,976,994
0196_0598	20,24,36,38,52,64,68,72,87,94,107,118,134,141,153,158,182,190,207,215,256,260,270,286,307,319,328,347,389,404,481,508,515,533,578,579,626,635,640,680,685,727,744,820,968,989,1003
0196_0600	20,50,62,64,94,101,137,153,154,186,254,283,295,312,321,396,480,481,497,508,530,553,588,626,727,741,752,778,803,826,850,864,897,948,976,994
0196_0601	20,88,94,153,326,391,411,480,497,508,530,556,626,662,666,727,752,778,803,918,942,976
0196_0605	44,48,74,105,134,220,317,366,367,405,406,408,422,479,515,532,596,599,662,686,744,787,795,797,948,968,1018
0196_0608	15,20,26,44,58,60,77,89,94,136,153,161,173,175,207,222,229,231,243,244,261,276,285,318,330,332,343,382,401,453,480,492,499,508,530,605,609,618,626,655,670,677,686,690,726,727,746,752,758,762,769,772,795,802,806,818,836,883,922,933,936,941,948,957,964,971,983,1009
0196_0612	20,50,64,94,153,186,312,321,332,382,396,480,508,522,530,586,588,611,626,641,715,723,727,741,752,804,850,897,948,994
0196_0615	20,62,72,153,283,417,466,497,508,530,556,650,662,675,727,755,762,778,781,826,918,948,994
0196_0616	15,20,63,68,71,94,96,126,134,155,276,298,315,322,328,403,420,456,487,508,550,569,577,606,616,626,640,725,727,739,778,928,935,968
0196_0619	20,94,96,134,141,145,177,188,304,421,469,487,491,508,510,550,551,626,720,727,741,825,829,850,911,968,1010
0196_0620	20,50,62,64,94,153,154,283,312,361,391,480,481,497,508,530,556,558,599,626,662,727,752,755,778,781,803,826,850,864,918,948,976,994
0196_0621	20,62,138,146,153,283,387,398,405,423,497,508,530,556,575,662,727,755,778,781,826,918,948,994
0196_0627	20,50,62,64,96,153,154,183,207,283,292,308,312,326,347,361,370,390,474,481,497,508,530,542,544,556,558,576,599,625,626,636,640,662,727,748,755,778,779,781,807,826,845,850,864,918,948,994,1019
0196_0629	20,62,96,153,183,207,283,292,308,326,347,370,390,474,497,508,530,542,544,556,576,625,626,636,640,662,727,748,755,778,779,781,807,826,845,918,948,994,1019
0196_0632	5,15,20,21,25,26,89,117,120,134,148,153,161,165,177,214,222,245,255,285,288,302,308,315,326,351,357,358,399,406,408,490,492,499,500,508,513,566,572,574,579,585,603,614,626,635,647,656,727,735,742,763,772,855,863,898,926,936,948,968,973,981,988,1014,1022
