id	bits.on
0168_00003	10,15,20,39,89,94,134,199,201,217,245,264,331,411,462,506,508,540,553,560,617,626,662,677,707,712,727,981,1022
0168_00004	15,73,81,89,116,134,175,183,237,272,298,371,380,385,393,405,419,487,524,543,550,585,620,651,666,683,686,725,752,772,928,929,937,948,968
0168_00005	20,48,57,62,84,124,138,140,153,167,171,207,267,283,292,306,308,320,347,358,370,429,430,497,508,530,540,542,544,556,565,600,625,640,648,662,685,698,700,718,727,734,746,747,748,755,763,778,781,826,833,857,877,911,918,919,921,932,948,954,994,1019
0168_00012	4,35,50,63,67,85,89,94,127,132,134,137,139,145,153,159,175,197,209,212,304,311,316,319,326,351,352,387,390,401,405,422,442,461,524,576,626,631,675,686,710,719,743,772,783,801,804,814,924,936,948,968,974,982
0168_00015	20,50,62,64,96,153,154,183,207,283,292,308,312,326,347,361,370,390,474,481,497,508,530,542,544,556,558,576,599,625,626,636,640,662,727,748,755,778,779,781,807,826,845,850,864,918,948,994,1019
0168_00023	15,19,31,56,65,85,89,127,134,139,153,172,283,311,314,319,326,405,413,422,430,436,442,461,480,481,486,524,525,558,566,580,625,626,629,678,690,717,728,742,755,781,783,794,814,824,887,936,960,964,968,974,975,980,1021
0168_00024	15,35,57,79,89,121,127,128,134,139,153,173,245,269,283,300,314,346,347,364,405,413,442,452,460,461,465,475,481,492,508,523,524,525,555,560,566,588,596,615,626,657,687,692,716,763,765,814,824,833,860,887,894,924,928,932,936,952,954,964,968,974,980
0168_00025	15,35,57,89,109,127,128,134,139,153,173,245,266,283,314,346,347,405,413,442,452,460,461,465,481,508,523,524,555,560,588,596,615,626,657,687,692,716,743,763,765,814,816,824,833,887,894,924,928,932,936,952,954,964,968,974,980
0168_00026	15,50,57,64,67,70,89,109,120,127,128,129,131,132,134,139,153,163,168,173,245,266,283,309,314,319,337,347,405,413,422,442,461,481,486,506,508,524,555,582,588,615,626,631,662,669,687,692,743,763,783,791,792,814,816,824,853,860,868,887,889,932,936,954,964,968,974,980
0168_00027	15,57,89,109,127,128,134,139,153,167,169,173,236,245,266,277,283,314,347,413,434,440,442,452,461,506,508,524,555,569,588,620,626,657,662,687,692,743,763,764,766,806,814,816,824,932,936,952,954,964,968,974,980
0168_00037	19,20,91,93,94,107,134,141,153,207,226,262,270,281,353,369,381,476,481,482,508,515,528,550,601,604,626,640,727,776,789,808,968,977,989
0168_00039	15,19,56,65,89,134,139,146,152,155,168,172,212,251,252,267,269,288,318,319,369,401,405,422,427,436,461,481,486,508,524,525,539,540,547,557,558,566,580,625,626,629,653,678,690,691,711,719,728,741,747,754,755,769,783,816,817,887,936,960,968,974,975,979,990,1009
0168_00040	19,20,24,38,87,94,107,134,141,147,153,158,190,207,215,256,260,270,307,319,347,389,481,482,508,515,528,550,579,605,616,620,626,640,676,727,733,744,776,789,812,871,904,945,947,968,989,1003
0168_00041	19,20,24,64,87,94,107,113,134,141,153,158,207,215,270,328,414,481,482,508,515,528,533,626,640,727,733,776,789,820,904,968,989,1003
0168_00042	15,20,39,89,94,134,164,176,240,242,245,303,338,378,401,456,508,513,540,626,656,727,799,920,936,953,968,1009
0168_00049	4,19,20,91,94,107,134,141,153,175,201,207,226,242,270,281,347,353,408,481,482,508,515,528,549,550,626,640,666,705,706,727,776,778,789,808,858,948,968,977,989,1008
0168_00055	19,20,91,94,107,134,138,141,153,207,226,270,281,304,353,412,417,453,474,481,482,508,515,528,550,626,640,657,697,710,727,766,776,789,808,819,937,968,971,977,989
0168_00058	20,72,94,134,141,177,188,261,304,469,508,510,550,551,620,626,640,676,712,720,727,733,741,763,825,850,947,968
0168_00067	20,57,76,89,109,134,139,153,159,162,173,177,190,194,197,212,266,274,319,341,347,351,387,401,405,422,432,442,461,481,508,524,555,574,588,626,647,680,692,719,727,738,743,763,783,874,887,935,936,954,959,968,974,980,997,1003
0168_00068	19,56,65,89,126,134,139,155,159,172,212,260,319,367,382,401,405,422,436,461,481,486,524,525,558,566,580,625,626,629,647,653,678,690,719,728,755,783,878,887,936,948,960,968,974,975,989,990,998
0168_00070	19,20,29,50,58,64,94,107,134,141,153,207,214,269,354,372,383,479,481,506,508,515,522,541,550,626,640,654,662,676,727,762,776,778,789,797,812,833,849,893,896,947,968,974,989,991
0168_00073	19,56,65,89,134,139,153,155,159,167,172,197,212,244,319,351,387,401,405,422,436,442,461,481,486,524,525,558,566,580,621,625,626,629,653,658,678,690,711,719,728,755,783,785,791,881,887,915,935,936,948,960,968,974,975,990,1015,1017
0168_00076	11,20,37,55,57,65,87,94,107,153,207,266,274,292,347,390,508,533,538,588,626,646,692,701,727,757,758,763,941,954,978,1015
0168_00080	19,24,47,56,57,60,65,66,85,87,89,134,139,153,155,159,172,173,177,197,212,257,269,300,311,319,326,347,351,364,387,401,402,405,410,422,436,442,461,475,481,486,492,508,523,524,525,527,555,558,562,565,566,580,625,626,629,653,678,689,690,692,719,728,743,755,763,783,826,860,874,887,894,900,915,935,936,954,960,964,968,974,975,980,990,997
0168_00082	19,56,57,65,76,89,109,134,139,153,155,159,172,173,177,197,212,266,319,347,351,387,401,405,422,436,442,461,481,486,508,524,525,555,558,566,580,588,625,626,629,653,678,690,692,719,728,743,755,763,783,874,887,935,936,954,960,968,974,975,980,990,997
0168_00085	13,15,26,30,40,42,49,74,76,134,153,183,200,206,207,220,222,229,231,242,253,283,318,328,330,359,369,400,450,461,467,499,515,624,626,628,640,643,679,706,731,773,775,778,781,783,802,884,894,900,904,931,948,957,963,968,992,995,1022
0168_00090	19,20,24,44,56,57,65,71,72,75,89,123,126,134,139,153,167,168,172,173,177,212,235,257,269,276,297,300,316,319,341,347,351,359,364,387,405,406,422,432,436,442,443,460,461,467,475,481,486,487,492,508,524,525,528,550,555,558,566,569,580,588,599,603,612,625,626,627,629,653,669,678,690,692,706,719,721,727,728,745,755,763,783,795,808,810,843,860,861,871,881,887,897,898,899,900,918,936,954,960,966,968,974,975,990,1005
0168_00091	20,28,44,58,65,90,94,108,120,125,126,129,134,153,154,191,207,220,223,245,248,251,266,278,306,332,355,356,367,418,446,457,480,494,506,508,530,554,567,579,582,592,626,662,689,697,727,752,756,783,786,802,807,840,841,850,886,917,923,942,946,948,971,972,1010
0168_00092	20,28,39,58,65,66,73,77,82,94,126,129,134,153,154,180,191,207,220,223,236,245,248,266,293,299,332,356,357,367,391,405,418,457,468,480,490,494,495,506,508,525,530,541,567,571,579,582,592,614,615,620,626,627,662,687,689,727,752,756,772,783,786,802,840,841,850,853,885,911,918,941,942,946,947,948,949,963,997
0168_00093	15,18,20,79,89,94,134,153,190,245,264,356,381,429,480,497,508,510,530,547,553,562,605,623,626,651,662,671,683,719,726,727,752,773,778,789,795,803,827,835,946,972,976,981,1008
0168_00098	5,20,21,22,56,77,88,94,107,117,134,153,195,207,281,338,366,387,395,405,468,479,481,508,516,530,611,626,655,662,668,727,739,757,787,806,829,866,913,950,968,989
0168_00099	5,15,20,26,35,39,49,60,64,76,85,87,89,94,118,120,152,153,163,170,180,182,207,222,228,231,252,261,281,285,290,316,326,351,368,370,391,401,408,420,424,437,480,499,508,530,552,594,602,609,626,664,690,710,726,727,752,753,758,759,772,802,818,860,936,948,949,964,976,999,1009
0168_00102	20,21,59,64,115,134,153,159,171,173,220,233,234,245,255,264,269,280,327,332,347,361,419,440,468,508,530,537,549,625,663,689,698,710,731,756,757,762,774,778,827,847,850,854,884,896,912,944,945,948,1014
0168_00103	15,20,25,26,36,61,72,85,89,102,129,134,139,141,148,153,205,211,222,233,245,255,305,315,326,350,351,357,358,399,408,413,469,499,508,513,517,523,527,566,603,610,626,640,681,704,727,730,755,766,768,772,774,790,801,819,822,836,852,855,862,898,926,936,948,968,1009,1019,1022
0168_00104	15,20,25,26,36,72,85,89,102,129,134,141,146,148,153,182,205,211,222,233,245,255,305,315,347,350,351,357,358,372,399,408,413,421,469,499,508,513,517,523,527,544,566,603,610,626,681,704,727,730,746,755,762,766,768,772,774,782,790,801,810,819,822,836,852,855,862,886,936,948,968,975,989,1009,1019,1022
0168_00105	15,20,21,25,26,36,61,72,85,89,117,129,134,139,141,148,153,208,216,222,245,255,302,305,313,315,326,351,357,358,399,401,408,449,458,472,499,508,513,566,603,626,627,648,649,681,713,727,733,749,751,755,768,772,782,801,836,852,855,862,898,926,948,968,973,1019,1022
0168_00107	20,57,94,144,153,154,223,259,280,341,355,421,480,481,508,553,596,603,626,670,692,697,704,727,780,783,880,915,916,948,954
0168_00109	85,89,134,139,153,159,197,212,245,274,311,326,351,387,390,401,405,442,452,460,461,465,481,508,523,524,560,596,615,626,631,657,681,710,716,719,743,765,807,833,887,928,936,952,968,974
0168_00110	85,89,100,134,138,139,153,171,183,212,217,244,245,252,292,299,311,326,335,387,405,442,452,460,461,465,481,499,508,512,523,524,539,560,591,596,615,626,631,657,681,716,765,816,833,868,873,887,928,952,968,974,1003,1009,1020
0168_00111	57,79,89,121,134,139,153,159,173,177,197,212,245,257,269,274,300,347,351,364,387,401,405,442,452,460,461,465,481,492,508,523,524,525,555,560,566,588,596,615,626,631,657,681,692,716,719,763,765,807,833,860,874,887,928,936,952,954,968,974,980,997
0168_00112	20,57,84,89,134,138,139,153,159,173,177,197,210,212,245,257,267,269,274,300,347,351,364,387,401,402,405,430,442,445,452,460,461,465,481,492,508,523,524,540,555,560,596,600,615,626,631,657,681,692,700,716,718,719,763,765,807,833,846,860,874,877,887,911,919,928,932,936,948,952,954,965,968,974,980,994,997
0168_00113	57,79,89,134,139,150,153,159,173,177,197,212,245,257,269,274,300,347,351,364,387,401,405,442,452,460,461,465,475,481,492,508,523,524,555,560,566,588,596,600,615,626,631,657,672,681,692,716,719,763,765,791,807,833,860,874,887,900,928,936,952,954,968,974,980,997
0168_00115	1,26,39,46,54,60,63,85,87,89,94,139,153,162,174,177,183,209,229,278,279,282,287,300,311,313,326,347,351,385,410,434,442,450,461,464,471,486,496,499,523,551,555,557,562,626,719,729,732,743,753,829,868,936,974,994,1015
0168_00116	15,19,56,57,65,89,109,127,128,134,139,153,172,173,266,283,314,319,347,405,413,422,436,442,461,480,481,486,508,524,525,555,558,566,580,588,625,626,629,678,687,690,692,717,728,743,755,763,781,783,794,814,816,824,887,932,936,954,960,964,968,974,975,980,1021
0168_00118	15,16,20,25,26,49,60,72,85,87,89,116,134,141,148,153,182,222,245,255,258,280,285,291,297,311,315,347,351,357,371,393,399,400,452,471,477,499,508,513,544,560,566,581,595,603,727,746,751,755,762,768,772,801,821,836,849,875,886,908,944,948,968,969,971,989,1019,1022
0168_00119	15,31,35,85,89,127,134,139,153,245,283,311,314,326,346,405,413,430,442,452,460,461,465,481,508,523,524,560,596,615,626,657,716,742,765,814,824,833,887,894,924,928,936,952,964,968,974,980
0168_00120	15,31,85,89,127,134,139,153,167,169,236,245,277,283,311,314,326,413,430,434,440,442,452,461,506,508,524,569,620,626,657,662,742,764,766,806,814,824,936,952,964,968,974,980
0168_00122	15,20,23,138,153,207,323,326,378,387,390,438,508,533,538,562,572,576,626,701,727,769,839,978,1015
0168_00123	57,72,76,89,109,153,166,173,177,187,266,347,351,442,461,481,508,553,555,588,626,634,647,687,692,719,743,763,830,839,917,936,954,963,967,974,982
0168_00124	35,86,125,141,146,153,207,223,236,278,292,316,347,390,425,481,508,533,538,593,609,626,655,684,701,706,724,743,818,850,882,917,967
0168_00126	9,11,14,15,20,26,56,64,94,97,107,134,136,141,153,159,163,202,203,207,226,231,242,245,261,279,297,337,351,367,374,405,408,431,447,477,480,481,506,508,516,518,530,550,582,588,605,606,615,626,631,635,649,651,655,659,662,700,727,739,752,774,778,789,810,860,879,887,889,890,893,896,897,910,921,967,968,1005,1018
0168_00131	20,94,118,144,145,153,207,270,313,326,360,390,423,467,480,482,502,508,516,530,535,541,554,626,669,681,688,727,752,763,857,888,917,948,977
0168_00132	22,57,76,89,109,153,173,177,187,266,270,347,351,442,461,508,555,588,626,647,692,719,743,763,935,936,954,974,982,986
0168_00135	4,20,94,95,134,141,148,177,188,201,226,268,304,347,353,362,469,508,510,515,549,550,551,626,640,666,705,712,727,735,778,825,850,858,931,948,968,990,999
0168_00136	19,36,56,57,65,89,105,119,131,134,139,153,155,159,172,173,177,197,207,211,212,219,220,240,245,253,257,262,269,292,300,319,324,347,351,364,367,387,390,394,399,400,401,403,405,411,422,423,436,442,461,467,475,481,486,489,492,506,508,515,522,524,525,532,538,555,558,560,563,566,580,582,585,596,603,607,615,616,622,625,626,629,647,653,655,658,662,668,678,690,691,692,701,710,719,728,746,755,758,763,775,783,841,860,874,887,900,919,934,935,936,948,954,960,968,974,975,980,990,997,1006,1018,1024
0168_00137	10,11,14,20,26,38,56,64,88,93,94,97,107,134,136,141,152,153,159,202,203,207,231,245,261,274,289,297,306,310,321,357,367,374,393,405,410,426,475,480,481,506,508,511,516,518,530,550,580,582,588,593,606,613,615,625,626,635,655,662,676,727,739,752,789,810,821,860,866,879,887,889,893,896,897,943,968,1005,1017
0168_00139	15,20,94,107,141,153,176,207,302,323,326,346,390,481,508,533,538,562,576,616,626,701,727,734,815,926
0168_00141	20,56,94,105,107,128,129,141,153,186,207,217,231,257,270,357,365,366,387,480,481,508,516,530,583,626,674,692,706,727,739,757,776,789,812,829,834,871,917,927,947,952,1006
0168_00144	4,5,15,20,26,35,39,49,60,64,76,85,87,89,94,118,120,128,152,153,159,163,170,180,207,222,228,231,252,270,278,281,285,290,316,326,351,366,368,370,391,401,408,420,424,437,439,480,499,501,508,516,524,530,552,584,594,602,609,626,664,690,726,727,753,758,759,772,802,818,860,871,927,936,948,949,964,976,999,1009
0168_00147	64,67,85,89,120,129,132,134,139,145,153,159,163,168,197,209,212,245,304,309,311,319,326,337,351,387,390,401,405,422,442,461,481,486,506,508,524,582,615,626,631,662,669,710,719,722,743,783,792,860,868,887,889,936,968,974,1004
0168_00148	15,48,64,67,89,120,129,132,134,139,145,146,152,163,168,212,245,252,267,269,288,304,309,318,319,337,369,401,405,422,427,461,481,486,506,508,524,525,539,540,547,557,582,615,626,631,662,669,691,711,719,722,741,747,754,769,783,792,816,817,860,868,887,889,936,968,974,979,1004,1009
0168_00149	57,64,67,79,89,120,121,129,132,134,139,145,153,159,163,168,173,177,197,209,212,245,257,269,300,304,309,319,337,347,351,364,387,401,405,422,442,461,481,486,492,506,508,524,525,555,566,582,588,615,626,631,662,669,692,719,722,763,783,792,860,868,874,887,889,936,954,968,974,980,997,1004
0168_00150	57,64,67,76,89,109,120,129,132,134,139,145,153,159,163,168,173,177,197,209,212,245,266,304,309,319,337,347,351,387,401,405,422,442,461,481,486,506,508,524,555,582,588,615,626,631,662,669,692,719,722,743,763,783,792,860,868,874,887,889,936,954,968,974,980,997,1004
0168_00151	57,64,67,79,89,120,129,132,134,139,145,150,153,159,163,168,173,177,197,209,212,245,257,269,300,304,309,319,337,347,351,364,387,401,405,422,442,461,475,481,486,492,506,508,524,555,566,582,588,600,615,626,631,662,669,672,692,719,722,763,783,791,792,860,868,874,887,889,900,936,954,968,974,980,997,1004
0168_00166	67,77,85,89,132,134,137,139,145,153,159,168,197,209,212,245,304,311,315,317,319,326,351,387,390,401,405,422,436,442,461,479,486,508,524,544,582,614,626,631,662,699,704,710,719,743,783,787,804,836,866,936,968,974
0168_00168	57,67,77,79,89,132,134,137,139,145,150,153,159,168,173,177,197,209,212,245,257,269,300,304,315,317,319,347,351,364,387,401,405,422,436,442,461,475,479,486,492,508,524,544,555,566,582,588,600,614,626,631,662,672,692,699,704,719,763,783,787,791,804,836,860,866,874,900,936,954,968,974,980,997
0168_00169	20,21,77,94,104,107,141,153,207,481,508,626,727,776,789,849
0168_00170	20,48,50,57,62,64,84,124,138,140,153,154,167,171,207,267,283,292,306,308,312,320,347,358,361,370,429,430,481,497,508,530,540,542,544,556,558,565,599,600,625,640,648,662,685,698,700,718,727,734,746,747,748,755,763,778,781,826,833,850,857,864,877,911,918,919,921,932,948,954,994,1019
0168_00171	5,6,15,20,26,27,32,35,64,76,82,89,99,134,140,147,153,207,208,213,222,224,231,262,286,301,311,330,331,338,346,361,376,419,422,432,456,460,470,472,499,555,556,558,578,626,628,656,663,669,684,698,754,757,759,761,762,763,772,802,841,850,891,912,936,948,976,980,988,996,1002,1022
0168_00172	5,20,56,77,94,107,134,153,207,221,247,274,281,319,326,338,366,387,395,405,434,468,481,508,516,524,530,576,626,630,655,668,686,727,739,757,829,913,925,947,948,950,968,986,989
0168_00173	20,93,94,107,141,153,202,207,217,231,259,261,341,463,481,508,545,626,642,659,698,704,727,756,771,776,778,789,833,915
0168_00175	20,62,124,128,138,140,153,171,207,224,272,283,306,319,347,358,370,387,434,437,497,508,511,526,530,556,575,627,640,662,700,727,733,748,755,778,781,826,827,833,918,919,948,994
0168_00176	20,138,153,207,266,387,390,434,508,511,526,575,615,626,627,682,700,707,725,727,779,833,919,932,948
0168_00177	20,52,69,94,107,126,141,153,206,207,217,231,242,310,363,379,409,481,508,540,626,682,727,776,789,915,923,930,969
0168_00178	20,92,94,107,141,146,153,207,236,481,508,514,609,626,671,700,723,727,776,789,964
0168_00179	20,94,107,141,153,207,209,242,293,379,383,481,508,552,626,727,776,789,846,915,999
0168_00180	20,94,105,107,113,141,153,207,210,217,231,246,341,440,481,508,530,583,626,727,776,789,940
0168_00181	19,20,65,88,94,107,117,127,134,141,153,195,207,387,395,405,479,481,508,562,626,662,727,776,787,789,866,968,989,1022
0168_00182	88,117,134,141,153,195,207,326,365,387,395,405,423,479,481,557,576,625,626,662,787,819,866,867,960,968,989
0168_00183	15,28,77,89,134,177,237,245,252,481,508,544,687,772,773,847,924
0168_00185	20,94,107,141,153,165,207,217,231,481,508,515,545,626,727,771,776,778,789,982
0168_00186	20,77,94,107,141,153,207,217,225,231,409,424,436,458,481,508,545,626,727,771,776,778,789,913,929
0168_00187	20,34,45,94,107,141,146,153,168,197,207,217,231,236,255,481,508,522,626,675,727,743,776,789,875,889,948,1009
0168_00188	19,20,62,94,96,107,134,141,145,153,207,230,270,421,449,481,482,487,508,528,550,558,588,626,727,747,776,789,968,989
0168_00189	20,64,96,134,141,153,207,256,269,272,287,341,372,383,389,407,479,481,487,503,508,530,550,601,603,615,654,662,714,727,762,776,778,786,797,812,893,896,947,968,989
0168_00190	19,20,40,94,107,134,141,153,207,270,281,481,482,508,528,550,558,620,626,640,676,727,733,747,776,789,819,947,968,970,989
0168_00192	20,94,177,265,469,508,511,551,626,727,850
0168_00195	34,85,89,114,153,200,229,254,300,311,323,326,347,361,442,461,493,549,562,626,673,703,719,743,916,936,948,974
0168_00197	15,20,66,89,120,134,153,161,165,172,184,196,245,251,254,300,302,309,312,324,343,347,453,498,508,515,522,549,611,630,640,717,727,760,772,786,804,815,850,914,938,948,994,1022
0168_00200	19,20,94,107,134,141,153,207,213,247,319,326,387,395,405,481,486,508,524,576,626,686,705,727,741,776,789,925,947,948,968,986,989
0168_00205	20,47,51,64,94,96,107,134,153,207,272,292,303,372,383,389,398,407,479,487,503,508,516,521,550,603,626,654,662,714,727,739,762,778,786,797,812,827,893,896,927,948,960,968,989
0168_00207	20,94,107,207,247,370,508,516,626,657,686,727,739,762,797,802,948,960,973
0168_00208	20,56,94,107,134,153,207,263,480,508,511,516,564,626,647,655,672,727,739,762,797,857,948,960,981
0168_00209	20,39,49,56,61,94,107,153,207,255,500,508,516,527,555,626,647,655,687,727,739,762,797,802,948,960
0168_00210	20,56,62,94,96,107,134,145,153,207,230,270,421,487,508,516,550,558,588,626,647,655,727,731,739,741,762,797,820,948,950,960,968,978,989,992
0168_00211	8,15,20,26,89,94,153,178,207,216,243,263,323,326,390,393,413,429,457,461,474,492,508,516,570,576,594,626,691,701,727,750,758,760,762,770,819,829,833,837,848,855,936,948,960,981,1000,1008
0168_00214	19,20,44,56,57,65,71,72,75,89,123,134,139,153,155,159,172,173,177,197,212,235,257,269,276,297,300,319,341,347,351,359,364,387,401,405,406,422,432,436,442,443,461,475,481,486,487,492,508,524,525,528,550,555,558,566,580,603,612,625,626,627,629,653,669,678,690,692,719,721,727,728,745,755,763,783,795,810,843,860,871,874,881,887,897,898,899,900,918,935,936,954,960,968,974,975,980,990,997,1005
0168_00215	20,56,94,107,153,207,263,279,293,341,353,440,481,508,511,516,626,647,655,727,737,739,762,797,948,960,981
0168_00216	20,56,77,94,107,153,207,225,231,424,436,458,481,508,516,621,626,647,655,727,734,739,762,764,778,797,862,896,913,948,960,984
0168_00217	20,94,107,126,134,151,153,207,209,259,295,316,341,382,480,481,508,511,626,727,756,847,917,995,999
0168_00218	19,20,138,141,153,202,207,225,231,269,387,438,481,508,547,606,688,700,713,718,727,771,776,778,813,833,919,932,948
0168_00221	20,44,57,67,71,72,75,77,89,123,132,134,137,139,145,153,159,168,173,177,197,209,212,235,245,257,269,276,297,300,304,315,317,319,341,347,351,359,364,387,401,405,406,422,432,436,442,443,461,475,479,481,486,487,492,508,524,528,544,550,555,582,603,612,614,626,627,631,662,669,692,699,704,719,721,727,745,763,783,787,795,804,810,836,843,860,866,871,874,881,897,898,899,900,918,936,954,968,974,980,997,1005
0168_00222	20,44,57,71,72,75,89,123,134,138,153,173,177,235,276,297,341,347,351,359,406,432,442,443,461,481,487,508,528,550,555,612,626,627,669,692,719,721,727,745,763,769,795,810,841,842,843,850,854,871,877,881,897,898,899,918,936,954,968,974,1005
0168_00224	77,134,153,154,207,224,226,279,326,350,353,369,381,390,412,476,481,515,539,550,626,640,647,813,836,849,867,906,968
0168_00226	20,56,94,105,107,128,129,131,141,153,207,217,231,254,257,270,365,366,375,399,480,481,508,516,530,583,612,626,674,692,727,739,757,776,789,812,829,871,917,927,947,948,994
0168_00228	20,21,82,94,107,141,153,203,207,217,231,261,347,430,475,480,481,485,508,530,544,545,626,640,727,752,776,789,797,850,950,1019,1022
0168_00230	20,50,62,64,94,153,154,163,283,312,361,391,480,481,497,508,530,556,558,599,626,662,727,752,755,778,803,826,850,864,918,948,976,994
0168_00242	15,20,26,39,89,94,187,193,213,502,508,548,570,599,626,675,719,727,819,855,936,974,976
0168_00247	2,19,20,56,65,69,81,89,121,134,138,139,153,155,159,172,194,197,207,212,231,233,272,288,319,351,363,387,401,405,417,419,422,436,438,442,461,481,486,508,524,525,540,558,566,580,621,625,626,629,653,658,678,690,701,711,719,727,728,755,771,783,819,887,915,929,935,936,960,965,968,974,975,990,1017
0168_00250	20,66,69,94,107,115,134,141,153,207,242,271,379,409,480,481,508,626,674,727,776,789,908,909,915,969
0168_00253	20,56,62,69,94,105,107,112,128,129,141,153,207,217,231,242,257,270,274,279,283,334,342,354,363,365,366,474,480,481,494,508,516,530,556,583,626,674,680,692,727,736,739,755,757,776,778,786,789,812,824,826,829,871,915,917,923,927,947,948,994
0168_00255	57,84,138,142,153,207,267,292,311,320,326,347,390,429,430,474,508,513,540,576,600,626,700,718,734,763,779,833,877,911,919,921,926,932,948,954,955,994
0168_00259	34,62,141,153,207,225,231,283,285,313,326,387,390,394,399,481,556,576,626,662,674,679,701,755,778,781,826,877,948,994
0168_00260	7,20,44,50,57,62,64,84,138,153,154,183,207,267,283,292,312,320,347,361,366,374,390,411,418,429,430,481,497,502,508,516,530,540,556,558,559,591,599,600,626,650,662,673,700,718,724,727,729,734,739,755,757,763,778,781,826,833,850,859,864,877,905,911,918,919,921,932,948,954,955,960,993,994,1007
0168_00266	4,15,20,26,45,49,60,72,76,80,85,87,89,92,99,108,146,153,159,163,205,207,215,222,223,231,236,243,252,270,285,290,314,316,340,360,366,401,424,437,479,499,503,508,516,524,530,566,594,609,613,626,632,690,697,705,727,759,772,801,802,808,818,851,852,860,879,887,909,936,948,964,969,970,976,987,1015,1022
0168_00272	15,31,85,89,127,134,139,153,185,220,245,283,301,303,311,314,326,340,379,413,430,442,461,477,506,508,524,533,569,575,582,626,638,649,662,671,675,742,806,814,824,874,918,936,948,964,968,974,980
0168_00273	15,22,24,44,57,85,89,125,127,128,134,139,153,173,185,220,245,269,283,291,300,301,303,311,314,326,339,340,347,351,364,379,413,435,442,461,466,475,477,492,506,508,524,533,555,562,565,569,575,582,604,626,638,649,662,666,671,675,687,689,692,708,719,743,763,806,814,824,860,874,900,905,908,915,918,932,936,948,954,964,968,974,980
0168_00274	15,34,57,89,127,128,134,138,139,153,173,180,185,220,242,245,260,283,300,301,303,314,340,342,347,379,385,413,417,442,449,453,461,475,477,492,506,508,524,533,550,555,569,575,582,626,636,637,638,649,657,662,663,671,675,687,692,697,763,771,792,806,812,814,824,874,895,918,921,932,936,942,948,954,964,968,974,980,989
0168_00276	13,15,20,22,38,56,88,89,100,117,134,150,153,170,175,190,195,201,207,211,213,237,245,264,307,331,341,347,371,384,387,391,395,397,405,411,415,429,479,481,508,516,524,554,611,615,645,646,662,727,739,749,772,787,814,835,842,866,914,942,968,984,989,1009,1022
0168_00277	19,20,24,36,38,64,87,94,107,134,141,153,158,190,207,215,256,260,270,286,307,319,328,347,389,404,481,482,508,515,528,533,578,579,626,640,685,727,733,744,776,789,820,904,968,989,1003
0168_00278	20,94,96,134,141,145,177,188,304,421,469,487,491,508,510,550,551,626,720,727,741,825,829,850,911,968,1010
0168_00284	85,89,134,139,153,159,167,169,197,212,227,236,245,277,285,311,326,351,361,387,390,401,434,442,452,461,506,508,524,569,626,630,657,662,710,719,743,766,806,936,952,968,974
0168_00285	57,79,89,121,134,139,153,159,167,169,173,177,197,212,227,236,245,257,269,277,285,300,347,351,361,364,387,401,434,442,452,461,492,506,508,524,525,555,566,569,588,626,630,657,662,692,719,763,766,806,860,874,936,952,954,968,974,980,997
0168_00286	20,24,37,47,57,60,66,87,89,94,118,134,139,153,159,167,169,173,177,197,204,212,227,236,245,257,269,277,285,300,347,351,361,364,387,401,425,434,442,452,461,475,492,506,508,524,527,555,562,565,569,626,630,657,661,662,677,692,719,727,763,766,779,799,806,852,860,865,874,894,900,915,936,952,954,964,968,974,975,980,997
0168_00287	57,79,89,134,139,150,153,159,167,169,173,177,197,212,227,236,245,257,269,277,285,300,347,351,361,364,387,401,434,442,452,461,475,492,506,508,524,555,566,569,588,600,626,630,657,662,672,692,719,763,766,791,806,860,874,900,936,952,954,968,974,980,997
0168_00289	20,94,134,160,177,195,252,304,366,387,395,405,445,469,479,508,510,551,611,626,662,727,787,850,968,973
0168_00290	15,26,47,58,76,89,90,96,123,125,134,175,198,207,218,222,237,241,248,268,285,295,300,351,384,425,458,462,495,499,540,593,598,605,609,626,652,653,668,683,729,730,733,742,743,745,768,772,777,802,818,837,842,844,850,853,860,876,890,900,933,936,940,942,948,952,970,993,995,1001,1014,1022
0168_00292	85,89,96,103,125,132,134,139,153,159,164,197,212,223,245,307,311,319,326,337,351,368,387,388,390,401,405,422,442,461,506,508,524,582,585,626,631,645,662,696,710,719,727,731,743,783,848,867,936,968,974,981,990,1007
0168_00293	57,76,89,96,103,109,125,132,134,139,153,159,164,173,177,197,212,223,245,266,307,319,337,347,351,368,387,388,401,405,422,442,461,506,508,524,555,582,585,588,626,631,645,662,692,696,719,727,731,743,763,783,848,867,874,936,954,968,974,980,981,990,997,1007
