id	bits.on
0225_00003	10,11,12,15,16,19,20,144,146,147,179,181,182,256,257,284,285,286,287,302,333,334,339,341,345,346,352,353,356,357,359,366,371,372,373,374,375,377,385,388,391,392,396,397,404,417,419,421,431,435,436,440,442,443,444,446,447,448,450,452,454,465,471,473,483,491,492,496,503,507,515,517,521,522,524,525,531,536,539,540,541,546,547,550,553,556,557,565,571,577,578,579,580,583,585,586,593,594,596,600,601,604,608,609,614,619,629,634,635,641,646,647,657,658,661,665,666,669,678,679,680,684,685,686,689,693,697,705,709,710,711
0225_00008	10,11,12,13,19,20,144,145,179,180,183,186,187,193,256,284,285,287,309,333,334,335,336,342,345,353,356,357,371,372,375,382,383,385,407,417,421,431,433,435,442,444,447,471,491,499,517,521,525,536,542,543,549,553,557,565,571,574,575,579,580,583,585,591,596,600,604,607,609,618,619,620,635,638,641,642,652,656,661,665,668,669,678,679,680,681,685,689,690,693,697,698,699,700,705,709,710,711,712,713,715,736,756,777,778,798,799,819,861
0225_00018	10,11,12,15,16,17,19,20,21,144,146,147,151,154,179,181,182,256,257,258,259,284,285,286,287,300,309,333,340,341,342,345,346,347,352,353,356,358,359,360,366,367,374,375,376,377,378,379,380,385,387,388,389,390,391,392,394,397,398,404,406,407,417,419,432,438,439,442,443,448,450,451,454,465,473,483,485,486,488,489,492,496,500,505,507,520,522,524,531,539,541,546,548,550,556,561,567,568,570,572,573,583,586,593,594,597,602,612,613,614,615,618,622,629,637,638,639,640,655,657,658,660,663,664,675,681,682,683,684,691,692,703
0225_00020	10,11,15,16,19,20,144,146,147,256,257,284,285,286,287,300,309,333,339,341,345,346,352,353,356,358,359,366,371,373,374,375,376,377,380,381,388,390,391,392,394,397,398,404,407,417,419,421,432,436,438,441,442,443,444,446,447,448,450,451,453,454,473,483,485,486,488,491,492,496,500,503,505,507,520,522,524,529,536,537,539,540,541,546,547,548,557,561,567,570,571,573,580,583,586,593,594,596,597,600,608,609,612,614,618,637,638,641,644,655,658,666,675,681,683,684,685,686,692,696,703
0225_00039	10,11,12,15,16,17,19,20,21,38,144,146,147,151,154,179,181,182,256,257,258,259,284,285,286,287,295,300,309,333,340,341,342,345,346,347,352,353,356,358,359,360,366,367,374,376,377,378,379,380,385,387,388,389,390,391,392,394,397,398,404,406,407,417,419,432,438,439,442,443,448,450,451,454,465,473,483,485,486,488,492,496,500,505,507,520,522,524,531,539,541,546,548,550,556,561,567,568,570,572,573,583,586,593,594,597,602,612,613,614,615,618,622,629,637,638,639,640,655,657,658,660,663,664,675,681,682,683,684,691,692,703
0225_00042	10,11,12,15,16,17,19,20,21,31,144,146,147,151,154,179,181,182,256,257,258,259,284,285,286,287,300,309,315,333,340,341,342,345,346,347,352,353,356,358,359,360,366,367,374,376,377,378,379,380,385,387,388,389,390,391,392,394,397,398,404,406,407,408,412,417,419,426,432,438,439,442,443,448,450,451,454,457,465,473,483,485,486,488,492,496,500,505,507,520,522,524,531,539,541,546,548,550,556,561,568,570,572,573,583,586,593,594,597,602,612,613,614,615,618,622,629,637,638,639,640,655,657,658,663,664,675,681,683,684,691,692,703
0225_00043	10,11,12,15,16,19,20,21,144,147,179,181,182,256,257,284,285,286,287,300,309,333,340,342,345,346,347,352,353,356,359,366,367,371,372,373,374,376,377,379,380,385,388,390,391,392,394,397,398,404,406,407,417,419,421,435,436,439,442,443,446,447,448,450,451,452,454,465,473,483,485,488,492,496,503,505,507,517,520,522,524,531,539,540,541,546,547,550,556,561,568,572,573,577,583,586,593,594,597,602,613,614,615,618,622,629,637,638,639,640,644,646,647,648,655,657,658,663,664,675,681,683,684,691,692,703
0225_00044	10,11,12,15,16,19,20,21,31,144,147,179,181,182,256,257,284,285,286,287,300,309,315,333,340,342,345,346,347,352,353,356,359,366,367,371,372,373,374,376,377,379,380,385,388,390,391,392,394,397,398,404,406,407,408,412,417,419,421,426,435,436,439,442,443,446,447,448,450,451,452,454,457,465,473,483,485,488,492,496,503,505,507,517,520,522,524,531,539,540,541,546,547,550,556,561,568,572,573,577,583,586,593,594,597,602,613,614,615,618,622,629,637,638,639,640,644,646,647,648,655,657,658,663,664,675,681,683,684,691,692,703
0225_00045	10,11,12,15,16,17,19,20,21,144,146,147,151,154,179,181,182,256,257,258,259,284,285,286,287,300,309,333,340,341,342,345,346,347,352,353,356,358,359,360,366,367,374,376,377,378,379,380,382,385,387,388,389,390,391,392,393,394,397,398,400,401,404,406,407,417,419,421,432,438,439,440,442,443,444,448,450,451,452,454,465,473,483,485,486,488,489,492,494,495,496,500,505,507,520,522,524,528,531,536,537,539,541,546,548,550,554,556,561,568,570,572,573,581,583,586,593,594,597,602,603,612,613,614,615,618,622,625,629,637,638,639,640,648,655,657,658,663,664,674,675,681,683,684,691,692,703
0225_00079	10,11,12,15,16,17,19,20,21,31,144,146,147,151,154,179,181,182,186,189,256,257,258,259,284,285,286,287,300,309,315,333,340,341,342,345,346,347,352,353,356,358,359,360,366,367,374,376,377,378,379,380,385,387,388,389,390,391,392,394,397,398,404,406,408,412,417,419,426,432,438,439,442,443,448,450,451,454,457,465,473,483,485,486,488,492,496,500,505,507,520,522,524,531,539,541,546,548,550,556,561,568,570,573,583,586,593,594,597,602,612,613,614,615,622,629,637,638,639,640,655,657,658,663,675,681,683,684,691,692,703
0225_00101	10,11,12,15,16,19,20,21,144,147,179,181,182,256,257,284,285,286,287,300,309,333,340,342,345,346,347,352,353,356,359,366,367,371,372,373,374,375,376,377,379,380,385,388,390,391,392,394,397,398,404,406,407,417,419,421,435,436,439,442,443,446,447,448,450,451,452,454,465,473,483,485,488,489,492,496,503,505,507,517,520,522,524,531,539,540,541,546,547,550,556,561,567,568,572,573,577,583,586,593,594,597,602,613,614,615,618,622,629,637,638,639,640,646,647,655,657,658,660,663,664,675,681,682,683,684,691,692,703
0225_00105	10,11,12,15,16,19,20,21,144,147,179,181,182,256,257,284,285,286,287,309,333,340,342,345,346,347,352,353,356,359,366,367,371,372,373,374,375,376,377,380,382,385,388,390,391,392,397,398,404,406,407,417,419,421,435,436,440,442,443,444,446,447,448,450,451,452,454,465,473,483,485,488,492,494,496,503,505,507,517,520,522,524,531,536,539,540,541,546,547,550,554,556,561,567,568,572,573,577,581,583,586,593,594,597,602,613,614,615,618,622,625,629,637,638,639,640,646,647,648,651,655,657,658,660,663,664,673,674,675,681,682,683,684,691,692,703
0225_00108	10,11,12,15,16,19,20,21,144,147,179,181,182,256,257,284,285,286,287,300,309,333,340,342,345,346,347,352,353,356,359,366,367,371,372,373,374,375,376,377,379,380,385,388,390,391,392,394,397,398,404,406,407,417,419,421,435,436,439,442,443,446,447,448,450,451,452,454,465,473,483,485,488,492,496,503,505,507,517,520,522,524,531,539,540,541,546,547,550,556,561,567,568,572,573,577,583,586,593,594,597,602,613,614,615,618,622,629,637,638,639,640,644,646,647,648,655,657,658,660,663,664,675,681,682,683,684,691,692,703
0225_00109	10,11,12,15,16,17,19,20,21,144,146,147,151,154,179,181,182,256,257,258,259,284,285,286,287,300,309,333,340,341,342,345,346,347,352,353,356,358,359,360,366,367,374,375,376,377,378,379,380,382,385,387,388,389,390,391,392,393,394,397,398,400,401,404,406,407,417,419,421,432,438,439,440,442,443,444,448,450,451,452,454,465,473,483,485,486,488,489,492,494,495,496,500,505,507,520,522,524,528,531,536,537,539,541,546,548,550,554,556,561,567,568,570,572,573,581,583,586,593,594,597,602,603,612,613,614,615,618,622,625,629,637,638,639,640,648,655,657,658,660,663,664,674,675,681,682,683,684,691,692,703
0225_00128	10,11,12,19,20,284,285,287,309,333,340,342,345,347,353,367,375,407,417,421,435,437,442,444,447,449,491,517,525,554,557,572,574,583,600,618,620,638,641,661,668,672,673,679,680,681,689,690
0225_00146	10,11,12,13,19,20,144,145,179,180,183,186,187,193,284,285,287,309,333,334,335,336,340,342,345,347,353,367,375,407,417,431,435,442,447,491,525,557,572,574,583,600,618,620,638,641,642,661,668,679,680,681,689,690,697,698,699,700,709,710,711,712,713,777,778,798,819,840,861
0225_00158	10,11,12,15,16,19,20,21,144,147,179,181,182,256,257,284,285,286,287,300,309,333,340,342,345,346,347,352,353,356,359,366,367,371,373,374,375,376,377,380,382,383,385,388,390,391,392,393,394,397,398,400,401,404,406,407,417,419,421,436,440,442,443,444,446,447,448,450,451,452,454,462,463,465,473,477,483,485,488,489,492,494,496,498,505,507,520,522,524,528,531,536,538,539,541,543,544,546,550,554,556,561,566,567,568,572,573,577,581,583,586,593,594,597,602,606,613,614,615,616,618,622,625,629,637,638,639,640,646,647,648,651,655,657,658,660,663,664,673,674,675,681,682,683,684,691,692,703
0225_00163	10,11,12,15,16,17,19,20,34,144,146,147,151,154,179,181,182,256,257,258,259,284,285,286,287,294,300,309,333,340,341,342,345,346,347,350,352,353,354,356,358,359,360,366,367,369,374,375,376,377,378,379,380,385,387,388,389,390,391,392,394,397,398,404,406,407,413,417,419,432,438,439,442,443,448,450,451,454,465,473,483,485,486,488,492,496,500,505,507,508,520,522,524,531,539,541,546,548,550,556,561,567,568,570,572,573,583,586,587,593,594,597,602,612,613,614,615,618,622,629,637,638,639,640,655,657,658,660,663,664,675,681,683,684
0225_00164	10,11,12,15,16,19,20,21,144,147,179,181,182,256,257,284,285,286,287,300,309,333,334,340,342,345,346,347,352,353,356,357,359,366,367,371,373,374,375,376,377,380,382,385,388,390,391,392,393,394,397,398,400,401,404,406,407,417,419,421,431,436,440,442,443,444,446,447,448,450,451,452,454,465,473,483,485,488,489,492,494,496,505,507,520,522,524,528,531,536,539,541,546,550,554,556,561,567,568,572,573,577,581,583,586,593,594,597,600,602,613,614,615,618,622,625,629,637,638,639,640,646,647,648,651,655,657,658,660,663,664,673,674,675,681,682,683,684,691,692,703
0225_00166	10,11,12,15,16,19,20,21,144,147,179,181,182,256,257,284,285,286,287,300,309,333,334,340,342,345,346,347,352,353,356,357,359,366,367,371,373,374,375,376,377,380,382,385,388,390,391,392,393,394,397,398,400,401,404,406,407,417,419,421,431,436,440,442,443,444,446,447,448,450,451,452,454,465,473,483,485,488,489,492,494,496,505,507,520,522,524,528,531,536,539,541,546,550,554,556,561,568,572,573,577,581,583,586,593,594,597,600,602,613,614,615,618,622,625,629,637,638,639,640,646,647,648,651,655,657,658,663,664,673,674,675,681,683,684,691,692,701,703
0225_00176	10,11,12,15,16,17,19,20,21,144,146,147,151,154,179,181,182,256,257,258,259,284,285,286,287,300,309,333,340,341,342,345,346,347,352,353,356,358,359,360,366,367,374,375,376,377,378,379,380,382,385,387,388,389,390,391,392,393,394,397,398,400,401,404,406,407,417,419,421,432,438,439,440,442,443,444,448,450,451,452,454,465,473,483,485,486,488,489,492,494,495,496,500,505,507,520,522,524,528,531,536,537,539,541,546,548,550,554,556,561,567,568,570,572,573,581,583,586,593,594,597,602,603,612,613,614,615,618,622,625,629,637,638,639,640,648,655,657,658,660,663,664,674,675,681,682,683,684,691,692,703
0225_00178	10,11,12,15,16,17,19,20,21,144,146,147,151,154,179,181,182,256,257,258,259,284,285,286,287,300,309,333,340,341,342,345,346,347,352,353,356,358,359,360,366,367,374,376,377,378,379,380,385,387,388,389,390,391,392,393,394,397,398,400,401,404,406,407,417,419,421,432,438,439,442,443,448,450,451,452,454,465,473,483,485,486,488,489,492,496,500,505,507,520,522,524,528,531,539,541,546,548,550,556,561,568,570,572,573,583,586,593,594,597,602,612,613,614,615,618,622,629,637,638,639,640,646,647,648,655,657,658,663,664,675,681,683,684,691,692,703
0225_00188	10,11,12,13,14,15,16,17,18,19,20,21,22,23,144,146,147,151,153,154,179,180,183,184,185,186,193,256,284,285,286,287,300,333,334,336,339,340,341,342,345,346,347,352,353,356,357,358,359,366,367,371,372,375,377,378,381,382,383,385,387,388,391,392,393,394,397,404,406,410,417,419,421,431,432,433,435,438,440,441,442,443,444,447,450,452,453,454,462,465,471,473,477,483,491,494,495,496,498,499,507,517,521,524,525,529,531,536,537,539,541,542,544,546,549,550,553,554,556,557,565,566,567,570,571,574,575,577,578,579,580,581,582,583,585,586,589,590,593,594,595,596,598,600,601,602,603,604,605,607,608,609,612,614,615,616,619,620,621,622,624,625,626,627,629,633,634,635,638,639,641,642,643,644,646,647,652,656,657,658,660,661,665,666,667,669,672,673,674,678,679,680,681,683,684,685,686,687,688,689,690,693,694,695,696,699,700,705,706,707,709,710,711,714,722,736,738,750,757,759,764,777,785,799,801,813,820,822,827
0225_00196	10,11,12,13,19,20,144,145,179,180,183,186,187,193,284,285,287,333,334,335,336,342,345,353,375,417,421,431,433,435,442,444,447,491,525,536,554,557,580,583,600,641,661,672,679,680,685,688,689,693,697,698,705,709,710,711,712,713,777,798,819,861
0225_00199	10,11,12,15,16,19,20,21,284,285,286,287,300,309,333,339,341,345,346,352,353,366,375,381,391,393,394,407,421,440,441,444,452,453,529,536,537,541,567,570,580,583,593,603,612,614,618,638,644,646,647,657,660,681,684,685,686,692,694,695,696
0225_00230	10,11,12,13,19,20,144,145,179,180,183,186,187,193,284,285,287,333,334,335,336,342,345,353,375,417,421,431,433,435,442,444,447,491,525,536,554,557,580,583,600,641,661,672,679,680,685,689,693,697,698,705,709,710,711,712,713,777,798,819,861
0225_00231	10,11,12,13,19,20,144,145,179,180,186,187,193,194,284,285,287,309,333,334,335,336,340,342,345,347,353,367,375,407,421,433,444,536,572,580,583,618,638,680,681,685,689,690,693,697,698,699,700,705,709,710,711,712,713,777,778,798,799,819,861
0225_00232	10,11,12,15,16,17,19,20,144,146,147,256,257,284,285,286,287,300,309,333,339,341,345,346,352,353,356,358,359,366,371,373,374,375,376,377,380,381,388,390,391,392,393,394,397,398,404,407,417,419,421,432,436,438,440,441,442,443,444,446,447,448,450,451,452,453,454,473,483,485,486,488,491,492,496,500,503,505,507,520,522,524,529,536,537,539,540,541,546,547,548,557,561,567,570,571,573,580,581,583,586,593,594,596,597,600,603,608,609,612,614,618,637,638,641,644,646,647,655,657,658,660,666,675,681,683,684,685,686,692,696,703
0225_00233	10,11,12,13,15,19,20,179,180,256,284,285,286,287,300,309,333,334,342,345,346,352,353,356,357,366,371,372,375,382,383,385,391,393,394,407,417,421,431,435,440,442,444,447,452,471,491,499,517,521,525,529,536,541,542,543,545,549,553,557,565,568,571,574,575,579,580,583,585,591,593,596,600,604,607,608,609,614,618,619,620,632,635,638,641,642,644,646,647,652,656,657,661,664,665,668,669,678,679,680,681,684,685,689,690,692,697,699,700,703,709,710,711,715,736,762,778,799,825
0225_00234	10,11,12,15,16,17,19,20,284,285,286,287,300,309,333,339,341,345,346,352,353,366,375,376,381,391,393,394,407,419,421,440,441,444,451,452,453,454,488,529,536,537,541,567,570,580,583,593,603,612,614,618,644,646,647,657,660,684,685,696
0225_00235	10,11,12,13,15,16,17,19,20,21,34,179,180,181,182,184,185,186,193,256,284,285,286,287,294,300,306,309,333,334,336,339,341,345,346,352,353,354,356,357,366,371,372,375,376,377,378,381,384,385,391,392,393,394,407,415,417,419,421,431,435,438,440,441,442,444,447,450,451,452,453,454,458,460,465,466,471,484,488,491,496,517,521,525,529,532,533,534,536,537,541,546,550,553,557,565,567,570,571,579,580,583,585,586,593,596,600,601,603,604,608,609,612,614,618,619,629,634,635,638,641,644,646,647,657,658,660,661,665,666,669,678,679,680,681,684,685,689,690,693,696,697,698,709,710,711,737,759,768,800,822,831
0225_00236	10,11,12,15,16,17,19,20,284,285,286,287,300,309,333,339,341,345,346,352,353,366,376,381,391,393,394,407,419,421,440,441,444,451,452,453,454,488,529,536,537,541,567,570,580,583,593,603,612,614,644,646,647,657,660,684,685,696
0225_00238	10,11,12,15,16,17,19,20,144,146,147,284,285,286,287,300,309,333,339,341,345,346,352,353,366,376,381,391,392,394,407,419,421,440,441,444,451,452,453,454,488,529,536,537,541,567,570,580,583,593,603,612,614,618,638,644,646,647,657,660,681,684,685,692,696,703
0225_00239	10,11,12,15,16,17,19,20,21,284,285,286,287,300,309,333,339,341,345,346,347,352,353,366,367,376,381,391,393,394,407,419,421,440,441,444,451,452,453,454,488,529,536,537,541,567,570,572,580,582,583,593,603,612,614,618,640,643,644,646,647,657,660,684,685,696
0225_00240	10,11,12,15,16,17,19,20,284,285,286,287,300,309,333,334,336,339,341,345,346,352,353,366,375,376,381,391,393,394,407,419,421,440,441,444,451,452,453,454,488,529,536,537,541,567,570,580,583,593,603,612,614,618,638,644,646,647,657,660,684,685,696,709
0225_00245	10,11,12,15,16,19,20,21,284,285,286,287,300,309,333,339,341,345,346,352,353,366,381,391,393,394,407,421,440,441,444,452,453,529,536,537,541,567,570,580,581,583,593,603,612,614,618,638,639,644,646,647,657,660,681,683,685,686,687,688,691,694,695
0225_00246	10,11,12,15,16,19,20,21,179,180,256,284,285,286,287,300,309,333,334,339,341,345,346,352,353,356,357,366,371,372,381,385,391,393,394,407,417,421,431,435,440,441,442,444,447,452,453,471,491,517,521,525,529,536,537,541,553,557,565,567,570,571,579,580,581,583,585,593,596,600,603,604,608,609,612,614,618,619,635,638,639,641,644,646,647,657,660,661,665,669,678,679,680,681,683,684,685,686,687,688,689,690,693,697,699,705,709,710,711
0225_00252	10,11,12,13,19,20,21,38,144,145,179,180,183,186,187,193,284,285,287,295,309,333,334,335,336,338,340,342,343,345,347,353,367,375,407,417,421,431,433,435,442,444,447,463,491,517,525,536,538,551,552,554,557,572,580,583,592,600,618,638,640,641,661,672,673,679,680,681,682,685,689,690,693,694,697,698,699,700,705,706,709,710,711,712,713,777,778,781,798,799,802,819,820,823,828,840,841,861,862
0225_00254	10,11,12,13,15,16,19,20,21,179,180,186,187,214,219,220,256,258,284,285,286,287,300,309,333,334,339,341,345,346,347,352,353,356,357,366,367,371,372,375,377,378,381,385,391,392,393,394,406,407,417,421,431,435,438,440,441,442,444,447,450,452,453,465,471,491,496,503,517,521,525,529,536,537,541,546,547,550,553,557,565,567,570,571,579,580,583,585,586,593,596,600,601,603,604,608,609,612,614,615,616,619,629,634,635,638,641,644,646,647,657,658,660,661,665,666,669,678,679,680,681,684,685,689,690,693,697,699,700,705,709,710,711,759,822
0225_00255	10,11,12,13,15,16,19,20,21,179,180,181,182,184,185,186,187,193,200,256,258,284,285,286,287,300,302,333,334,336,340,341,342,345,346,347,352,353,356,357,366,367,371,372,375,377,378,381,385,391,392,393,394,396,402,406,417,421,424,431,435,438,441,442,444,447,450,453,455,456,465,471,491,503,515,517,521,525,536,541,546,547,550,553,554,557,559,565,567,571,574,579,580,583,585,593,595,596,600,601,604,608,609,614,615,616,619,620,629,634,635,638,641,644,657,660,661,665,666,667,669,672,674,678,679,680,681,683,684,685,689,690,691,693,694,695,697,698,699,701,705,709,710,711,713,738,801
0225_00260	10,11,12,13,15,179,180,186,187,256,258,284,285,286,333,334,339,341,345,346,352,356,357,366,371,372,375,385,391,392,417,431,435,442,447,465,471,491,517,521,525,541,550,553,557,565,571,579,583,585,593,596,600,604,608,609,614,619,629,634,635,641,657,661,665,669,678,679,680,684,689,697,709,710,711
0225_00282	10,11,12,19,20,21,179,180,256,284,285,287,309,333,334,342,345,353,356,357,371,372,381,382,383,385,407,417,421,431,435,441,442,444,447,453,471,491,499,517,521,525,542,543,545,549,553,554,557,565,568,571,574,575,579,583,585,591,596,600,604,607,609,618,619,620,632,635,638,641,642,652,656,661,664,665,668,669,672,673,678,679,680,681,689,690,700,709,710,711,715,736,762,778,799,825
0225_00291	10,11,12,15,16,17,19,20,144,146,147,256,257,284,285,286,287,300,309,333,339,341,345,346,352,353,356,358,359,366,371,373,374,376,377,380,381,388,390,391,393,394,397,400,401,404,407,417,419,421,432,436,438,440,441,442,443,444,446,447,448,450,451,452,453,454,473,483,485,486,488,489,491,492,496,500,503,505,507,520,522,524,528,529,536,537,539,540,541,546,547,548,557,561,567,570,571,573,580,581,583,586,593,594,596,597,600,603,608,609,612,614,618,637,638,641,644,646,647,655,657,658,660,666,675,681,683,684,685,686,692,696,703
0225_00297	10,11,12,13,15,16,17,19,20,21,34,35,130,132,133,144,146,147,179,184,185,256,257,284,285,286,287,294,300,302,309,333,334,339,341,345,346,347,350,352,353,354,356,358,359,366,367,369,371,376,377,380,381,384,388,391,392,393,394,396,397,404,407,413,417,419,421,422,431,432,435,438,440,441,442,443,444,447,450,451,452,453,454,463,473,474,475,476,481,483,485,488,490,491,496,501,503,507,508,509,512,517,525,529,532,534,536,537,538,539,540,541,547,554,556,557,561,565,567,568,570,571,574,577,580,581,587,593,594,598,603,608,612,614,620,644,646,647,655,657,659,660,664,665,668,672,675
0225_00299	10,11,12,13,15,19,20,21,24,179,180,181,182,186,256,257,258,284,285,286,287,288,309,333,334,336,340,341,342,345,347,352,353,356,357,358,359,365,367,371,372,375,377,381,385,388,391,397,404,406,407,417,419,421,431,432,435,438,441,442,443,444,447,450,453,454,465,471,473,483,491,496,507,517,521,524,525,531,536,539,540,546,549,550,553,556,557,565,571,572,574,575,578,579,580,582,583,585,586,593,595,596,600,601,604,605,608,609,614,618,619,620,629,634,635,638,639,640,641,642,643,656,657,658,661,665,666,667,668,669,678,679,680,681,684,685,689,690,691,692,693,694,697,698,699,702,703,704,706,709,710,711,713
0225_00309	10,11,12,13,15,16,19,34,179,180,186,187,256,258,284,285,286,287,294,300,333,334,341,345,346,350,352,353,354,356,357,366,369,371,372,375,377,378,384,385,391,392,393,394,413,417,421,431,435,438,440,442,444,447,450,452,465,471,491,496,501,503,508,517,521,525,532,533,534,541,546,547,550,553,554,557,565,571,579,583,585,586,587,593,596,600,601,604,608,609,614,619,629,634,635,641,644,646,657,658,659,661,665,666,669,672,673,678,679,680,684,689,709,710,711,768,831
0225_00310	10,11,12,19,179,180,256,284,285,287,333,334,345,347,353,356,357,367,371,372,385,417,421,431,435,437,442,444,447,449,471,491,517,521,525,553,554,557,565,571,579,583,585,596,600,604,609,619,635,641,661,665,669,672,673,678,679,680,689,709,710,711
0225_00314	10,11,12,15,16,17,19,20,38,144,146,147,151,154,179,181,182,256,257,258,259,284,285,286,287,295,300,309,333,340,341,342,345,346,347,352,353,356,358,359,360,366,367,374,376,377,378,379,380,385,387,388,389,390,391,392,394,397,398,404,406,407,417,419,432,438,439,442,443,448,450,451,454,465,473,483,485,486,488,492,496,500,505,507,520,522,524,531,539,541,546,548,550,556,561,568,570,572,573,583,586,593,594,597,602,612,613,614,615,618,622,629,637,638,639,640,655,657,658,663,664,675,681,683,684,691,692,703
0225_00315	10,11,12,13,14,15,19,20,21,22,179,182,186,189,284,285,286,287,309,333,334,336,338,339,340,341,342,345,346,347,348,352,353,366,367,368,375,381,391,392,406,407,421,433,441,444,453,536,541,564,567,568,572,580,582,583,593,611,614,615,618,638,639,640,643,660,662,663,664,680,681,682,685,687,689,690,691,693,694,697,698,699,700,701,702,705,706,709,710,711
0225_00321	10,11,12,13,15,19,20,21,144,146,147,179,180,181,182,186,256,284,285,286,287,333,334,336,339,340,341,342,345,346,347,352,353,356,357,366,367,371,372,375,381,385,391,392,406,417,421,431,435,441,442,444,447,453,471,491,494,517,521,525,536,541,549,553,554,557,565,571,574,575,579,580,581,582,583,585,593,595,596,598,600,604,605,609,614,615,619,620,624,635,638,639,640,641,642,643,656,657,661,665,667,669,672,673,678,679,680,681,684,685,689,690,692,693,696,697,698,699,703,704,705,708,709,710,711
0225_00322	10,11,12,13,15,19,20,21,144,146,147,179,180,181,182,186,256,284,285,286,287,333,334,336,339,340,341,342,345,346,347,352,353,356,357,366,367,371,372,375,381,385,391,392,406,417,421,431,435,441,442,444,447,453,471,491,494,517,521,525,536,541,549,553,554,557,565,571,574,575,579,580,581,582,583,585,593,595,596,598,600,604,605,609,614,615,619,620,624,635,638,639,640,641,642,643,656,657,661,665,667,669,672,673,678,679,680,681,684,685,689,690,692,693,696,697,698,699,703,704,705,708,709,710,711
0225_00325	10,11,12,13,19,20,21,144,145,179,180,183,186,187,193,284,285,287,309,333,334,335,336,340,342,345,347,353,367,375,407,417,421,431,433,435,442,444,447,463,491,525,536,538,554,557,572,580,583,600,618,638,641,661,672,679,680,681,685,689,690,693,694,697,698,699,700,705,706,709,710,711,712,713,777,778,798,799,819,820,840,861
0225_00326	10,11,12,13,19,20,21,144,145,179,180,183,186,187,193,284,285,287,309,333,334,335,336,338,342,345,347,353,367,375,407,417,421,431,433,435,442,444,447,463,491,525,536,538,554,557,572,580,583,600,618,638,640,641,661,672,679,680,681,685,687,689,690,693,695,697,698,699,700,705,707,709,710,711,712,713,777,798,819,840,841,861,862
0225_00327	10,11,12,13,19,20,21,144,145,179,180,183,186,187,193,284,285,287,309,333,334,335,336,338,342,345,347,353,367,375,407,417,421,431,433,435,442,444,447,463,491,525,536,538,554,557,572,580,583,600,618,638,640,641,661,672,679,680,681,685,689,690,693,697,698,699,700,705,709,710,711,712,713,777,798,819,840,841,861,862
0225_00342	10,11,12,15,16,19,20,21,144,147,179,181,182,256,257,284,285,286,287,300,309,333,340,342,345,346,347,352,353,356,359,366,367,371,372,373,374,376,377,379,380,385,388,390,391,392,394,397,398,404,406,407,417,419,421,435,436,439,442,443,446,447,448,450,451,452,454,465,473,483,485,488,492,496,503,505,507,517,520,522,524,531,539,540,541,546,547,550,556,561,567,568,572,573,577,583,586,593,594,597,602,613,614,615,618,622,629,637,638,639,640,644,646,647,648,655,657,658,660,663,664,675,681,682,683,684,691,692,703
0225_00343	10,11,12,15,16,19,20,21,22,31,144,147,179,181,182,256,257,284,285,286,287,300,309,315,333,340,342,345,346,347,352,353,356,359,366,367,371,372,373,374,376,377,379,380,385,388,390,391,392,394,397,398,404,406,407,408,412,417,419,421,426,435,436,439,442,443,446,447,448,450,451,452,454,457,465,473,483,485,488,492,496,503,505,507,517,520,522,524,531,539,540,541,546,547,550,556,561,567,568,572,573,577,583,586,593,594,597,602,613,614,615,618,622,629,637,638,639,640,644,646,647,648,655,657,658,660,663,664,675,681,682,683,684,691,692,703
0225_00347	10,11,12,13,19,20,21,144,145,179,180,186,187,193,194,284,285,287,309,333,334,335,336,342,345,353,375,381,407,421,433,441,444,453,536,580,583,618,638,680,681,685,689,690,693,695,697,698,699,700,705,707,709,710,711,712,713,777,798,819,840,861
0225_00353	10,11,12,15,19,20,21,34,35,179,182,284,285,286,287,294,302,309,333,340,342,345,347,350,352,353,354,367,369,375,396,406,407,413,415,419,443,458,466,508,539,540,568,572,583,587,615,618,638,640,659,663,664,680,681,682,690,691,702
0225_00354	10,11,12,13,15,16,44,179,180,181,182,186,256,257,258,284,285,286,298,328,329,331,333,334,336,341,345,346,352,356,357,358,359,366,371,372,373,374,375,377,385,388,391,392,397,404,417,419,431,432,435,436,438,442,443,446,447,448,450,454,465,471,473,483,491,492,496,503,507,510,517,521,522,524,525,531,539,540,541,546,547,550,553,555,556,557,565,571,577,578,579,583,585,586,593,596,600,601,604,608,609,614,619,629,634,635,641,657,658,661,665,666,669,671,676,678,679,680,684,689,697,698,709,710,711,713,719,782
0225_00355	10,11,12,13,15,16,38,179,180,181,182,186,256,257,258,284,285,286,295,333,334,336,341,343,345,346,352,356,357,358,359,363,366,371,372,373,374,375,377,385,388,391,392,397,404,417,419,431,432,435,436,438,442,443,446,447,448,450,454,465,471,473,483,491,492,496,502,503,504,507,517,521,522,524,525,531,539,540,541,546,547,550,551,553,556,557,565,571,577,578,579,583,585,586,592,593,596,599,600,601,604,608,609,614,619,629,634,635,641,657,658,661,665,666,669,678,679,680,684,689,697,698,709,710,711,713,718,781
0225_00357	10,11,12,13,15,19,179,180,181,182,183,186,187,193,200,256,284,285,286,287,309,333,334,335,336,339,341,342,345,346,352,353,356,357,366,371,372,375,382,383,385,391,392,407,417,431,435,442,447,471,491,499,517,521,525,541,542,543,549,553,557,565,571,574,575,579,583,585,591,593,596,600,604,607,608,609,614,618,619,620,635,638,641,642,652,656,657,661,665,668,669,678,679,680,681,684,689,690,697,698,699,700,709,710,711,712,713,715,736,756,777,778,780,798,799,801,819,822
0225_00362	10,11,12,13,15,19,20,284,285,286,287,300,309,333,339,340,341,342,345,346,347,352,353,366,367,375,394,407,529,567,572,583,593,618,638,640,644,680,681,684,689,690,697,699
0225_00370	10,11,12,13,14,15,19,20,21,22,130,133,179,180,183,186,187,193,194,200,228,229,256,258,284,285,286,287,300,309,333,334,335,336,338,339,340,341,342,345,346,347,352,353,356,357,366,367,371,372,375,381,385,391,393,394,406,407,417,421,431,433,435,441,442,444,447,452,453,463,465,471,491,494,517,521,525,529,536,538,541,549,550,553,554,557,560,565,567,568,571,572,574,575,579,580,581,582,583,585,593,595,596,598,600,604,605,608,609,613,614,615,618,619,620,624,629,634,635,638,639,640,641,642,643,644,646,647,656,660,661,663,664,665,667,668,669,672,673,678,679,680,681,682,684,685,687,689,690,691,693,694,697,698,699,700,701,702,705,706,709,710,711,712,713,778,783,798,799,804,819,820,825
0225_00377	10,11,12,13,15,19,20,21,22,179,180,182,183,186,187,190,193,200,207,256,258,284,285,286,287,300,309,333,334,338,339,340,341,342,345,346,347,348,352,353,356,357,366,367,368,371,372,375,381,382,383,385,394,406,407,417,421,431,433,435,442,444,447,463,471,477,491,494,499,517,521,525,529,536,538,542,543,549,553,554,557,564,565,566,567,568,571,572,574,575,576,579,580,582,583,585,590,591,593,595,596,598,600,604,605,607,609,611,615,618,619,620,624,626,627,635,638,639,640,641,642,643,644,652,656,661,662,663,664,665,667,668,669,672,673,678,679,680,681,682,685,687,688,689,690,691,693,694,697,698,699,700,701,702,705,706,709,710,711,713,714,720,735,736,756,757,777,778,783,798,799,804,819,820
0225_00388	10,11,12,19,20,21,179,180,185,186,187,193,256,258,284,285,287,309,333,334,340,342,345,347,353,356,357,367,371,372,382,383,385,406,407,417,431,435,442,447,471,477,491,499,517,521,525,542,543,545,549,553,557,565,566,568,571,572,574,575,576,579,583,585,590,591,595,596,600,604,605,607,609,615,618,619,620,621,627,632,633,635,638,640,641,642,652,654,656,661,663,664,665,667,668,669,678,679,680,681,682,689,690,691,697,698,699,700,701,702,709,710,711,715,736,741,757,762,778,799,804,820,825
0225_00389	10,11,12,19,20,21,179,180,185,186,187,193,256,258,284,285,287,309,333,334,340,342,345,347,353,356,357,367,371,372,382,383,385,406,407,417,431,435,442,447,471,477,491,499,521,525,542,543,545,549,553,557,565,566,568,571,572,574,575,576,579,583,585,590,591,595,596,600,604,605,607,609,615,618,619,620,621,627,632,633,635,638,640,641,642,652,654,656,661,663,664,665,667,668,669,678,679,680,681,682,689,690,691,697,698,699,700,701,702,709,710,711,715,736,741,757,762,778,799,804,820,825
0225_00390	10,11,12,13,15,19,20,21,22,179,180,182,183,186,187,190,193,200,207,256,258,284,285,286,287,300,309,333,334,338,339,340,341,342,345,346,347,348,352,353,356,357,366,367,368,371,372,375,381,382,383,385,394,406,407,417,421,431,433,435,442,444,447,463,471,477,491,494,499,517,521,525,529,536,538,542,543,549,553,554,557,564,565,566,567,568,571,572,574,575,576,579,580,582,583,585,590,591,593,595,596,598,600,604,605,607,609,611,615,618,619,620,624,626,627,635,638,639,640,641,642,643,644,652,656,661,662,663,664,665,667,668,669,672,673,678,679,680,681,682,685,687,688,689,690,691,693,694,697,698,699,700,701,702,705,706,709,710,711,713,714,720,735,736,756,757,777,778,783,798,799,804,819,820
0225_00394	10,11,12,13,15,19,284,285,286,287,300,333,345,352,353,375,394,417,421,435,440,442,444,447,452,491,517,525,536,557,580,583,593,600,641,644,661,679,680,684,685,689,693,697,705
0225_00395	10,11,12,13,15,16,19,24,144,150,179,180,186,187,256,258,284,285,286,287,288,333,334,338,342,345,346,347,352,353,356,357,365,366,367,371,372,375,385,391,392,406,417,420,430,431,435,442,447,467,471,491,517,521,525,541,549,553,557,565,569,571,574,575,579,583,585,593,595,596,600,604,605,609,614,615,619,620,635,638,641,642,656,661,665,667,669,677,678,679,680,681,683,684,689,690,697,698,699,700,709,710,711,713,714,735,756,777,798,819
0225_00400	10,11,12,13,19,20,144,145,179,180,183,186,187,193,256,284,285,287,309,333,334,335,336,338,342,345,353,356,357,371,372,375,382,383,385,407,417,418,428,429,431,435,442,447,461,471,491,499,517,521,525,542,543,549,553,557,565,571,574,575,579,583,585,591,596,600,604,607,609,618,619,620,635,638,641,642,652,656,661,665,668,669,678,679,680,681,689,690,697,698,699,700,709,710,711,712,713,715,736,756,777,778,798,799,819,840,841,861,862
0225_00403	10,11,12,13,19,20,144,145,179,180,183,186,187,193,284,285,287,333,334,335,336,342,345,353,375,417,421,431,433,435,442,444,447,491,517,525,536,554,557,565,580,583,600,641,661,665,672,673,679,680,685,689,693,697,698,705,709,710,711,712,713,777,798,819,861
0225_00412	10,11,12,13,15,16,19,20,144,145,179,180,184,185,186,187,193,284,285,286,287,300,333,334,335,336,337,339,341,345,346,352,353,366,375,391,393,394,417,421,435,440,442,444,447,452,465,491,517,525,529,536,541,554,557,580,583,593,614,641,644,646,647,657,661,672,673,679,680,684,685,689,693,697,698,705,709,710,711,712,713,777,780,798,801,819,822,840,861
0225_00413	10,11,12,13,15,16,17,18,19,20,21,22,31,32,144,146,147,151,154,179,180,181,182,184,185,186,191,192,193,200,256,257,258,259,260,284,285,286,287,300,309,315,333,334,340,341,342,345,346,347,352,353,356,357,358,359,360,366,367,371,372,374,375,376,377,378,379,380,382,385,387,388,389,390,391,392,393,394,397,398,400,401,404,406,407,408,412,417,419,421,426,431,432,435,438,439,440,442,443,444,447,448,450,451,452,454,457,465,471,473,483,485,486,488,489,491,492,495,496,500,503,505,507,520,521,522,524,525,528,531,536,537,539,540,541,546,547,548,550,553,556,557,561,565,567,568,570,571,572,573,577,578,579,581,583,585,586,593,594,596,597,600,601,602,603,604,608,609,612,613,614,615,618,619,622,629,634,635,637,638,639,640,641,646,648,651,655,657,658,660,661,663,664,665,666,669,675,678,679,680,681,682,683,684,689,691,692,697,703,709,710,711,713,717,738,756,771,780,801,819,834
0225_00421	10,11,12,15,16,19,20,24,25,179,180,256,284,285,286,287,288,300,302,333,334,341,345,346,347,352,353,356,357,364,366,367,371,372,375,385,394,396,406,417,419,431,432,435,442,443,447,471,491,517,521,525,529,539,540,553,556,557,565,567,571,577,579,583,585,596,600,604,609,619,635,638,641,644,661,665,669,678,679,680,681,689,690,697,698,699,709,710,711,714,777
0225_00432	10,11,12,15,16,19,20,21,284,285,286,287,300,309,333,334,336,339,341,345,346,352,353,366,375,381,391,393,394,407,421,440,441,444,452,453,529,536,537,541,567,580,583,593,603,614,618,638,644,646,647,657,660,681,684,685,686,692,694,695,696,703,709,710
0225_00439	10,11,12,15,16,17,19,20,21,284,285,286,287,300,309,333,339,341,345,346,352,353,366,376,381,391,393,394,407,419,421,440,441,444,451,452,453,454,488,529,536,537,541,567,570,580,583,593,603,612,614,618,638,644,646,647,657,660,681,683,684,685,686,692,694,695,696,703
0225_00444	10,11,19,20,21,22,31,179,182,284,285,287,309,315,333,340,342,345,347,348,353,367,368,381,406,407,408,412,426,457,564,568,572,583,615,618,638,640,662,663,664,680,681,682,690,691,702
0225_00447	10,11,12,15,16,19,20,21,284,285,286,287,300,309,333,339,341,345,346,352,353,366,381,391,393,394,407,421,440,441,444,452,453,529,536,537,541,567,570,580,583,593,603,612,614,618,638,644,646,647,657,660,680,681,683,684,685,686,690,692,693,694,695,696,703
0225_00448	10,11,12,15,16,19,20,21,179,180,256,284,285,286,287,300,309,333,334,339,341,345,346,352,353,356,357,366,371,372,381,385,391,393,394,407,417,421,431,435,440,441,442,444,447,452,453,471,491,517,521,525,529,536,537,541,553,557,565,567,570,571,579,580,583,585,593,596,600,603,604,608,609,612,614,618,619,635,638,641,644,646,647,657,660,661,665,669,678,679,680,681,683,684,685,686,689,690,692,693,694,695,696,697,699,703,705,709,710,711
0225_00451	10,11,12,15,16,19,20,21,34,284,285,286,287,294,300,309,333,339,341,345,346,350,352,353,354,366,369,381,391,393,394,407,414,421,440,441,444,452,453,529,536,537,541,567,570,580,583,593,603,612,614,618,638,644,646,647,657,660,681,684,685,686,692,694,695,696,703
0225_00454	10,11,12,15,19,20,21,31,284,285,286,287,309,315,333,340,342,345,346,347,352,353,366,367,375,391,392,407,408,412,426,457,541,567,568,572,618,640,660,664
0225_00461	10,11,12,15,16,19,20,21,179,180,256,284,285,286,287,300,309,333,334,339,341,342,345,346,352,353,356,357,366,371,372,381,382,383,385,391,393,394,407,417,421,431,435,440,441,442,444,447,452,453,471,491,499,517,521,525,529,536,537,541,542,543,549,553,557,565,567,570,571,574,575,579,580,583,585,591,593,596,600,603,604,607,608,609,612,614,618,619,620,635,638,641,642,644,646,647,652,656,657,660,661,665,668,669,678,679,680,681,684,685,689,690,693,697,699,705,709,710,711,715,778
0225_00464	10,11,12,13,14,15,16,17,18,19,20,21,22,144,146,147,151,153,154,158,160,161,165,167,168,179,180,186,187,256,257,258,259,260,262,284,285,286,287,300,301,309,333,334,336,338,339,341,342,345,346,347,352,353,356,357,358,359,366,367,371,372,373,374,375,376,377,378,380,382,383,385,386,387,388,390,391,392,393,394,395,397,399,400,401,404,406,407,417,419,421,431,432,435,436,438,440,442,443,444,446,447,448,450,451,452,454,465,471,473,483,485,486,488,489,491,492,496,499,500,503,505,507,511,516,517,518,519,520,521,522,523,524,525,528,529,531,536,537,539,540,541,542,543,546,547,548,549,550,553,556,557,561,565,567,570,571,572,573,574,575,577,578,579,580,582,583,585,586,591,593,594,596,597,600,601,603,604,607,608,609,612,614,615,616,618,619,620,629,634,635,636,637,638,639,641,642,643,644,646,647,652,655,656,657,658,660,661,665,666,668,669,675,678,679,680,681,684,685,686,689,690,693,695,696,697,698,699,705,709,710,711,713,715,759,778,822
0225_00470	10,11,12,15,16,17,19,20,21,31,144,146,147,151,154,179,181,182,186,189,256,257,258,259,284,285,286,287,300,309,315,333,340,341,342,345,346,347,352,353,356,358,359,360,366,367,374,376,377,378,379,380,382,385,387,388,389,390,391,392,393,394,397,398,400,401,404,406,407,408,412,417,419,421,426,432,438,439,440,442,443,444,448,450,451,452,454,457,465,473,483,485,486,488,489,492,494,495,496,500,505,507,520,522,524,528,531,536,537,539,541,546,548,550,554,556,561,567,568,570,572,573,581,583,586,593,594,597,602,603,612,613,614,615,618,622,625,629,637,638,639,640,648,655,657,658,660,663,664,674,675,681,682,683,684,691,692,703
0225_00471	10,11,12,13,19,20,21,24,25,38,144,145,179,180,183,186,187,193,284,285,287,288,295,309,333,334,335,336,338,340,342,343,345,347,353,367,375,407,417,421,431,433,435,442,444,447,463,491,525,536,538,551,554,557,562,572,580,583,600,618,638,640,641,661,672,673,679,680,681,682,685,689,690,693,694,697,698,699,700,705,706,709,710,711,712,713,777,778,798,799,819,820,840,841,861,862
0225_00476	10,11,12,15,19,20,21,284,285,286,287,333,340,342,345,346,347,352,353,366,367,375,381,391,392,406,421,441,444,453,536,541,567,580,582,583,593,614,615,616,638,640,643,660,680,681,683,685,686,690,693
0225_00488	10,11,12,13,15,19,20,144,150,179,180,181,182,183,186,187,193,200,256,284,285,286,287,333,334,335,336,339,340,341,342,345,346,347,352,353,356,357,366,367,371,372,375,382,383,385,391,392,406,417,421,431,433,435,442,444,447,463,471,477,491,499,517,521,525,536,538,541,542,543,545,549,553,557,565,566,568,571,574,575,579,580,583,585,590,593,595,596,600,604,605,606,607,608,609,614,615,619,620,621,627,631,633,635,638,641,642,652,656,657,661,663,665,667,669,678,679,680,681,683,684,685,689,690,691,692,693,694,696,697,698,699,700,701,702,703,704,705,706,708,709,710,711,712,713,715,736,756,757,762,777,778,780,798,799,801,819,820,822,825
0225_00489	10,11,12,13,19,20,21,144,145,179,180,183,186,187,193,284,285,287,309,333,334,335,336,338,340,342,345,347,353,367,375,407,417,421,431,433,435,442,444,447,463,491,525,536,538,554,557,572,580,583,600,618,638,640,641,661,672,679,680,681,682,685,689,690,693,694,697,698,699,700,705,706,709,710,711,712,713,777,778,798,799,819,820,840,841,861,862
0225_00492	10,11,12,13,19,20,21,22,179,180,182,186,187,189,193,200,256,257,258,260,284,285,287,309,333,334,340,342,345,347,348,353,356,357,367,368,371,372,381,382,383,385,386,406,407,410,417,421,431,433,435,442,444,447,463,471,477,491,494,499,517,521,525,536,538,542,543,545,549,553,554,557,564,565,566,568,571,572,574,575,576,579,580,582,583,585,589,590,591,595,596,598,600,604,605,606,607,609,611,615,618,619,620,621,624,626,627,631,632,633,635,638,640,641,642,643,652,654,656,661,662,663,664,665,667,668,669,672,673,678,679,680,681,682,685,687,689,690,691,693,694,697,698,699,700,701,702,705,706,709,710,711,715,736,741,757,762,778,799,804,820,825
0225_00501	10,11,12,13,15,38,39,144,148,179,180,186,187,256,258,284,285,286,295,300,333,334,336,339,341,343,345,346,352,356,357,363,366,371,372,375,385,391,393,394,417,431,435,442,447,465,471,491,502,504,517,521,525,527,529,530,541,550,551,553,557,565,571,579,583,585,592,593,596,599,600,604,608,609,614,619,629,634,635,641,644,661,665,669,678,679,680,684,689,697,698,709,710,711,713,718,739,756,774,781,802,819,837,840,843,861,864
0225_00502	10,11,12,13,14,15,16,17,19,20,21,144,148,179,180,181,182,186,187,188,189,193,200,256,257,258,260,284,285,286,287,300,309,333,334,336,337,339,340,341,342,345,346,347,352,353,356,357,359,366,367,371,372,373,374,375,377,385,388,391,392,393,394,397,404,407,417,419,421,431,435,436,440,442,443,444,446,447,448,450,452,454,465,471,473,483,491,492,496,503,507,517,521,522,524,525,529,531,536,537,539,540,541,546,547,550,553,556,557,565,567,570,571,572,577,578,579,580,581,583,585,586,593,594,596,600,601,603,604,608,609,612,614,618,619,629,634,635,638,641,642,644,646,647,656,657,658,660,661,665,666,669,678,679,680,681,683,684,685,687,689,690,692,693,696,697,698,699,700,703,705,709,710,711,713,756,819,841,843,861,864,869
0225_00515	10,11,12,13,14,15,16,17,19,20,21,144,149,150,179,180,181,182,185,186,188,189,193,195,196,200,202,203,207,256,257,258,259,260,284,285,286,287,309,333,334,338,339,341,342,345,346,347,352,353,356,357,358,359,366,367,371,372,375,377,378,381,382,383,385,386,387,388,391,392,397,398,404,406,407,417,419,421,431,432,435,438,440,441,442,443,444,447,450,452,453,454,463,465,471,473,477,483,491,494,496,499,503,507,517,521,522,524,525,531,536,538,539,540,541,542,543,546,547,549,550,553,554,556,557,565,566,568,570,571,574,575,577,578,579,580,582,583,585,586,590,593,594,595,596,598,600,601,604,605,607,608,609,612,613,614,615,618,619,620,623,624,627,629,634,635,638,639,641,642,643,646,647,652,656,657,658,661,663,664,665,666,667,668,669,672,678,679,680,681,682,683,684,685,687,689,690,692,693,694,695,696,697,698,699,700,703,704,705,708,709,710,711,713,722,736,759,785,799,822
0225_00520	10,11,12,19,20,21,22,179,182,186,189,284,285,287,309,333,340,342,345,347,348,353,367,368,381,406,407,564,568,572,583,611,615,618,638,640,662,663,664,680,681,682,690,691,701,702
0225_00541	10,11,12,19,20,21,22,179,182,284,285,287,309,333,340,342,345,347,348,353,367,368,381,406,407,564,568,572,583,611,615,618,638,640,662,663,664,680,681,682,690,691,701,702
0225_00546	10,11,12,15,16,17,19,20,21,22,34,35,284,285,286,287,294,300,309,333,339,341,345,346,350,352,353,354,366,369,381,391,393,394,407,421,440,441,444,452,453,529,536,537,541,567,570,580,583,593,603,612,614,618,638,644,646,647,657,660,681,684,685,686,692,694,695,696,703
0225_00549	10,11,12,15,16,17,19,20,284,285,286,287,300,309,333,334,336,339,341,345,346,352,353,366,375,376,381,391,393,394,407,419,421,440,441,444,451,452,453,454,488,529,536,537,541,567,570,580,583,593,603,612,614,618,638,644,646,647,657,660,681,684,685,692,696,709,710
0225_00552	10,11,12,15,16,34,144,146,147,149,150,151,179,180,256,284,285,286,294,333,334,339,341,345,346,350,352,354,356,357,366,369,371,372,376,385,391,392,413,417,419,431,435,442,447,451,454,465,471,476,488,490,491,508,517,520,521,525,541,550,553,557,565,570,571,579,583,585,593,596,597,600,604,608,609,612,614,619,634,635,641,657,661,665,669,678,679,680,684,689,697,709,710,711
0225_00555	10,11,12,13,19,20,144,145,179,180,183,186,187,193,284,285,287,309,333,334,335,336,338,342,345,353,375,407,417,418,421,428,429,431,433,435,442,444,447,461,491,525,536,554,557,580,583,600,618,638,641,661,672,679,680,681,685,689,690,693,697,698,699,700,705,709,710,711,712,713,777,798,819,840,841,861,862
0225_00557	10,11,15,16,19,20,284,285,286,287,300,309,333,339,341,345,346,352,353,366,376,381,391,393,394,407,421,441,444,452,453,529,536,537,541,561,567,580,583,593,614,618,638,644,646,647,655,680,681,684,685,690,693
0225_00561	10,11,12,13,15,16,19,20,21,24,144,146,147,179,180,181,182,186,256,284,285,286,287,288,300,333,340,341,342,345,346,347,352,353,356,365,366,367,371,372,375,377,378,381,385,391,392,393,394,406,417,421,435,438,440,442,444,447,450,452,453,465,471,491,496,503,517,521,525,529,541,546,547,550,553,557,565,567,571,579,583,585,586,593,594,596,600,601,604,608,609,613,614,615,616,619,629,634,635,641,644,646,647,657,658,660,661,665,666,669,678,679,680,684,729,792
0225_00562	10,11,12,13,15,19,20,21,284,285,286,287,333,340,342,345,346,347,352,353,366,367,375,381,391,392,406,417,421,435,441,442,444,447,453,491,517,525,536,541,557,567,580,582,583,593,600,614,615,616,638,640,641,643,660,661,679,680,681,683,685,686,689,690,693,697,699,705
0225_00574	10,11,12,13,19,20,21,38,144,145,179,180,183,186,187,193,284,285,287,295,309,333,334,335,336,338,340,342,345,347,353,362,367,375,381,406,407,417,421,431,433,435,441,442,444,447,453,463,491,517,525,536,538,554,557,564,568,572,580,583,600,606,611,618,638,641,661,662,663,672,673,679,680,681,682,685,689,690,691,693,694,697,698,699,700,701,702,705,706,709,710,711,712,713,777,778,798,799,819,820,840,841,861,862
0225_00578	10,11,12,15,16,19,20,284,285,286,287,300,309,333,339,341,345,346,352,353,366,381,391,393,394,407,421,440,441,444,452,453,529,536,537,541,567,570,580,583,593,603,612,614,644,646,647,657,660,680,684,685,693
0225_00580	10,11,12,15,16,19,20,284,285,286,287,300,309,333,334,336,339,341,345,346,352,353,366,375,381,391,393,394,407,421,440,441,444,452,453,529,536,537,541,567,570,580,583,593,603,612,614,618,638,644,646,647,657,660,680,684,685,693,709
0225_00583	10,11,12,19,20,21,22,179,182,186,189,284,285,287,309,333,340,342,345,347,348,353,367,368,381,406,407,564,568,572,583,611,615,618,638,640,662,663,664,680,681,682,690,691,701,702
0225_00585	10,11,12,15,16,19,20,34,130,132,133,144,146,147,214,216,217,284,285,286,287,294,309,333,334,339,341,345,346,350,352,353,354,366,369,375,376,381,391,392,407,413,419,421,440,441,444,448,451,452,453,454,488,490,508,520,536,537,541,567,570,580,581,583,587,593,597,603,612,614,618,638,646,647,657,659,660,680,684,709
0225_00587	10,11,12,13,19,20,21,144,145,179,180,183,186,190,193,284,285,287,333,334,335,336,338,342,345,353,375,381,406,417,421,431,433,435,441,442,444,447,453,463,491,525,536,538,554,557,565,580,583,600,606,615,638,641,661,665,672,679,680,681,685,689,690,693,697,698,699,700,705,709,710,711,712,713,777,798,819,840,841,861,862
0225_00608	10,11,12,13,19,20,144,145,179,180,183,186,187,193,284,285,287,309,333,334,335,336,338,342,345,353,375,407,417,421,431,433,435,442,444,447,491,525,536,554,557,580,583,600,618,638,641,661,672,679,680,681,685,689,690,693,697,698,699,700,705,709,710,711,712,713,777,798,819,840,841,861,862
0225_00612	10,11,12,13,19,20,21,179,182,183,186,190,193,284,285,287,309,333,334,336,340,342,345,347,353,367,375,381,406,407,417,421,431,435,441,442,444,447,453,491,517,525,536,557,565,572,580,582,583,600,615,618,638,640,641,642,643,661,665,679,680,681,685,689,690,693,694,697,698,699,700,705,706,709,710,711,713
0225_00614	10,11,12,13,15,19,20,144,145,179,180,183,186,187,190,193,200,256,284,285,286,287,309,333,334,335,336,338,341,342,345,352,353,356,357,366,371,372,375,377,378,385,391,392,407,417,418,421,428,431,433,435,438,442,444,447,450,461,465,471,491,496,503,517,521,525,536,541,546,547,550,553,554,557,565,571,579,580,583,585,586,593,596,600,601,604,608,609,614,618,619,629,634,635,638,641,658,661,665,666,669,672,678,679,680,681,684,685,689,690,693,697,698,699,700,705,709,710,711,712,713,717,777,780,798,819,840,841,861,862
0225_00632	10,11,12,15,16,17,19,20,284,285,286,287,300,309,333,339,341,345,346,352,353,366,375,376,381,391,393,394,407,419,421,440,441,444,451,452,453,454,488,529,536,537,541,567,580,583,593,603,614,618,638,644,646,647,657,660,681,684,685,692,696
0225_00633	10,11,12,15,16,19,20,284,285,286,287,300,309,333,339,341,345,346,352,353,366,375,381,391,393,394,407,421,440,441,444,452,453,529,536,537,541,567,580,583,593,603,614,618,638,644,646,647,657,660,680,681,684,685,690,693
0225_00634	10,11,15,16,19,20,284,285,286,287,300,309,333,339,341,345,346,352,353,366,375,381,391,393,394,407,421,441,444,453,529,536,537,541,567,580,583,593,603,614,618,638,644,660,680,681,684,685,690,693
0225_00646	10,11,12,15,16,19,20,21,144,147,179,181,182,256,257,284,285,286,287,300,309,333,340,342,345,346,347,352,353,356,359,366,367,371,372,373,374,375,376,377,379,380,385,388,390,391,392,393,394,397,398,404,406,407,417,419,421,435,436,439,440,442,443,444,446,447,448,450,451,452,454,465,473,483,485,488,492,496,503,505,507,517,520,522,524,531,539,540,541,546,547,550,556,561,567,568,572,573,577,583,586,593,594,597,602,613,614,615,618,622,629,637,638,639,640,644,646,647,648,655,657,658,660,663,664,675,681,682,683,684,691,692,703
0225_00649	10,11,12,15,16,17,19,20,21,144,146,147,256,257,284,285,286,287,300,309,333,339,341,345,346,352,353,356,358,359,366,371,373,374,375,376,377,380,381,388,390,391,393,394,397,400,401,404,407,417,419,421,432,436,438,440,441,442,443,444,446,447,448,450,451,452,453,454,473,483,485,486,488,489,491,492,496,500,503,505,507,520,522,524,528,529,536,537,539,540,541,546,547,548,557,561,567,570,571,573,580,581,583,586,593,594,596,597,600,603,608,609,612,614,618,637,638,641,644,646,647,655,657,658,660,666,675,681,683,684,685,686,692,696,703
0225_00651	10,11,15,16,19,20,21,284,285,286,287,300,309,333,339,341,345,346,352,353,366,375,381,391,393,394,407,421,440,441,444,452,453,529,536,537,541,567,580,583,593,603,614,618,638,644,646,647,657,660,681,684,685,686,692,694,695,696
0225_00660	10,11,12,13,15,19,20,21,130,131,144,150,179,180,181,182,183,186,187,193,200,256,284,285,286,287,309,333,334,335,336,338,339,340,341,342,345,346,347,352,353,356,357,366,367,371,372,382,383,385,391,392,406,407,417,431,435,442,447,471,477,491,499,517,521,525,541,542,543,545,549,553,557,565,566,567,568,571,572,574,575,579,583,585,590,591,593,595,596,600,604,605,607,608,609,614,615,618,619,620,621,627,631,632,633,635,638,640,641,642,652,656,657,660,661,663,664,665,667,668,669,678,679,680,681,682,683,684,689,690,691,692,697,698,699,700,701,702,703,704,709,710,711,712,713,715,736,756,757,762,777,778,780,783,798,799,801,804,819,820,822,825,827
0225_00661	10,11,15,16,19,20,284,285,286,287,300,309,333,339,341,345,346,352,353,366,375,381,391,393,394,407,421,440,441,444,452,453,529,536,537,541,567,580,583,593,603,614,618,638,644,646,647,657,660,681,684,685,692,696
0225_00663	10,11,12,13,15,16,19,20,116,117,144,146,147,150,151,179,180,181,182,183,186,187,190,193,200,207,256,257,258,260,284,285,286,287,300,309,333,334,335,336,338,339,340,341,342,345,346,347,352,353,356,357,358,359,366,367,371,372,377,378,382,383,385,386,387,388,391,392,393,394,397,400,401,404,406,407,417,419,431,432,435,438,442,443,447,450,454,462,465,471,473,477,483,491,496,499,503,507,517,521,524,525,528,531,539,540,541,542,543,545,546,547,549,550,553,556,557,565,566,567,568,571,574,575,577,578,579,583,585,586,590,591,593,595,596,600,601,604,605,607,608,609,614,615,616,618,619,620,621,627,629,631,632,633,634,635,638,640,641,642,644,652,656,657,658,660,661,663,664,665,666,667,668,669,678,679,680,681,682,683,684,689,690,691,692,697,698,699,700,701,702,703,704,709,710,711,712,713,715,736,756,757,759,762,777,778,780,785,798,799,801,804,819,820,822,825,827
0225_00664	10,11,12,13,19,20,144,145,179,180,183,186,187,193,284,285,287,309,333,334,335,336,340,342,345,347,353,367,375,407,417,421,431,433,435,442,444,447,491,525,536,554,557,572,580,583,600,618,638,641,661,672,679,680,681,685,689,690,693,697,698,699,700,705,709,710,711,712,713,777,798,819,841,861,862
0225_00667	10,11,12,13,15,19,20,179,180,186,187,256,284,285,286,287,300,309,333,334,336,339,341,345,346,352,353,356,357,366,371,372,375,381,385,391,393,394,407,417,421,431,435,440,441,442,444,447,452,453,471,491,517,521,525,529,536,537,541,553,557,565,567,571,579,580,583,585,593,596,600,603,604,608,609,614,618,619,635,638,641,644,646,647,657,660,661,665,669,678,679,680,681,684,685,689,690,693,697,698,699,705,709,710,711,713,777
0225_00670	10,11,12,15,19,20,179,180,256,284,285,286,287,300,309,333,334,345,346,352,353,356,357,366,371,372,381,385,391,393,394,407,417,421,431,435,440,441,442,444,447,452,453,465,471,491,517,521,525,529,537,541,553,554,557,565,567,571,579,583,585,596,600,603,604,609,619,635,641,644,646,647,657,660,661,665,669,672,673,678,679,680,689,709,710,711
0225_00674	10,11,12,13,14,15,16,19,20,21,34,179,180,181,182,186,187,193,194,200,256,258,284,285,286,287,294,300,309,333,334,336,337,339,340,341,342,345,346,347,350,352,353,354,356,357,366,367,369,371,372,375,382,383,384,385,391,392,393,394,407,413,417,421,431,435,440,442,444,447,452,465,471,491,494,499,501,508,517,521,525,529,532,533,536,537,541,542,543,549,550,553,554,557,565,567,570,571,572,574,575,579,580,583,585,587,591,593,594,596,598,600,603,604,607,608,609,612,614,618,619,620,624,629,634,635,638,641,642,644,646,647,652,656,657,659,660,661,665,668,669,672,673,678,679,680,681,683,684,685,687,689,690,693,697,699,700,705,709,710,711,713,736,756,757,799,819,820
0225_00683	10,11,12,15,16,19,20,21,144,147,179,181,182,256,257,284,285,286,287,300,309,333,334,340,342,345,346,347,352,353,356,357,359,366,367,371,372,373,374,377,385,388,391,392,394,397,398,404,406,407,417,419,421,431,435,436,440,442,443,444,446,447,448,450,452,454,465,471,473,483,491,492,494,496,503,507,517,521,522,524,525,531,536,539,540,541,546,547,550,553,554,556,557,565,567,568,571,572,577,578,579,580,581,583,585,586,593,594,596,598,600,601,604,608,609,613,614,615,618,619,624,625,629,634,635,638,639,640,641,657,658,660,661,663,664,665,666,669,672,673,674,678,679,681,682,683,684,685,691,692,696,703,709,710
0225_00704	10,11,15,16,19,20,144,146,147,256,257,284,285,286,287,300,309,333,339,341,345,346,352,353,356,358,359,366,371,373,374,375,376,377,380,381,388,390,391,393,394,397,400,401,404,407,417,419,421,432,436,438,441,442,443,444,446,447,448,450,451,453,454,473,483,485,486,488,489,491,492,496,500,503,505,507,520,522,524,528,529,536,537,539,540,541,546,547,548,557,561,567,570,571,573,580,583,586,593,594,596,597,600,603,608,609,612,614,618,637,638,641,644,655,658,660,666,675,681,683,684,685,686,692,696,703
0225_00709	10,11,12,15,19,20,179,180,256,284,285,286,287,300,309,333,334,339,341,345,346,352,353,356,357,366,371,372,375,381,385,391,393,394,407,417,421,431,435,441,442,444,447,453,471,491,517,521,525,529,536,537,541,553,557,565,567,571,579,580,583,585,593,596,600,603,604,608,609,614,618,619,635,638,641,644,660,661,665,669,678,679,680,681,684,685,689,690,693,697,699,705,709,710,711
0225_00720	10,11,15,19,20,21,284,285,286,287,300,309,333,339,341,345,346,347,352,353,366,367,375,381,394,406,407,421,441,444,453,529,536,537,567,580,615,618,638,639,644,682,687
0225_00728	10,11,12,13,15,19,20,179,180,186,187,214,220,256,258,284,285,286,287,309,333,334,342,345,346,347,352,353,356,357,366,367,371,372,375,381,382,383,385,391,392,406,407,417,421,431,435,441,442,444,447,453,471,477,491,499,517,521,525,536,541,542,543,549,553,557,565,566,571,574,575,579,580,583,585,590,595,596,598,600,604,605,607,609,614,615,618,619,620,621,627,633,635,638,641,642,652,656,661,665,667,669,678,679,680,681,685,689,690,693,697,698,699,700,705,709,710,711,713,715,735,756,757,778,798,819,820
0225_00743	10,11,12,13,15,16,19,38,39,40,144,146,147,179,180,186,187,256,257,258,260,284,285,286,287,295,302,333,334,341,343,345,346,347,352,353,356,357,359,363,366,367,371,372,373,374,376,377,380,385,388,390,391,392,396,397,398,404,417,419,431,432,435,436,442,443,446,447,448,450,451,454,471,473,483,485,486,488,491,492,496,500,502,503,504,505,507,517,520,521,522,525,539,540,541,547,548,549,551,553,556,557,561,565,570,571,573,574,575,577,579,583,585,592,593,596,597,599,600,604,608,609,612,614,619,620,635,637,638,641,642,655,656,657,661,665,669,675,678,679,680,681,684,689,690,697,699,709,710,711,718,753,760,781,816,823
0225_00744	10,11,12,13,15,19,20,21,144,150,179,180,181,182,183,186,187,193,200,256,284,285,286,287,309,333,334,335,338,339,340,341,342,345,346,347,352,353,356,357,366,367,371,372,375,382,383,385,391,392,406,407,417,421,431,433,435,442,444,447,463,471,477,491,499,517,521,525,536,538,541,542,543,545,549,553,557,565,566,567,568,571,574,575,579,580,583,585,590,593,595,596,600,604,605,606,607,608,609,614,615,618,619,620,621,627,631,633,635,638,640,641,642,652,656,657,660,661,663,665,667,669,678,679,680,681,682,683,684,685,687,689,690,691,692,693,694,696,697,698,699,700,701,702,703,704,705,706,708,709,710,711,712,713,715,736,756,757,762,777,778,780,798,799,801,804,819,820,822,825,827
0225_00745	10,11,12,13,15,19,20,21,144,150,179,180,181,182,183,186,187,193,200,256,284,285,286,287,309,333,334,335,338,339,340,341,342,345,346,347,352,353,356,357,366,367,371,372,375,382,383,385,391,392,406,407,417,421,431,433,435,442,444,447,463,471,477,491,499,517,521,525,536,538,541,542,543,545,549,553,557,565,566,567,568,571,574,575,579,580,583,585,590,591,593,595,596,600,604,605,606,607,608,609,614,615,618,619,620,621,627,631,632,633,635,638,640,641,642,652,656,657,660,661,663,664,665,667,668,669,678,679,680,681,682,683,684,685,687,689,690,691,692,693,694,696,697,698,699,700,701,702,703,704,705,706,708,709,710,711,712,713,715,736,756,757,762,777,778,780,798,799,801,804,819,820,822,825,827
0225_00747	10,11,12,15,16,19,20,144,146,147,179,180,256,257,258,284,285,286,287,309,333,334,345,346,352,353,356,357,359,366,371,372,373,374,376,377,380,381,385,388,390,391,392,397,398,404,407,417,419,421,431,435,436,441,442,443,444,446,447,448,450,451,453,454,465,471,473,483,485,486,488,491,492,496,500,503,505,507,517,520,521,522,525,540,541,547,548,550,553,554,557,561,565,570,571,573,574,579,583,585,593,596,597,600,604,608,609,612,614,619,620,629,634,635,637,641,655,657,661,665,668,669,672,673,675,678,679,680,684,689,709,710,711,714,777
0225_00759	10,11,12,13,15,16,19,20,21,24,116,117,179,180,181,182,184,185,186,193,256,257,258,284,285,286,287,288,300,309,333,334,337,339,341,342,345,346,347,352,353,356,357,358,359,365,366,367,371,372,373,374,375,377,378,381,382,383,385,386,387,388,391,392,394,397,398,404,406,407,417,419,421,431,432,433,435,436,438,441,442,443,444,446,447,448,450,453,454,462,465,471,473,477,483,491,492,494,496,498,499,507,521,522,524,525,531,536,539,541,542,544,546,549,550,553,554,556,557,565,566,567,571,574,575,577,578,579,580,581,582,583,585,586,589,590,593,595,596,598,601,604,605,607,608,609,614,615,616,618,619,620,621,624,625,627,629,633,634,635,638,639,641,642,643,644,652,656,657,658,660,661,665,666,667,668,669,672,673,674,678,679,680,681,684,685,687,689,690,692,693,696,697,698,699,700,703,704,705,708,709,710,711,713,714,736,738,757,759,764,777,799,801,820,822,827
0225_00767	10,11,12,13,15,16,34,144,146,147,179,180,181,182,183,186,193,256,257,258,284,285,286,294,300,333,334,336,339,341,345,346,350,352,354,356,357,358,359,366,369,371,372,373,374,375,377,378,385,386,387,388,391,392,393,394,397,400,401,404,413,417,419,431,432,435,436,438,442,443,446,447,448,450,454,465,471,473,483,491,492,496,503,507,508,517,521,522,524,525,528,529,531,539,540,541,546,547,550,553,556,557,565,571,577,578,579,583,585,586,587,593,596,600,601,604,608,609,614,619,629,634,635,641,644,657,658,661,665,666,669,678,679,680,684,689,697,698,709,710,711,713,738,756,759,777,780,798,801,819,822
0225_00768	10,11,12,13,15,16,17,19,20,34,144,146,147,151,153,154,179,180,181,182,186,187,193,256,257,258,284,285,286,287,294,306,333,334,336,345,346,352,353,354,356,357,359,366,371,372,376,377,379,380,384,385,386,388,391,392,417,419,421,422,431,435,439,440,442,443,444,447,450,451,452,465,471,472,484,491,496,514,517,520,521,524,525,531,532,533,536,539,541,546,550,553,556,557,561,565,570,571,577,579,580,583,585,586,593,596,597,600,601,604,608,609,612,614,619,629,630,634,635,641,646,647,651,655,657,658,661,665,666,669,678,679,680,684,685,686,688,689,693,697,705,709,710,711,713,758,819,821
0225_00769	10,11,12,13,19,20,21,22,179,180,182,186,187,189,193,200,256,257,258,260,284,285,287,309,333,334,340,342,345,347,348,353,356,357,367,368,371,372,375,381,382,383,385,386,406,407,410,417,421,431,433,435,442,444,447,463,471,477,491,494,499,521,525,536,538,542,543,545,549,553,554,557,564,565,566,568,571,572,574,575,576,579,580,582,583,585,590,591,595,596,598,600,604,605,606,607,609,611,615,618,619,620,621,624,626,627,631,632,633,635,638,640,641,642,643,652,654,656,661,662,663,664,665,667,668,669,672,673,678,679,680,681,682,685,687,689,690,691,693,694,697,698,699,700,701,702,705,706,709,710,711,715,736,741,757,762,778,799,804,820,825
0225_00805	10,11,12,13,19,20,21,179,183,186,190,284,285,287,309,333,334,336,340,342,345,347,353,367,375,381,406,407,417,421,431,435,441,442,444,447,453,491,517,525,536,557,565,572,574,580,582,583,600,615,618,620,638,640,641,642,643,661,665,668,679,680,681,685,689,690,691,693,694,697,698,699,700,702,705,706,709,710,711,713
0225_00810	10,11,12,13,19,20,144,145,179,180,183,186,187,193,284,285,287,333,334,335,336,342,345,353,375,417,421,431,433,435,442,444,447,491,525,536,554,557,580,583,600,641,661,672,679,680,685,689,693,697,698,705,709,710,711,712,713,777,798,819,840,861
0225_00811	10,11,12,15,16,19,20,21,144,146,147,284,285,286,287,300,309,333,339,341,345,346,352,353,366,381,391,393,394,407,421,440,441,444,452,453,529,536,537,541,567,570,580,583,593,603,612,614,618,638,644,646,647,657,660,681,684,685,686,692,694,695,696
0225_00834	10,11,12,15,16,19,20,38,39,144,146,147,179,180,256,284,285,286,287,295,300,309,333,334,339,341,342,343,345,346,352,353,356,357,363,366,367,371,372,375,382,383,385,391,392,393,394,406,407,417,421,431,435,440,442,444,447,452,465,471,477,491,494,499,502,504,506,521,525,529,536,541,542,549,550,551,552,553,554,557,565,566,570,571,574,575,576,579,580,582,583,584,585,590,591,592,593,595,596,598,599,604,605,607,608,609,612,614,618,619,620,624,626,627,629,634,635,638,639,640,641,642,643,644,646,647,652,654,656,657,661,665,667,668,669,672,678,679,680,681,684,685,689,690,691,693,699,701,702,705,709,710,711,723,739,741,753,757,765,786,802,804,816,820,828
0225_00837	10,11,12,13,15,16,19,20,21,144,145,146,147,151,179,180,256,284,285,286,287,300,309,333,334,336,339,341,345,346,347,352,353,356,357,366,367,371,372,375,381,385,391,392,393,394,406,407,417,421,431,435,440,441,442,444,447,452,453,471,491,517,521,525,529,536,537,541,553,557,565,567,570,571,579,580,583,585,593,596,600,603,604,609,612,614,615,616,618,619,635,638,641,644,646,647,657,660,661,665,669,678,679,680,681,684,685,689,690,692,693,696,697,699,700,703,704,705,708,709,710,711,864
0225_00841	10,11,12,13,15,16,19,20,21,179,180,181,182,186,187,193,256,258,284,285,286,287,300,309,333,334,336,339,341,342,345,346,347,352,353,356,357,366,367,371,372,375,377,378,381,382,383,385,391,392,393,394,406,407,417,421,431,435,438,440,441,442,444,447,450,452,453,465,471,477,491,494,496,499,503,517,521,525,529,536,541,542,543,546,547,549,550,553,554,557,565,566,571,574,575,576,579,580,582,583,585,586,590,593,594,595,596,598,600,601,604,605,607,608,609,614,615,618,619,620,621,624,626,627,629,633,634,635,638,640,641,642,643,644,646,647,652,656,657,658,661,665,666,667,668,669,672,673,678,679,680,681,684,685,689,690,692,693,694,697,698,699,700,703,705,706,709,710,711,714,736,757,759,777,799,820,822
0225_00842	10,11,12,19,20,179,180,186,187,256,258,284,285,287,309,333,334,342,345,353,356,357,371,372,382,383,385,407,417,431,435,442,447,471,491,499,517,521,525,542,543,549,553,557,565,571,574,575,576,579,583,585,591,596,600,604,607,609,618,619,620,635,638,640,641,642,652,654,656,661,665,668,669,678,679,680,681,689,690,691,700,702,709,710,711,715,736,741,778,799,804
0225_00845	10,11,12,13,14,15,16,17,19,20,21,22,144,149,150,151,157,179,180,181,182,186,187,193,256,258,284,285,286,287,300,309,333,334,336,340,341,342,345,346,347,352,353,356,357,366,367,375,376,377,378,381,382,383,385,386,391,392,393,394,406,407,417,419,421,431,432,433,435,438,440,441,442,443,444,447,450,452,453,454,463,465,471,477,491,494,496,499,517,521,525,536,538,539,541,542,544,546,549,550,553,554,556,557,564,565,566,567,571,572,574,575,576,579,580,582,583,585,586,588,590,591,593,594,595,596,598,600,601,604,605,606,607,608,609,611,614,615,618,619,620,621,624,626,627,629,633,634,635,638,640,641,642,643,646,652,654,656,657,658,660,661,662,665,666,667,668,669,672,673,678,679,680,681,682,683,684,685,689,690,691,693,694,697,698,699,700,701,702,705,706,709,710,711,713,714,715,717,735,736,738,741,756,757,764,777,778,780,798,799,801,804,819,820,827
0225_00846	10,11,12,13,14,15,16,17,19,20,21,22,144,145,150,151,179,180,181,182,186,187,193,256,258,284,285,286,287,300,301,309,333,334,336,339,340,341,342,345,346,347,352,353,356,357,366,367,375,377,378,381,382,383,385,386,391,392,393,394,406,407,417,419,421,431,433,435,436,438,440,441,442,443,444,447,448,450,452,453,463,465,468,471,477,491,494,496,499,516,517,521,525,536,538,539,541,542,544,546,549,550,553,554,556,557,564,565,566,567,570,571,572,574,575,576,579,580,582,583,585,586,588,590,591,593,595,596,598,600,601,604,605,606,607,608,609,611,612,614,615,618,619,620,621,624,626,627,629,633,634,635,638,639,640,641,642,643,645,646,652,653,654,656,657,658,660,661,662,665,666,667,668,669,672,673,678,679,680,681,682,683,684,685,687,689,690,691,692,693,694,697,698,699,700,701,702,703,704,705,706,709,710,711,713,714,715,717,720,735,736,738,741,743,756,757,759,764,777,778,780,783,798,799,801,804,806,819,820,822,827
0225_00849	10,11,12,13,15,16,144,146,147,179,180,181,182,186,187,193,256,257,258,260,284,285,286,300,333,334,339,341,345,346,352,356,357,358,359,366,371,372,375,377,378,385,386,387,388,391,392,393,394,397,398,404,417,419,431,432,435,438,442,443,447,450,454,465,471,473,483,491,496,503,507,517,521,522,524,525,529,531,539,540,541,546,547,550,553,556,557,565,570,571,577,578,579,583,585,586,593,594,596,600,601,604,608,609,612,614,619,629,634,635,641,644,657,658,661,665,666,669,678,679,680,684,689,697,698,709,710,711,713,759,822
0225_00851	10,11,12,13,14,15,16,17,19,20,21,34,35,144,146,147,151,153,154,179,180,186,187,256,257,258,259,260,262,284,285,286,287,294,300,309,333,334,336,339,340,341,342,345,346,347,350,352,353,354,356,357,358,359,366,367,369,371,372,373,374,375,376,377,381,384,385,388,391,392,393,394,397,404,406,407,413,417,419,421,422,431,432,435,436,438,440,442,443,444,446,447,448,450,452,453,454,465,471,473,474,475,476,481,483,490,491,492,496,501,503,507,508,509,514,517,521,522,524,525,529,532,533,534,536,537,539,540,541,546,547,549,550,553,557,560,561,565,567,570,571,572,574,579,580,583,585,586,587,593,595,596,600,603,604,605,608,609,612,613,614,618,619,629,635,637,638,639,641,644,646,647,655,657,658,659,660,661,665,667,669,678,679,680,681,684,689,690,697,698,699,700,709,710,711
0225_00860	10,11,12,13,19,20,21,22,23,179,180,182,186,187,189,193,196,200,207,256,257,258,260,284,285,287,309,333,334,340,342,345,347,348,353,356,357,367,368,371,372,375,381,382,383,385,386,406,407,410,417,421,431,433,435,442,444,447,463,471,477,491,494,499,517,521,525,536,538,542,543,545,549,553,554,557,564,565,566,568,571,572,574,575,576,579,580,582,583,585,589,590,591,595,596,598,600,604,605,606,607,609,611,615,618,619,620,621,624,626,627,631,632,633,635,638,640,641,642,643,652,654,656,661,662,663,664,665,667,668,669,672,673,678,679,680,681,682,685,687,689,690,691,693,694,697,698,699,700,701,702,705,706,709,710,711,715,736,741,757,762,778,799,804,820,825
0225_00861	10,11,12,15,16,17,19,20,21,34,144,146,147,151,154,179,181,182,256,257,258,259,284,285,286,287,294,300,309,333,339,340,341,342,345,346,347,350,352,353,354,356,358,359,360,366,367,369,374,376,377,378,379,380,381,385,387,388,389,390,391,392,394,397,398,404,406,407,413,417,419,421,432,438,439,441,442,443,444,448,450,451,453,454,465,473,483,485,486,488,492,496,500,505,507,508,520,522,524,529,531,536,537,539,541,546,548,550,556,561,567,568,570,572,573,580,583,586,587,593,594,597,602,612,613,614,615,618,622,629,637,638,639,640,644,655,657,658,659,660,663,664,675,681,683,684
0225_00863	10,11,12,19,20,21,179,180,182,186,256,284,285,287,309,333,334,340,342,345,347,348,353,356,357,367,368,371,372,381,382,383,385,406,407,417,431,435,442,447,471,477,491,499,517,521,525,542,543,549,553,557,564,565,566,568,571,572,574,575,576,579,583,585,590,595,596,600,604,605,607,609,611,615,618,619,620,621,627,633,635,638,640,641,642,652,656,661,662,663,664,665,667,668,669,678,679,680,681,682,689,690,691,699,701,702,709,710,711,757,820
0225_00865	10,11,12,13,14,15,16,17,19,20,21,179,180,181,182,186,187,188,189,193,194,200,207,256,257,258,260,284,285,286,287,300,309,333,334,336,337,339,340,341,342,345,346,347,352,353,356,357,358,359,366,367,371,372,375,377,378,385,386,387,388,391,392,393,394,397,404,407,417,419,421,431,432,435,438,440,442,443,444,447,450,452,454,465,471,473,483,491,494,495,496,503,507,517,521,524,525,529,531,536,537,539,540,541,546,547,550,553,554,556,557,565,567,570,571,572,577,578,579,580,581,583,585,586,593,594,596,598,600,601,603,604,608,609,612,614,618,619,624,629,634,635,638,641,644,646,647,657,658,660,661,665,666,669,672,673,678,679,680,681,684,685,686,688,689,690,693,697,699,705,709,710,711,713,759,819,822
0225_00870	10,11,12,15,16,17,19,20,284,285,286,287,300,309,333,339,341,345,346,352,353,366,375,376,381,391,393,394,407,419,421,441,444,451,453,454,488,520,529,536,537,541,561,567,580,583,593,597,614,618,637,638,644,655,681,684,685,692,696,703
0225_00875	10,11,12,13,15,38,39,179,180,183,186,187,193,256,258,284,285,286,295,300,333,334,336,339,341,343,345,346,352,356,357,363,366,371,372,375,385,391,393,394,417,431,435,442,447,465,471,491,502,504,517,521,525,527,529,530,541,550,551,553,557,565,571,579,583,585,592,593,596,599,600,604,608,609,614,619,629,634,635,641,644,661,665,669,678,679,680,684,689,697,698,709,710,711,713,718,739,756,774,780,781,798,801,802,819,822,837
0225_00884	10,11,15,19,20,144,146,147,284,285,286,287,333,339,341,345,346,352,353,366,375,381,391,392,421,441,444,453,536,537,541,567,580,583,593,603,614,638,657,660,681,684,685,692,696,703
0225_00885	10,11,12,13,15,16,19,144,145,146,147,151,179,180,183,186,187,193,256,257,284,285,286,287,300,301,309,333,334,335,336,338,341,342,345,346,352,353,356,357,358,359,366,371,373,374,375,377,385,388,394,395,399,400,407,417,419,423,431,432,436,438,442,443,446,447,448,450,465,468,478,491,497,516,523,524,525,528,531,539,540,546,550,556,557,571,577,583,593,594,596,600,601,602,609,617,618,622,634,635,638,641,644,645,661,666,669,679,680,681,684,689,690,697,698,699,700,709,710,711,712,713,777,780,798,801,819,822,840,841,861,862
0225_00905	10,11,12,13,15,16,17,19,144,146,147,179,180,256,257,258,284,285,286,287,300,301,333,334,341,342,345,346,352,353,356,357,358,359,366,367,371,372,373,374,375,376,377,378,382,383,385,386,387,388,391,393,394,395,397,399,400,401,404,406,417,419,431,432,435,436,438,442,443,446,447,448,450,451,454,465,468,471,473,477,483,488,491,492,496,499,503,507,517,518,521,522,524,525,528,529,531,539,540,541,542,543,546,547,549,550,553,556,557,565,566,571,574,575,577,578,579,583,585,586,590,593,595,596,600,601,604,605,607,608,609,614,619,620,627,629,634,635,636,638,641,642,644,645,652,656,657,658,661,665,666,667,669,678,679,680,681,683,684,689,690,692,697,698,699,700,703,709,710,711,713,722,736,759,785,799,822
0225_00912	10,11,12,13,19,20,144,145,179,180,183,186,187,193,284,285,287,309,333,334,335,336,340,342,345,347,353,367,375,407,417,421,431,433,435,442,444,447,491,525,536,554,557,572,580,583,600,618,638,641,661,672,679,680,681,685,689,690,693,697,698,699,700,705,709,710,711,712,713,777,798,819,841,861,862
0225_00917	10,11,15,16,19,20,21,284,285,286,287,300,309,333,339,340,341,342,345,346,347,352,353,366,367,375,381,391,393,394,407,421,440,441,444,452,453,529,536,537,541,567,570,572,580,582,593,603,612,614,618,639,643,644,646,647,657,660
0225_00923	10,11,12,13,15,19,20,34,35,144,147,151,154,179,181,182,256,257,258,259,284,285,286,287,294,309,333,334,336,345,346,350,352,353,354,356,357,366,369,371,372,375,381,384,385,391,392,407,413,417,421,422,431,435,441,442,444,447,453,471,472,481,491,501,508,514,517,521,525,532,533,536,541,553,557,565,571,579,580,581,583,585,587,593,596,600,604,609,614,618,619,635,638,639,641,657,659,661,665,669,678,679,680,681,684,685,689,692,696,697,698,703,709,710,711
0225_00930	10,11,12,15,19,20,21,22,34,144,147,151,154,179,182,284,285,287,300,306,333,340,342,345,347,353,367,375,381,406,459,460,564,568,583,611,615,638,640,662,663,680,681,682,690,691,701,702
0225_00934	10,11,12,13,15,19,38,179,180,186,187,193,194,256,258,260,284,285,286,287,295,333,334,342,343,344,345,346,347,352,353,356,357,362,366,367,371,372,375,382,383,385,391,392,406,417,431,435,442,447,471,477,491,499,517,521,525,541,542,543,549,551,553,557,565,566,567,571,574,575,579,583,585,590,592,595,596,600,604,605,607,609,615,616,619,620,621,627,633,635,638,641,642,652,656,660,661,665,667,669,678,679,680,681,689,690,697,698,699,709,710,711,715,778
0225_00938	10,11,12,15,16,19,20,144,146,147,179,181,182,256,257,284,285,286,287,309,333,334,339,340,341,342,345,346,347,352,353,356,357,359,366,367,371,372,373,374,375,377,385,388,391,392,397,404,407,417,419,421,431,435,436,440,442,443,444,446,447,448,450,452,454,463,465,471,473,483,491,492,496,503,507,517,521,522,524,525,531,536,538,539,540,541,546,547,550,553,556,557,565,567,571,572,577,578,579,580,583,585,586,593,594,596,600,601,604,608,609,614,618,619,629,634,635,638,639,641,646,647,657,658,660,661,665,666,669,678,679,680,681,684,685,686,689,690,692,693,697,699,703,705,709,710,711
0225_00939	10,11,12,13,19,20,21,22,179,180,182,186,187,193,256,258,284,285,287,309,333,334,340,342,345,347,348,353,356,357,367,368,371,372,381,382,383,385,406,407,417,431,435,442,447,471,477,491,499,517,521,525,542,543,549,553,557,564,565,566,568,571,572,574,575,576,579,583,585,590,591,595,596,600,604,605,607,609,611,615,618,619,620,621,627,633,635,638,640,641,642,652,654,656,661,662,663,664,665,667,668,669,678,679,680,681,682,689,690,691,700,701,702,709,710,711,715,736,741,778,799,804
0225_00941	10,11,12,19,20,21,22,31,179,182,186,189,284,285,287,309,315,333,340,342,345,347,348,353,367,368,381,406,407,408,412,426,457,564,568,572,583,611,615,618,638,640,662,663,664,680,681,682,690,691,701,702
0225_00942	10,11,12,13,19,20,21,22,179,180,182,183,186,187,193,200,256,258,284,285,287,309,333,334,338,340,342,345,347,348,353,356,357,367,368,371,372,381,382,383,385,406,407,417,421,431,433,435,441,442,444,447,453,463,471,477,491,494,499,517,521,525,536,538,542,543,549,553,554,557,564,565,566,568,571,572,574,575,576,579,580,582,583,585,589,590,595,596,598,600,604,605,607,609,611,615,618,619,620,621,624,627,633,635,638,640,641,642,643,652,656,661,662,663,664,665,667,668,669,672,673,678,679,680,681,682,685,689,690,691,693,699,701,702,705,709,710,711,757,820
0225_00950	10,11,12,13,19,20,21,116,119,123,126,144,150,179,180,183,186,187,193,284,285,287,309,333,334,335,336,338,340,342,345,347,353,367,375,381,406,407,417,421,431,441,442,444,453,491,525,536,554,557,568,572,574,580,583,595,615,618,620,638,640,641,661,663,664,667,672,679,680,681,682,685,689,690,691,693,697,698,699,700,701,702,705,709,710,711,712,713,777,778,783,798,799,804,819,820,825
0225_00951	10,11,12,13,15,16,19,20,144,146,147,151,153,154,179,180,181,182,186,256,257,258,284,285,286,287,300,333,334,339,340,341,342,345,346,347,352,353,356,357,358,359,366,367,371,372,373,374,375,377,378,381,385,386,387,388,391,392,393,394,397,400,401,404,406,417,419,421,431,432,435,436,438,441,442,443,444,446,447,448,450,453,454,465,471,473,483,491,492,494,496,503,507,517,521,522,524,525,528,529,531,536,539,540,541,546,547,549,550,553,554,556,557,565,571,574,575,577,578,579,580,581,583,585,586,593,595,596,598,600,601,604,605,608,609,614,615,619,620,624,625,629,634,635,638,639,641,642,644,656,657,658,661,665,666,667,669,672,673,674,678,679,680,681,683,684,685,686,689,690,693,697,698,699,705,709,710,711,713,759,822
0225_00961	10,11,12,13,15,19,38,179,180,186,187,214,219,220,256,258,284,285,286,287,295,309,333,334,336,342,343,345,346,352,353,356,357,363,366,371,372,375,382,383,385,391,392,407,417,431,435,442,447,471,491,499,502,504,506,517,521,525,541,542,543,549,551,552,553,557,565,571,574,575,579,583,585,591,592,593,596,599,600,604,607,608,609,614,618,619,620,635,638,641,642,652,656,657,661,665,668,669,678,679,680,681,684,689,690,692,697,698,699,700,703,709,710,711,713,715,718,736,739,756,765,778,781,799,802,819,828
0225_00964	10,11,15,16,19,20,21,284,285,286,287,300,309,333,339,341,345,346,352,353,366,376,381,391,393,394,407,421,441,444,452,453,529,536,537,541,561,567,580,583,593,603,614,618,638,644,646,647,655,660,681,683,685,686,691,694,695
0225_00968	10,11,12,13,15,16,19,20,21,22,23,31,32,144,147,179,181,182,186,189,256,257,284,285,286,287,300,309,315,333,339,340,341,342,345,346,347,348,352,353,356,359,366,367,368,371,372,373,374,375,376,377,380,381,382,385,388,390,391,392,393,394,397,398,400,401,404,406,407,408,412,417,419,421,426,435,436,440,442,443,444,446,447,448,450,451,452,454,457,465,473,483,485,488,489,492,494,496,503,505,507,517,520,522,524,528,529,531,536,539,540,541,546,547,550,554,556,561,564,567,568,572,573,577,581,583,586,593,594,597,602,613,614,615,616,618,622,625,629,637,638,639,640,644,646,647,648,651,655,657,658,660,662,663,664,673,674,675,680,681,682,683,684,690,691,692,702,703,704
0225_00970	10,11,12,15,16,17,19,20,21,144,146,147,179,181,182,256,257,258,259,284,285,286,287,300,333,334,336,339,341,345,346,347,352,353,356,358,359,360,366,367,374,375,376,377,378,379,380,381,382,385,387,388,389,390,391,392,393,394,397,398,400,401,404,406,417,419,421,432,438,439,440,441,442,443,444,448,450,451,452,453,454,465,473,483,485,486,488,489,492,494,495,496,500,505,507,520,522,524,528,529,531,536,537,539,541,546,548,550,554,556,561,567,568,570,573,580,581,586,594,597,602,603,612,613,614,615,616,622,625,629,637,638,644,648,655,658,663,674,675,709
0225_00980	10,11,12,13,14,15,16,17,19,20,21,22,144,146,147,149,150,151,153,154,158,179,180,181,182,184,185,186,187,193,194,200,207,242,247,248,256,257,258,260,284,285,286,287,300,309,333,334,335,336,338,339,340,341,342,345,346,347,352,353,356,357,358,359,366,367,371,372,375,377,378,381,382,383,385,386,387,388,391,392,393,394,397,400,401,404,406,407,417,419,421,431,432,435,438,441,442,443,444,447,449,450,452,453,454,463,465,471,473,477,483,491,496,499,503,507,517,521,524,525,528,531,536,538,539,540,541,542,543,546,547,549,550,553,556,557,565,566,567,568,571,574,575,577,578,579,580,581,582,583,585,586,590,593,594,595,596,598,600,601,604,605,607,608,609,614,615,618,619,620,627,629,634,635,638,639,640,641,642,643,644,646,647,652,653,656,657,658,660,661,663,664,665,666,667,669,678,679,680,681,682,683,684,685,687,689,690,692,693,696,697,698,699,700,703,704,705,708,709,710,711,712,713,715,717,735,743,757,759,778,780,785,798,799,806,813,820,822,825,827
0225_00981	10,11,12,13,14,15,16,17,19,20,21,144,146,147,149,150,151,153,154,158,179,180,181,182,184,185,186,187,193,194,200,207,242,247,248,256,257,258,260,284,285,286,287,300,309,333,334,335,336,338,339,340,341,342,345,346,347,352,353,356,357,358,359,366,367,371,372,375,377,378,381,382,383,385,386,387,388,391,392,393,394,397,400,401,404,406,407,417,419,421,431,432,435,438,440,441,442,443,444,447,450,452,453,454,463,465,471,473,477,483,491,496,499,503,507,517,521,524,525,528,531,536,538,539,540,541,542,543,546,547,549,550,553,556,557,565,566,567,568,571,572,574,575,577,578,579,580,581,582,583,585,586,590,593,594,595,596,598,600,601,604,605,607,608,609,614,618,619,620,627,629,634,635,638,639,641,642,643,644,652,653,656,657,658,660,661,664,665,666,667,669,678,679,680,681,682,683,684,685,687,689,690,692,693,696,697,698,699,700,703,704,705,708,709,710,711,712,713,715,717,735,743,757,759,778,780,785,798,799,806,813,820,822,825,827
0225_00982	10,11,12,13,14,15,16,17,19,20,21,22,144,146,147,149,150,151,153,154,158,179,180,184,185,186,187,191,192,193,194,200,207,228,233,234,256,257,258,260,284,285,286,287,300,309,333,334,335,336,338,339,340,341,342,345,346,347,352,353,356,357,358,359,366,367,371,372,375,377,378,381,382,383,385,386,387,388,391,392,393,394,397,400,401,404,406,407,417,419,421,431,432,435,438,441,442,443,444,447,450,453,454,463,465,471,473,477,483,491,496,499,503,507,517,521,524,525,528,531,536,538,539,540,541,542,543,546,547,549,550,553,556,557,565,566,567,568,571,574,575,577,578,579,580,581,582,583,585,586,590,593,594,595,596,598,600,601,604,605,607,608,609,614,615,618,619,620,627,629,634,635,638,639,640,641,642,643,644,652,653,656,657,658,660,661,663,664,665,666,667,669,678,679,680,681,682,683,684,685,687,689,690,692,693,696,697,698,699,700,703,704,705,708,709,710,711,712,713,715,717,735,743,757,759,778,780,785,798,799,806,813,820,822,825,827
0225_00985	10,11,12,13,19,20,21,22,179,180,182,186,187,189,193,200,256,257,258,260,284,285,287,309,333,334,340,342,345,347,353,356,357,367,371,372,382,383,385,386,406,407,410,417,421,431,433,435,442,444,447,471,477,491,494,499,517,521,525,536,542,543,549,553,554,557,565,566,568,571,572,574,575,576,579,580,582,583,585,589,590,591,595,596,598,600,604,605,607,609,615,618,619,620,621,624,626,627,633,635,638,640,641,642,643,652,654,656,661,663,664,665,667,668,669,672,673,678,679,680,681,682,685,687,689,690,691,693,694,697,698,699,700,701,702,705,706,709,710,711,715,735,741,757,778,798,804,820
0225_00990	10,11,12,15,16,17,19,20,21,144,146,147,151,154,179,181,182,256,257,258,259,284,285,286,287,300,309,333,340,341,342,345,346,347,352,353,356,358,359,360,366,367,374,376,377,378,379,380,382,385,387,388,389,390,391,392,393,394,397,398,400,401,404,406,407,417,419,421,432,438,439,440,442,443,444,448,450,451,452,454,465,473,483,485,486,488,489,492,494,495,496,500,505,507,520,522,524,528,531,536,537,539,541,546,548,550,554,556,561,567,568,570,572,573,581,583,586,593,594,597,602,603,612,613,614,615,618,622,625,629,637,638,639,640,646,648,651,655,657,658,660,663,664,674,675,681,682,683,684,691,692,703
0225_00998	10,11,12,13,15,16,19,20,144,146,147,151,153,154,179,180,256,257,258,284,285,286,287,300,333,334,339,341,345,346,347,352,353,356,357,358,359,366,367,371,372,373,374,375,377,378,381,385,386,387,388,391,392,393,394,397,400,401,404,406,417,419,421,431,432,435,436,438,442,443,446,447,448,450,452,453,454,465,471,473,483,491,492,496,503,507,517,521,522,524,525,528,529,531,539,540,541,546,547,550,553,556,557,560,565,567,571,577,578,579,583,585,586,593,596,600,601,604,608,609,613,614,616,619,629,634,635,638,641,644,646,647,657,658,660,661,665,666,669,678,679,680,681,684,689,690,697,698,699,709,710,711,713,717,735,759,780,798,822
