id	bits.on
0225_00003	15,40,44,73,89,134,138,152,163,180,235,245,332,380,381,487,508,524,543,550,618,638,667,686,688,706,709,769,772,810,843,865,877,898,903,905,948,968,999,1022
0225_00008	1,15,26,29,68,85,89,92,109,134,149,159,222,245,251,254,257,276,297,315,325,348,398,400,415,420,467,472,477,496,499,508,515,550,566,586,601,621,626,634,640,648,676,703,733,769,772,811,830,841,879,908,939,947,948,968,1022
0225_00018	4,35,50,63,67,85,89,94,127,132,134,137,139,145,153,159,175,197,209,212,304,311,316,319,326,351,352,387,390,401,405,422,442,461,524,576,626,631,675,686,710,719,743,772,783,801,804,814,924,936,948,968,974,982
0225_00020	19,20,77,83,94,107,110,134,141,153,207,275,319,340,347,384,405,422,430,472,481,508,524,626,686,727,776,789,823,824,948,965,968,989
0225_00039	8,44,65,85,89,91,134,139,153,159,163,172,197,212,241,278,311,319,326,351,387,390,401,405,422,442,451,461,464,481,517,524,566,613,626,629,648,653,678,694,710,719,743,747,783,887,935,936,968,974,975,990,1024
0225_00042	15,19,56,57,65,89,109,127,128,134,139,153,172,173,266,283,314,319,347,405,413,422,436,442,461,480,481,486,508,524,525,555,558,566,580,588,625,626,629,678,687,690,692,717,728,743,755,763,781,783,794,814,816,824,887,932,936,954,960,964,968,974,975,980,1021
0225_00043	15,31,35,85,89,127,134,139,153,245,283,311,314,326,346,405,413,430,442,452,460,461,465,481,508,523,524,560,596,615,626,657,716,742,765,814,824,833,887,894,924,928,936,952,964,968,974,980
0225_00044	15,35,57,89,109,127,128,134,139,153,173,245,266,283,314,346,347,405,413,442,452,460,461,465,481,508,523,524,555,560,588,596,615,626,657,687,692,716,743,763,765,814,816,824,833,887,894,924,928,932,936,952,954,964,968,974,980
0225_00045	15,31,50,64,67,70,85,89,120,127,129,131,132,134,139,153,163,168,245,283,309,311,314,319,326,337,405,413,422,430,442,461,481,486,506,508,524,582,615,626,631,662,669,742,783,791,792,814,824,853,860,868,887,889,936,964,968,974,980
0225_00079	15,19,56,65,89,94,134,139,146,172,252,288,319,369,405,422,436,461,480,481,486,508,524,525,539,555,558,566,580,614,625,626,629,632,672,678,690,691,711,717,728,740,746,747,755,773,783,794,816,817,818,824,849,887,959,960,964,968,974,975,979,980,991,1018,1021
0225_00101	6,63,72,85,89,111,134,139,153,159,197,208,212,245,266,311,326,351,360,387,390,401,442,452,461,472,508,524,542,549,585,626,657,675,686,710,719,727,743,753,775,807,936,948,952,957,968,974
0225_00105	7,20,85,89,134,139,153,159,197,208,212,245,266,311,326,351,360,387,390,401,416,427,442,452,461,491,508,524,528,575,585,626,638,657,686,710,719,743,753,807,936,948,952,968,974,987
0225_00108	85,89,134,139,153,212,245,254,274,287,311,326,333,347,384,387,401,405,442,452,460,461,465,467,481,508,523,524,537,548,549,560,596,615,626,631,657,681,716,719,765,833,835,887,911,928,930,936,948,952,968,974
0225_00109	64,67,85,89,120,129,132,134,139,145,153,163,168,212,245,254,287,304,309,311,319,326,333,337,347,384,387,401,405,422,442,461,467,470,481,486,506,508,524,537,549,582,615,626,631,662,669,719,722,783,792,835,860,868,887,889,911,930,936,948,968,974,1004
0225_00128	62,101,116,153,207,225,228,231,278,283,364,390,437,439,454,508,514,522,626,627,683,729,770,778,826,850,881,948,994
0225_00146	13,15,25,26,49,60,69,71,76,82,85,87,89,134,146,153,207,215,222,223,231,285,295,312,318,351,356,357,381,435,441,491,499,503,515,540,558,583,594,614,626,647,660,690,742,745,755,758,759,767,772,778,801,802,816,818,841,860,890,899,904,909,931,932,936,948,964,968,976,992
0225_00158	85,89,134,139,153,159,197,212,234,245,273,274,276,311,326,340,344,347,351,387,390,401,407,409,442,461,506,508,524,533,549,569,582,611,626,662,710,719,741,743,778,806,841,936,948,968,974,984,1006,1009
0225_00163	19,56,65,89,134,139,153,155,159,167,172,197,212,244,319,351,387,401,405,422,436,442,461,481,486,524,525,558,566,580,621,625,626,629,653,658,678,690,711,719,728,755,783,785,791,881,887,915,935,936,948,960,968,974,975,990,1015,1017
0225_00164	85,89,134,139,153,159,185,197,212,220,245,311,326,340,351,379,387,390,401,442,461,506,508,524,533,569,575,582,626,649,662,671,675,699,710,719,743,798,806,841,918,936,948,968,974,1006,1009
0225_00166	15,24,38,52,89,127,134,139,153,185,220,245,283,301,303,314,340,347,379,413,442,461,477,506,508,524,533,549,555,569,575,582,626,638,641,649,662,671,675,687,751,806,814,824,874,918,932,936,948,964,968,974,980
0225_00176	13,32,64,72,85,89,134,135,153,156,197,214,223,245,278,284,302,311,326,342,351,353,392,405,418,442,461,481,506,508,524,576,582,595,596,615,626,662,686,719,721,743,843,860,887,889,901,918,936,945,948,965,968,969,973,974,979,999,1003,1005
0225_00178	15,19,21,22,25,31,65,85,88,89,97,104,122,134,153,174,227,245,283,300,311,326,341,344,378,405,413,419,442,461,481,486,506,508,524,531,580,626,662,675,678,690,729,755,806,828,887,927,936,946,960,962,964,968,974,982
0225_00188	15,19,20,24,42,63,67,68,89,105,108,131,134,143,153,175,186,188,205,207,220,227,237,245,249,260,264,277,298,300,302,305,320,332,334,335,348,367,371,374,382,385,388,404,405,410,412,413,415,418,424,427,438,439,443,458,461,474,477,481,492,493,508,512,516,524,534,543,550,570,597,602,611,612,615,629,633,635,643,645,651,662,663,664,677,686,710,716,725,727,729,747,748,752,759,772,777,782,789,798,799,802,826,827,836,848,849,851,861,886,887,896,898,901,906,921,942,948,949,951,968,985,997,1001,1022
0225_00196	15,25,26,72,85,89,109,134,141,148,216,222,245,254,255,276,297,301,302,313,315,316,351,357,399,449,458,472,477,499,508,513,566,586,601,603,617,627,648,681,703,722,733,751,755,768,772,822,836,841,867,948,968,973,1019,1022
0225_00199	20,56,94,107,113,141,153,207,224,231,341,400,440,452,465,481,508,516,530,626,655,722,727,739,802,893,896,907,917,930,940,948,964
0225_00230	15,25,26,72,85,89,109,134,141,148,222,245,254,255,291,297,311,315,343,348,351,357,399,400,452,472,477,499,508,513,566,586,595,601,603,703,728,755,768,772,787,801,836,841,875,944,948,963,968,969,1019,1022
0225_00231	15,26,49,60,85,89,109,134,222,245,252,254,274,285,290,297,310,316,343,348,400,401,424,437,472,477,499,508,566,586,601,609,626,632,681,690,703,713,739,772,787,801,804,818,841,851,879,936,948,964,969,1022
0225_00232	5,20,56,77,94,107,134,153,207,221,247,274,281,319,326,338,366,387,395,405,434,468,481,508,516,524,530,576,626,630,655,668,686,727,739,757,829,913,925,947,948,950,968,986,989
0225_00233	20,50,51,62,64,80,101,134,137,145,153,154,159,172,186,226,257,262,270,281,283,295,312,321,353,360,366,369,381,392,396,476,481,508,515,516,530,550,588,595,601,626,640,664,670,711,727,734,740,741,778,786,826,850,864,894,897,948,968,976,977,994
0225_00234	20,93,94,107,141,153,207,231,259,261,270,341,353,370,403,436,463,481,508,516,626,642,657,659,686,698,704,705,722,727,739,756,771,776,778,785,802,833,915,917,945,948
0225_00235	1,15,20,52,56,89,93,94,134,146,153,160,175,186,188,190,196,202,207,224,226,231,236,243,259,260,261,282,341,359,376,381,384,398,400,401,413,415,426,461,481,484,487,498,508,516,520,521,524,540,550,565,566,626,636,642,654,659,662,677,698,699,704,716,727,744,756,769,772,776,778,781,786,813,828,831,832,833,844,854,855,873,879,890,915,930,940,948,954,960,964,968,984
0225_00236	20,93,94,128,141,153,207,231,257,259,261,270,278,341,353,403,463,480,481,508,516,626,642,659,692,698,704,727,756,771,776,778,833,871,872,904,915,917,927,941
0225_00238	13,15,20,89,93,94,141,153,158,175,190,191,207,231,237,259,261,307,341,367,371,397,415,427,457,463,481,502,508,523,524,540,626,642,645,659,677,698,704,727,756,771,772,776,778,814,833,915,936
0225_00239	20,56,93,94,107,141,153,178,207,231,259,261,270,291,326,341,353,403,463,481,508,516,576,626,642,655,659,698,704,727,739,756,771,776,778,792,833,836,907,915,917,926,945
0225_00240	20,36,48,93,94,107,141,153,207,231,241,259,261,270,295,311,341,353,403,463,481,508,516,570,626,642,654,659,698,704,727,739,756,771,776,778,791,802,833,891,915,917,945,948
0225_00245	20,56,94,97,107,134,141,153,207,231,261,270,367,480,481,508,511,516,530,531,626,655,700,722,727,738,739,743,752,776,888,893,896,907,917,920
0225_00246	20,56,62,94,96,107,134,141,145,153,207,230,270,276,301,421,480,481,487,508,511,516,531,550,558,588,626,655,700,727,731,739,743,776,820,888,907,917,920,950,968,989,992
0225_00252	5,15,20,25,26,51,61,85,88,89,108,134,153,175,193,228,241,242,245,255,260,261,290,312,326,346,358,408,452,477,485,491,499,508,513,517,574,601,605,615,623,626,627,649,673,727,733,747,761,771,772,778,819,845,855,861,884,890,898,926,934,936,948,964,965,968,996,1005,1012,1019,1022
0225_00254	1,15,20,52,56,62,89,94,96,134,139,145,153,154,172,178,207,231,245,254,270,284,297,303,309,310,332,347,408,421,436,452,475,477,480,487,498,505,508,516,524,544,550,564,569,581,588,612,626,639,642,658,663,669,677,686,725,727,772,776,779,786,800,830,850,851,863,875,923,928,935,948,968,976,994,1006,1022
0225_00255	6,15,20,53,62,71,73,88,89,96,105,111,128,130,131,134,138,145,146,151,153,159,168,175,206,220,230,236,237,242,254,255,270,280,300,347,371,380,391,400,417,421,432,433,451,453,455,457,487,506,508,515,518,521,524,526,545,549,550,586,587,588,590,612,635,637,657,662,669,709,718,726,727,746,749,762,772,781,840,849,888,889,931,948,955,968,989,994
0225_00260	62,96,114,134,144,145,153,176,207,230,243,247,270,410,421,478,487,493,550,558,588,598,661,670,674,760,802,816,867,918,948,968,989,1020
0225_00282	20,21,94,134,141,148,177,188,226,268,304,353,369,371,381,430,469,476,508,510,515,550,551,598,626,640,712,727,735,825,850,968
0225_00291	5,20,21,22,56,77,88,94,107,117,134,153,195,207,281,338,366,387,395,405,468,479,481,508,516,530,611,626,655,662,668,727,739,757,787,806,829,866,913,950,968,989
0225_00297	5,15,20,24,40,41,51,55,58,79,89,94,112,126,134,144,153,154,161,167,174,182,186,189,194,245,252,257,259,283,347,351,357,361,400,405,423,451,455,456,463,480,481,492,508,513,516,524,567,569,603,615,626,634,637,639,677,701,713,727,767,773,783,799,823,833,840,850,883,887,925,946,951,968,976,986,994,1003
0225_00299	8,14,20,35,39,52,59,69,76,89,93,94,97,119,134,135,153,207,215,221,247,254,304,324,335,347,360,380,388,390,391,405,423,442,467,480,508,511,524,535,549,550,557,613,623,626,670,683,702,710,725,727,729,740,745,746,779,781,796,802,834,850,880,936,948,955,968,996
0225_00309	1,20,41,93,96,122,134,141,144,145,153,215,233,241,278,304,348,363,388,421,446,451,467,483,487,491,508,512,513,516,525,529,544,550,551,555,560,622,655,670,727,741,778,825,829,835,844,847,850,890,911,915,916,930,948,958,968,993,1010
0225_00310	60,96,129,134,145,278,300,304,421,481,487,491,508,514,550,578,627,741,825,829,850,881,968,1010
0225_00314	8,15,31,44,65,85,89,91,127,134,139,153,163,172,241,278,283,299,311,314,319,326,390,405,413,422,430,442,451,461,464,481,524,566,613,626,629,648,678,694,717,742,747,749,781,783,814,824,887,936,964,968,974,975,980,1021,1024
0225_00315	15,17,19,24,26,82,89,92,103,118,134,144,153,155,165,173,174,180,200,211,223,225,237,244,245,251,260,290,303,327,347,380,391,393,404,406,411,422,425,433,444,461,467,468,473,474,488,493,499,508,534,545,548,549,554,557,579,590,597,612,620,625,626,670,696,704,707,719,723,726,734,780,819,837,839,851,854,855,856,869,906,919,930,936,948,958,962,963,964,974,983,984,985,994,1021
0225_00321	15,20,89,95,96,99,118,134,145,151,153,172,212,266,272,296,298,307,345,347,355,359,394,401,421,430,445,466,478,487,505,508,524,544,550,551,580,623,651,663,686,692,709,714,727,762,772,791,805,828,849,886,897,898,933,948,964,968,994
0225_00322	15,20,89,95,96,99,118,134,145,151,212,266,272,298,300,307,310,345,347,352,355,359,394,401,421,430,445,466,478,487,508,524,549,550,551,580,651,686,692,709,714,727,746,762,772,828,849,886,897,898,933,948,964,968,1021
0225_00325	15,20,25,26,49,72,85,87,89,97,119,134,141,148,153,211,222,233,245,255,258,280,285,315,326,351,357,371,393,399,413,467,469,499,506,508,513,517,557,560,566,580,603,610,626,704,727,736,755,766,768,772,774,819,821,822,836,866,898,936,948,950,964,968,977,1009,1019,1022
0225_00326	15,20,21,25,26,36,61,72,85,89,117,129,134,139,141,148,153,208,216,222,245,255,302,305,313,315,326,351,357,358,399,401,408,449,458,472,499,508,513,566,603,626,627,648,649,681,713,727,733,749,751,755,768,772,782,801,836,852,855,862,898,926,948,968,973,1019,1022
0225_00327	15,20,25,26,36,61,72,82,85,89,129,134,139,141,148,153,222,245,250,255,291,305,311,315,316,326,343,351,357,358,399,408,446,452,499,508,513,566,595,603,626,681,727,755,768,772,801,836,852,855,862,875,888,898,900,926,944,948,968,969,978,1019,1022
0225_00342	85,89,134,139,153,159,197,212,245,274,311,326,351,387,390,401,405,442,452,460,461,465,481,508,523,524,560,596,615,626,631,657,681,710,716,719,743,765,807,833,887,928,936,952,968,974
0225_00343	57,76,89,109,134,139,153,159,173,177,197,212,245,266,274,347,351,387,401,405,442,452,460,461,465,481,508,523,524,555,560,588,596,615,626,631,657,681,692,716,719,743,763,765,807,833,874,887,928,936,952,954,968,974,980,997
0225_00347	5,15,16,20,26,57,58,67,76,85,87,89,93,94,98,129,134,153,163,170,182,207,220,222,231,245,261,285,302,317,333,397,399,410,424,448,480,494,499,508,530,540,576,586,609,610,626,644,654,664,679,705,710,727,752,759,765,772,773,780,802,814,860,877,894,938,948,963,973,976,998,1019,1022
0225_00353	6,14,20,42,49,73,89,93,153,156,181,247,259,262,290,305,311,325,326,327,330,352,362,438,443,451,461,475,494,497,508,530,544,558,562,626,627,651,673,708,719,738,771,777,778,791,896,915,936,948,974,982,995
0225_00354	89,96,98,134,144,153,207,227,231,256,276,297,303,350,392,396,405,487,550,573,580,585,586,605,639,642,647,655,660,670,686,719,727,789,823,830,844,847,853,930,948,951,968,996
0225_00355	89,96,98,134,144,153,207,215,227,231,256,278,297,303,350,391,392,396,405,462,487,550,573,580,585,586,605,639,642,647,655,660,670,686,727,738,747,844,847,853,930,948,968,971,1007
0225_00357	1,11,14,15,26,29,40,52,79,89,96,104,134,136,167,168,175,222,237,271,337,373,419,442,473,477,481,495,496,515,524,540,550,561,626,631,640,666,676,686,687,712,746,749,772,792,801,805,816,818,850,912,947,948,960,968,1016
0225_00362	34,62,141,153,207,225,231,283,285,313,326,387,390,394,399,481,556,576,626,662,674,679,701,755,778,781,826,877,948,994
0225_00370	5,8,15,20,26,56,69,81,89,90,93,94,95,96,103,128,131,134,141,144,145,151,167,178,179,181,189,193,207,208,212,220,221,245,261,267,270,296,298,313,316,347,380,390,391,394,421,423,451,461,467,471,474,487,488,499,508,516,518,537,545,550,555,566,578,601,619,626,634,647,655,669,706,726,727,739,745,747,753,762,775,777,782,787,800,819,829,834,851,855,862,863,882,886,897,898,901,906,907,909,936,942,945,948,964,968,970,977,978,997,1003,1008,1015
0225_00377	4,15,20,26,40,44,67,80,89,97,101,134,136,140,141,149,153,174,197,200,208,210,234,235,245,247,250,260,272,304,322,326,328,331,342,347,353,393,397,408,440,461,475,481,487,500,508,510,549,550,599,626,640,654,657,667,675,679,683,687,697,699,704,705,719,723,727,739,763,778,781,789,792,795,803,819,827,855,894,898,926,936,941,948,952,964,968,973,974,993,995,1003
0225_00388	15,17,39,40,73,89,129,134,182,226,228,231,252,331,337,353,365,367,369,381,415,444,461,465,476,503,511,515,534,540,550,552,564,594,626,640,667,676,719,726,728,750,759,888,936,947,951,968,1019
0225_00389	15,17,39,40,73,89,134,182,231,252,328,337,353,367,387,415,444,461,465,511,515,534,540,552,564,592,606,626,640,648,667,676,698,719,726,728,750,752,759,888,936,941,947,968,1008,1019
0225_00390	4,15,20,26,40,44,67,80,89,97,101,134,136,140,141,149,153,174,197,200,208,210,234,235,245,247,250,260,272,304,322,326,328,331,342,347,353,393,397,408,440,461,475,481,487,508,510,549,550,599,617,626,640,654,657,667,673,675,679,683,687,697,699,704,705,719,723,727,739,763,778,781,789,792,803,819,827,855,894,898,926,932,936,941,948,952,964,968,973,974,993,995,1003
0225_00394	20,50,62,64,153,154,247,283,312,341,361,440,481,497,508,530,556,558,569,599,659,662,727,755,778,781,826,850,864,918,940,948,994
0225_00395	1,15,26,28,35,71,74,97,123,130,134,144,153,212,215,262,283,322,335,347,349,360,382,391,420,461,462,465,467,473,481,513,515,530,540,550,552,569,575,618,644,655,664,670,702,704,710,733,754,778,825,831,835,844,847,897,903,909,948,968
0225_00400	1,15,26,29,55,68,85,89,92,134,180,189,222,240,251,257,267,276,305,315,316,325,341,358,362,398,415,430,467,491,499,515,550,566,574,596,621,626,634,636,640,648,650,676,733,769,772,801,811,830,855,866,879,908,909,913,939,947,948,968,1009,1022
0225_00403	15,26,42,58,85,89,90,109,134,153,182,222,231,245,254,290,297,332,348,386,400,452,472,477,495,499,508,513,540,566,574,586,592,593,601,613,614,660,662,691,703,706,725,772,787,795,801,823,841,843,864,896,934,946,948,968,987,1022
0225_00412	4,15,20,26,49,52,60,71,78,85,87,89,99,116,134,144,151,191,200,222,245,264,280,283,285,295,297,347,354,355,393,400,402,437,452,471,483,498,499,508,516,541,549,560,566,574,589,659,662,714,719,727,766,772,778,801,807,810,828,831,837,860,901,905,948,968,969,977,1022
0225_00413	19,36,56,57,65,89,105,119,131,134,139,153,155,159,172,173,177,197,207,211,212,219,220,240,245,253,257,262,269,292,300,319,324,347,351,364,367,387,390,394,399,400,401,403,405,411,422,423,436,442,461,467,475,481,486,489,492,506,508,515,522,524,525,532,538,555,558,560,563,566,580,582,585,596,603,607,615,616,622,625,626,629,647,653,655,658,662,668,678,690,691,692,701,710,719,728,746,755,758,763,775,783,841,860,874,887,900,919,934,935,936,948,954,960,968,974,975,980,990,997,1006,1018,1024
0225_00421	4,18,20,29,34,35,37,52,55,77,134,144,153,157,163,214,259,268,280,281,307,347,416,430,442,481,484,496,497,509,530,549,550,626,634,635,688,730,750,778,797,823,824,843,863,897,913,925,948,968
0225_00432	20,39,49,56,61,94,105,107,138,141,153,207,217,231,255,286,365,366,481,508,516,527,530,583,626,655,674,687,727,739,757,776,789,802,812,829,948
0225_00439	20,40,56,93,94,105,107,141,153,207,231,259,261,270,341,353,417,480,481,508,516,530,626,636,642,655,659,684,698,704,727,738,739,752,756,776,778,833,896,907,915,917,926,939,983,984
0225_00444	15,24,57,60,67,85,87,89,153,206,311,326,347,351,402,410,442,461,508,523,527,562,588,599,626,689,692,719,743,894,936,954,974
0225_00447	20,40,56,77,94,105,107,141,153,207,225,231,261,270,353,417,424,436,458,480,481,508,516,530,621,626,655,684,727,738,739,752,764,776,778,896,907,913,917,926,983,984
0225_00448	20,40,56,62,94,96,105,107,134,141,145,153,207,230,231,261,270,276,301,353,421,480,481,487,508,516,530,550,558,588,626,655,684,727,731,739,752,776,820,907,917,926,950,968,983,989,992
0225_00451	20,56,94,105,107,128,129,141,153,186,207,217,231,257,270,357,365,366,387,480,481,508,516,530,583,626,674,692,706,727,739,757,776,789,812,829,834,871,917,927,947,952,1006
0225_00454	57,84,138,142,153,207,267,292,311,320,326,347,390,429,430,474,508,513,540,576,600,626,700,718,734,763,779,833,877,911,919,921,926,932,948,954,955,994
0225_00461	20,56,63,77,94,107,134,153,190,207,270,281,366,401,481,496,508,516,550,558,573,620,626,640,649,655,676,725,727,731,733,739,819,829,947,950,968,970,989,992
0225_00464	8,13,15,17,20,22,39,49,56,61,64,88,89,93,96,110,117,134,135,141,144,150,153,157,162,170,175,189,190,195,201,207,213,217,231,237,245,259,261,264,266,270,272,281,292,307,326,331,341,347,371,372,383,384,387,389,394,395,397,398,399,405,407,411,415,429,441,442,468,473,474,479,481,487,502,503,508,516,524,527,550,554,558,576,587,603,611,615,620,623,626,636,640,642,645,646,654,659,662,666,671,676,689,693,698,704,714,721,725,727,731,732,733,734,739,756,762,764,772,777,778,786,787,792,793,797,802,812,814,819,827,831,833,835,842,865,866,868,874,892,893,896,907,911,915,917,935,938,947,948,949,968,970,977,984,986,989,990,994,1001,1022
0225_00470	15,48,64,67,89,120,129,132,134,139,145,146,152,163,168,212,245,252,267,269,288,304,309,318,319,337,369,401,405,422,427,461,481,486,506,508,524,525,539,540,547,557,582,615,626,631,662,669,691,711,719,722,741,747,754,769,783,792,816,817,860,868,887,889,936,968,974,979,1004,1009
0225_00471	5,10,11,15,20,26,35,37,61,73,85,89,124,134,136,153,176,183,227,245,247,252,260,278,283,326,358,360,408,419,420,450,466,499,508,511,513,544,551,570,591,626,630,642,649,690,726,727,747,771,778,788,798,819,841,855,859,898,899,916,926,936,948,954,960,964,965,968,977,990,996,997,1008,1013,1019
0225_00476	20,62,124,128,138,140,153,171,207,224,272,283,306,319,332,347,358,370,387,434,437,497,508,511,526,530,575,627,640,700,727,733,778,826,827,833,919,948,994
0225_00488	1,4,6,11,15,26,42,85,89,113,134,135,175,182,201,222,245,276,285,286,302,318,347,353,406,409,461,478,480,496,505,508,512,524,534,540,549,550,561,580,601,603,621,630,666,686,705,706,709,713,724,744,772,778,783,806,838,853,886,936,948,968,989,994,1014,1016,1022
0225_00489	15,20,25,26,36,61,72,85,89,102,129,134,139,141,148,153,205,211,222,233,245,255,305,315,326,350,351,357,358,399,408,413,469,499,508,513,517,523,527,566,603,610,626,640,681,704,727,730,755,766,768,772,774,790,801,819,822,836,852,855,862,898,926,936,948,968,1009,1019,1022
0225_00492	15,16,17,21,30,85,89,92,134,153,195,200,216,220,226,229,245,269,278,300,311,323,326,330,335,347,353,361,369,381,419,438,442,461,476,493,500,508,515,523,529,533,550,557,562,588,591,626,640,648,661,676,683,703,719,743,748,750,759,798,811,827,872,918,935,936,947,968,970,974,996,1006
0225_00501	13,15,27,59,73,74,84,89,96,97,129,134,153,165,234,259,274,278,298,320,332,337,350,487,490,515,516,550,582,590,621,626,728,747,818,893,908,939,948,964,968,971,974,998,1008,1011
0225_00502	1,15,20,35,39,43,46,60,62,69,81,84,89,96,111,116,131,134,144,145,149,153,175,186,191,197,200,203,207,230,234,254,270,272,277,280,288,303,305,309,320,340,347,353,354,360,385,390,393,402,405,408,417,421,430,445,456,479,483,487,492,498,503,508,514,516,524,540,550,558,575,578,584,585,586,588,589,626,645,650,661,670,674,681,689,690,714,725,726,727,741,762,779,806,818,854,889,908,917,922,936,937,948,968,977,985,989,994,1024
0225_00515	4,12,15,20,26,32,35,39,40,44,54,56,67,74,89,94,111,125,134,139,146,153,164,174,175,180,206,237,245,248,260,270,289,294,296,322,330,347,359,405,410,420,428,433,439,442,444,445,461,470,494,495,503,508,513,515,519,520,521,524,534,544,550,555,559,565,569,584,596,603,605,608,613,616,626,641,660,677,697,714,723,727,746,772,776,781,783,786,788,790,806,812,830,833,854,855,898,917,948,954,964,968,979,988,994,1011,1012
0225_00520	22,46,54,60,85,87,89,153,177,187,209,235,266,279,311,326,347,351,402,410,434,442,450,461,471,523,555,562,626,647,658,689,719,729,732,743,864,884,936,974,986,994
0225_00541	85,89,95,153,200,207,229,260,262,300,311,323,326,347,359,375,390,412,442,461,493,497,518,538,562,576,626,635,668,701,703,716,719,743,775,780,790,802,842,918,936,974
0225_00546	20,56,94,105,107,112,128,129,141,153,207,209,217,231,242,257,270,279,293,365,366,379,383,429,480,481,507,508,516,530,552,567,583,626,674,692,727,739,757,776,789,790,812,824,829,846,871,915,917,927,947,999
0225_00549	20,39,49,56,93,94,107,141,153,207,231,259,261,270,341,417,481,508,516,527,545,626,636,642,655,659,698,704,727,738,739,756,776,778,789,802,812,833,896,905,907,915,917,939,948,950,984
0225_00552	15,43,73,88,89,96,111,134,145,175,177,215,252,255,380,405,421,423,447,458,487,492,524,550,592,604,638,665,728,740,773,884,931,965,968,1024
0225_00555	7,15,26,69,85,89,130,134,148,153,173,175,199,222,240,245,267,279,315,332,333,357,375,379,430,467,478,508,509,513,533,559,566,576,585,596,603,626,657,676,761,767,772,782,801,855,862,881,883,893,909,913,917,948,950,961,964,968,979,986,994,1009,1022
0225_00557	20,94,107,141,153,174,207,217,225,231,270,276,341,360,409,480,481,504,508,516,545,552,626,643,677,722,727,771,776,778,789,986
0225_00561	5,6,15,20,33,35,47,65,76,89,96,111,122,134,153,175,180,195,227,245,263,270,272,291,298,310,350,369,381,429,461,467,474,494,500,508,515,516,523,524,534,550,571,598,617,669,727,753,754,762,768,792,818,837,845,853,914,918,925,931,948,960,968,1004,1006,1008
0225_00562	20,50,62,64,101,124,137,138,140,153,154,171,186,207,272,283,295,306,312,338,347,358,361,370,387,396,423,434,481,497,508,511,526,530,536,556,575,588,599,627,640,662,700,727,741,748,778,826,827,833,850,864,888,897,916,918,919,948,994
0225_00574	15,17,20,25,26,55,85,89,134,148,153,164,177,189,217,220,222,234,245,255,278,290,294,305,315,325,347,358,364,410,413,452,454,476,477,499,505,508,513,514,517,518,527,537,544,560,566,571,574,592,599,614,626,631,663,684,723,727,747,766,772,784,788,801,819,822,835,838,843,925,927,934,936,948,951,968,972,992,994,1005,1009,1020,1022
0225_00578	20,77,94,128,141,153,196,207,225,231,257,270,278,353,424,436,458,480,481,508,516,626,692,727,771,776,778,871,872,904,913,917,927,929,941
0225_00580	20,36,48,77,94,107,141,153,196,207,225,231,241,270,295,311,353,424,436,458,481,508,516,570,626,654,727,739,771,776,778,791,802,891,913,917,929,945,948
0225_00583	7,27,60,64,70,85,87,89,140,153,202,260,292,297,311,326,347,351,402,410,442,461,467,471,523,554,562,626,689,719,727,743,789,835,888,889,935,936,962,974,986
0225_00585	15,20,26,36,59,84,89,94,128,134,175,192,198,205,237,245,258,259,309,311,322,396,433,436,440,467,469,473,490,499,508,524,545,547,564,593,603,606,626,677,678,727,766,773,787,788,850,860,892,904,948,954,973,974,1007
0225_00587	12,14,15,20,26,72,85,88,89,134,140,148,161,165,219,220,222,231,239,245,283,313,316,347,357,358,364,380,399,411,423,436,444,453,469,494,499,508,513,518,568,600,625,629,649,662,703,727,746,755,758,762,767,772,778,801,822,838,853,886,948,968,1019,1022
0225_00608	15,25,26,72,82,85,89,102,134,141,148,206,222,245,255,291,305,311,315,316,351,352,357,358,399,436,446,452,482,499,508,513,541,566,571,595,603,626,755,764,768,772,801,836,855,875,944,948,968,969,971,1019,1022
0225_00612	3,6,15,20,24,32,58,64,75,83,85,89,93,134,153,155,171,189,207,221,238,245,254,256,260,274,275,287,301,317,318,345,347,362,377,383,415,433,452,461,468,500,508,515,533,534,540,547,557,566,578,626,630,710,727,731,762,772,791,797,802,814,818,845,863,870,912,936,938,948,959,964,965,968,974,987,988,994,996,1008
0225_00614	15,26,59,73,85,89,102,117,129,134,144,148,174,191,195,221,222,227,244,245,247,252,266,344,357,358,368,376,383,399,403,442,446,499,508,513,530,536,550,574,585,591,596,605,609,611,626,634,635,656,670,688,700,721,737,756,772,773,778,801,804,819,822,840,845,849,851,855,878,905,909,913,921,948,960,968,974,981,1022
0225_00632	20,56,93,94,107,153,207,231,259,261,341,481,508,516,626,636,642,647,655,659,698,704,727,734,739,756,762,778,797,833,862,896,915,939,948,960,984
0225_00633	20,56,77,94,107,153,207,225,231,424,436,458,481,508,516,621,626,647,655,727,734,739,762,764,778,797,862,896,913,948,960,984
0225_00634	20,56,77,94,107,153,207,225,231,424,436,458,481,508,516,604,621,626,655,727,778,869,902,913,948,984,994,998
0225_00646	12,20,85,89,134,139,153,159,197,212,245,265,274,278,311,326,336,351,387,390,401,405,411,442,452,460,461,465,498,508,516,524,595,600,615,626,657,681,710,719,727,743,748,762,777,807,873,936,948,952,960,968,974,987
0225_00649	20,21,22,56,88,94,107,117,134,153,195,207,270,272,298,360,366,387,388,395,405,414,468,479,508,516,530,554,611,626,633,655,662,727,739,757,762,787,806,829,850,866,948,950,960,968,989
0225_00651	20,45,56,94,107,113,153,207,231,341,440,465,481,508,516,530,626,647,655,727,734,739,762,797,893,896,930,940,948,960
0225_00660	1,11,15,26,42,44,89,113,124,128,134,152,153,160,175,182,185,209,218,222,224,226,231,237,267,268,269,291,343,353,374,380,394,398,405,413,430,444,461,465,478,512,524,530,534,540,550,553,555,592,595,606,626,637,640,645,673,772,774,827,855,905,936,937,941,951,968,979,1016
0225_00661	20,26,56,77,94,107,153,207,231,436,481,508,516,626,647,655,727,734,739,762,778,797,862,877,896,913,923,948,960,984
0225_00663	1,11,15,26,42,44,54,82,89,96,113,128,134,152,153,160,175,185,209,222,223,224,226,231,267,269,272,282,291,297,353,374,380,394,397,398,399,405,430,442,461,487,502,503,504,506,512,524,530,534,540,542,550,555,557,565,592,595,626,640,652,654,655,662,673,687,702,714,718,722,741,768,771,772,774,778,786,796,797,853,855,867,888,951,955,968,973
0225_00664	5,15,26,31,49,60,69,85,87,89,130,131,134,148,199,222,245,263,279,285,315,332,333,357,370,375,499,508,509,513,533,566,577,585,603,608,626,643,657,712,761,772,782,862,881,892,893,936,945,948,950,961,964,968,1022
0225_00667	15,20,47,62,89,94,96,98,107,134,145,153,173,207,229,230,236,252,270,347,364,385,398,421,454,458,461,487,496,497,508,516,550,558,560,588,615,626,669,727,739,772,789,802,828,901,927,948,968,989
0225_00670	1,20,94,96,128,134,141,145,153,215,270,276,304,398,416,421,469,480,487,491,508,515,516,550,551,555,626,727,741,825,829,850,871,911,927,968,988,1010
0225_00674	8,15,20,21,27,44,51,58,68,89,93,96,99,111,130,131,134,144,145,148,153,158,165,191,203,207,211,215,220,237,242,256,283,330,342,347,353,365,367,369,374,378,390,421,430,468,473,475,483,487,488,508,516,524,532,534,539,550,553,567,577,584,589,611,626,635,640,645,677,680,701,714,727,729,739,741,772,781,818,834,844,849,915,919,922,948,959,964,968,977,981,993
0225_00683	20,44,71,72,75,85,89,109,123,134,153,156,235,276,297,311,326,341,351,406,432,442,461,481,487,508,550,612,626,627,669,719,721,727,743,745,795,810,843,871,881,897,898,899,918,936,968,974,1005
0225_00704	20,22,56,88,94,107,117,134,153,195,207,387,395,405,479,508,516,611,626,655,658,662,727,740,787,866,869,948,968,989,994,998
0225_00709	20,56,62,94,96,107,128,134,145,153,207,230,270,421,487,508,516,521,550,558,588,626,655,658,727,731,820,869,948,968,989,994,998
0225_00720	20,57,82,94,107,141,153,207,217,231,261,307,347,430,481,508,544,626,640,727,762,776,789,886,948,950,989
0225_00728	1,15,20,64,69,94,96,134,144,153,154,160,203,206,215,255,260,261,270,272,281,286,309,334,344,382,422,432,439,461,480,487,498,508,515,522,542,543,550,554,569,590,600,626,640,654,655,670,702,714,727,742,763,842,844,847,850,851,902,948,968,981,997,1003,1012
0225_00743	20,34,55,67,68,134,142,153,161,208,259,278,298,318,319,347,359,366,387,391,405,439,446,472,496,515,524,527,534,537,540,550,577,582,586,622,655,657,681,710,713,717,719,725,738,742,747,792,802,807,814,818,842,850,925,968,995
0225_00744	1,4,11,15,26,42,89,134,140,175,182,191,201,222,245,260,267,269,286,302,347,353,373,394,398,423,452,461,485,496,508,512,524,534,540,549,550,555,565,595,626,666,681,686,705,709,724,727,768,778,806,830,838,843,853,855,898,906,940,943,948,951,954,968,989,1016,1022
0225_00745	1,11,15,26,42,89,134,140,175,182,191,222,226,231,245,260,267,269,283,291,302,353,373,374,394,398,423,461,485,496,502,508,512,524,534,540,550,555,565,592,595,626,640,666,681,686,718,724,727,774,778,806,830,838,843,853,855,906,940,943,948,951,954,968,1022
0225_00747	20,94,134,141,153,172,177,188,208,261,270,281,304,319,354,387,405,411,439,451,469,508,510,524,527,537,550,551,555,586,626,657,712,720,727,741,822,825,850,889,918,968
0225_00759	15,20,23,26,35,42,89,93,94,134,139,153,156,222,230,231,245,260,263,277,280,297,317,340,431,456,461,467,481,483,493,508,512,515,524,579,608,611,624,626,654,689,711,715,724,727,810,813,827,887,888,920,938,946,948,957,968,971,977,1012
0225_00767	15,62,67,84,85,89,111,134,153,160,181,185,230,244,246,300,324,365,391,414,430,449,478,479,487,508,524,525,540,544,550,564,574,609,615,634,635,639,662,683,762,769,778,781,786,792,794,797,806,867,875,881,887,896,908,912,915,948,953,964,968,991,994,1010,1015,1017
0225_00768	9,15,24,42,45,56,62,67,81,89,94,96,116,134,142,153,162,175,183,184,186,190,195,196,198,237,245,254,272,314,371,374,405,424,434,466,473,479,487,508,524,528,531,547,548,550,601,632,634,654,658,677,688,714,725,748,772,773,778,789,836,837,839,846,880,924,931,934,964,968,985,994,1014,1015,1023
0225_00769	4,17,20,72,83,85,89,93,126,134,139,142,153,168,197,200,216,220,231,239,265,277,300,311,326,328,335,336,342,347,351,353,358,387,400,438,440,442,461,493,515,521,529,533,549,553,557,562,602,616,622,626,629,640,656,661,676,677,682,689,705,707,719,743,752,765,778,856,877,936,947,948,968,970,974,983
0225_00805	15,20,24,39,58,70,75,81,83,89,94,122,134,153,155,175,194,204,207,216,221,226,231,235,238,254,256,260,275,307,318,345,347,390,391,442,452,468,480,500,508,511,519,526,533,578,583,623,626,630,711,727,731,762,767,773,779,783,791,797,802,814,835,863,886,936,948,959,964,968,994,999,1008
0225_00810	1,15,20,25,26,49,60,72,85,87,89,116,134,141,148,222,236,245,255,280,285,291,297,311,315,351,357,393,399,452,467,471,477,499,508,513,560,566,595,603,614,702,727,755,762,768,772,801,836,849,875,902,944,948,968,969,1019,1022
0225_00811	15,20,32,56,70,79,89,94,107,113,150,153,155,207,231,233,237,341,347,411,440,457,465,481,508,516,518,530,536,615,626,655,662,727,739,772,893,896,924,930,940
0225_00834	15,20,89,99,101,110,134,146,149,153,154,174,175,209,229,237,270,274,278,328,347,348,363,371,374,430,437,508,515,516,524,534,536,549,562,576,582,618,626,640,649,700,727,744,747,772,778,781,809,817,847,855,863,901,948,968,994,995,1004,1007,1015
0225_00837	15,20,24,56,62,65,89,94,96,98,104,114,123,134,145,153,178,190,207,231,237,270,284,340,343,347,353,367,377,408,421,431,432,475,477,487,505,508,513,516,524,544,550,569,579,588,624,626,642,645,663,669,677,686,727,747,772,776,786,789,802,827,851,863,906,916,929,935,948,964,968,981,984,994
0225_00841	15,20,33,39,49,68,72,94,96,111,134,153,175,203,204,207,218,219,231,237,242,244,254,270,281,298,304,326,347,366,373,432,456,476,484,487,505,508,515,516,522,524,527,550,584,594,612,626,641,655,663,690,705,706,711,727,739,750,757,768,788,800,802,807,829,866,907,917,928,931,948,954,963,968,994,1006,1014
0225_00842	17,26,72,122,134,160,212,226,304,405,515,550,620,626,640,676,698,712,733,741,763,787,825,850,907,946,947,968
0225_00845	15,20,26,29,32,34,42,43,49,54,57,63,82,89,119,129,131,134,151,153,156,173,175,176,180,195,197,207,220,222,233,236,245,254,260,271,295,318,324,326,328,330,345,347,367,368,370,372,374,382,395,405,409,426,456,461,467,485,499,502,506,508,519,524,534,535,542,545,547,549,552,570,571,575,576,578,582,590,606,610,620,625,626,640,643,649,657,662,675,683,695,710,719,726,727,738,742,762,780,791,802,813,821,826,830,831,832,838,840,844,853,873,884,886,909,929,936,948,963,968,975,982,984,994,998,1001,1024
0225_00846	15,19,20,26,32,34,42,43,46,54,60,63,82,89,119,120,131,134,143,151,156,162,172,173,175,176,197,206,207,208,220,221,222,233,236,237,245,254,258,259,260,277,296,318,328,330,345,347,364,368,370,382,404,435,445,456,461,467,473,485,499,502,506,508,520,524,539,542,545,547,549,552,570,571,575,578,582,590,620,625,626,633,640,642,649,662,666,675,677,683,684,695,700,710,717,719,726,727,736,738,742,743,762,765,772,773,780,791,826,828,840,844,846,850,857,884,885,886,895,907,909,936,948,959,963,968,975,982,998,999,1024
0225_00849	15,40,67,89,96,111,113,134,153,187,224,231,254,260,272,307,308,349,377,399,472,482,487,494,524,550,552,553,606,612,631,654,658,662,714,729,748,778,832,834,837,866,915,948,959,968,970,994,1000,1006
0225_00851	13,20,39,62,70,91,96,97,112,114,128,134,137,144,145,153,156,193,204,207,220,223,229,230,241,248,270,292,295,299,338,346,347,355,361,386,387,390,392,395,400,405,421,430,481,487,505,508,516,533,543,544,550,558,572,577,579,588,598,615,626,638,649,654,670,714,725,727,731,733,739,747,751,772,773,775,779,781,798,800,802,812,847,873,883,894,917,943,948,953,968,970,983,989,993,1009,1010,1011
0225_00860	15,16,17,21,30,58,89,92,93,134,153,177,195,200,220,226,245,247,260,269,278,279,298,300,321,330,335,337,347,351,353,361,369,381,419,423,438,442,461,471,476,493,500,508,511,515,523,529,533,550,555,557,562,588,591,626,635,640,648,651,661,676,683,691,700,719,748,750,759,785,798,808,811,827,872,918,927,935,936,947,948,968,970,974,994,996,1006,1015
0225_00861	19,20,51,52,56,65,69,81,89,94,107,121,134,139,141,153,155,159,172,197,206,207,212,217,231,310,319,351,363,387,401,405,417,422,436,442,461,481,486,508,524,525,540,558,566,580,621,625,626,629,653,658,678,690,701,711,719,727,728,755,776,783,789,819,887,915,935,936,960,968,974,975,990,1017
0225_00863	25,70,85,89,93,96,134,153,181,197,200,216,220,300,311,326,347,351,408,420,433,442,448,461,487,493,533,550,557,562,602,605,626,689,696,705,719,742,743,765,936,945,956,968,974
0225_00865	14,15,20,21,27,47,54,56,59,62,63,89,96,99,111,131,134,144,145,148,153,158,177,183,191,193,200,203,207,219,230,237,270,279,285,341,347,353,365,367,374,390,392,405,421,430,440,448,457,467,471,473,475,476,481,483,487,494,508,511,516,524,539,550,558,567,577,581,584,588,589,606,611,613,617,625,626,645,676,701,702,714,727,729,739,741,753,772,818,831,833,849,857,876,917,919,935,943,948,959,964,968,977,981,989,993,1005,1012
0225_00870	12,20,94,107,141,153,164,207,217,223,231,259,270,294,319,353,360,418,423,481,508,516,545,570,626,643,661,676,683,727,771,776,778,789,821,948,998
0225_00875	15,57,59,62,73,84,89,96,120,129,134,172,234,278,332,336,337,410,487,489,490,515,516,550,582,590,626,652,672,684,690,694,728,747,762,772,818,893,908,948,968,971,974,998,1008,1011
0225_00884	15,20,49,89,138,203,237,280,297,387,396,437,508,674,704,725,727,772,892,912,948,983
0225_00885	15,26,49,85,89,102,120,134,147,206,219,222,258,265,271,282,285,305,316,347,352,358,363,405,433,436,482,499,516,540,541,566,571,609,622,626,628,662,705,739,752,764,772,801,803,851,855,879,903,908,945,948,962,968,969,971,973,1000,1011,1022
0225_00905	5,20,39,57,62,75,107,134,147,153,161,185,259,260,262,281,283,330,333,341,347,383,400,402,407,419,421,429,456,479,481,505,515,516,522,549,550,591,601,635,642,654,656,659,662,698,706,735,752,762,768,778,797,798,812,825,826,832,850,888,896,915,945,948,968,994
0225_00912	5,15,25,26,31,49,60,72,85,87,89,131,134,141,148,222,245,255,276,285,291,311,315,351,357,370,399,452,477,499,508,513,566,595,603,608,626,755,768,772,774,801,836,849,875,892,936,944,945,948,968,969,1019,1022
0225_00917	20,94,107,141,207,228,242,370,390,436,481,500,508,516,626,657,686,705,715,727,739,768,770,802,876,879,917,948
0225_00923	3,15,20,64,67,88,89,94,111,118,134,153,175,178,202,220,237,240,255,277,316,317,364,371,400,403,421,426,446,448,452,508,524,545,567,580,602,613,626,661,677,710,727,735,756,757,772,773,824,850,863,878,928,948,968,979,981,994
0225_00930	15,26,35,58,61,83,85,89,146,153,155,184,188,201,212,236,259,263,284,337,347,348,367,398,399,404,423,444,461,476,481,499,508,562,614,637,649,676,688,711,730,747,773,774,789,818,829,873,874,948,954,959,984,1009
0225_00934	20,51,55,96,134,144,145,153,198,208,228,241,251,260,296,298,308,347,353,380,387,411,418,421,430,483,485,487,500,523,530,533,550,560,577,582,592,635,655,670,697,699,747,800,812,832,844,847,897,898,914,948,968,993
0225_00938	15,66,73,81,89,116,134,182,183,245,272,298,320,380,385,393,405,419,487,508,524,532,543,550,561,585,594,626,677,683,686,725,778,790,898,916,936,948,964,968,1020
0225_00939	17,23,26,72,85,89,93,122,134,153,160,200,212,216,220,260,300,304,311,320,326,347,351,405,442,461,486,493,515,533,550,557,562,602,620,626,640,676,686,689,712,719,733,741,743,763,787,792,804,813,825,850,870,875,907,936,947,968,974,1005
0225_00941	57,60,64,76,85,87,89,109,153,173,177,260,266,279,311,316,326,329,347,351,402,410,442,461,471,508,523,555,562,588,626,689,692,719,743,763,789,934,936,946,954,969,974
0225_00942	6,15,20,26,85,89,95,96,109,118,134,145,151,153,165,181,187,197,200,212,220,245,254,298,301,311,316,318,326,332,341,347,351,394,408,410,421,442,445,448,460,461,467,478,487,493,499,508,516,536,544,550,568,574,577,584,586,597,602,626,631,632,656,673,696,703,705,719,723,725,727,743,755,762,770,825,848,855,897,898,921,936,945,968,974,977,980,987,1022
0225_00950	3,12,15,26,47,62,89,91,92,98,104,107,134,184,192,207,213,222,243,245,247,354,358,360,385,403,405,419,432,436,442,444,461,479,498,499,508,519,531,548,567,569,579,600,626,635,650,656,664,667,694,743,802,828,829,838,922,933,936,948,949,964,966,979,1001,1008,1012,1013,1022
0225_00951	15,20,35,89,96,118,128,134,146,151,159,179,221,228,266,272,347,359,383,389,392,404,445,479,487,495,503,508,524,537,550,611,654,662,686,714,727,762,772,783,786,797,825,838,866,896,948,964,968,971,984
0225_00961	1,5,15,65,66,73,75,89,96,111,134,145,175,210,278,303,325,337,353,374,378,380,393,412,421,446,475,482,487,510,515,524,550,559,582,592,600,626,640,681,686,715,747,785,802,834,852,854,908,933,948,968,974,1022
0225_00964	20,56,66,94,97,107,153,207,231,261,341,367,464,480,481,508,516,530,626,655,682,727,739,752,893,896,926,986
0225_00968	20,24,57,66,85,87,89,107,112,134,139,153,159,167,169,173,177,197,212,227,236,245,257,263,269,277,285,300,311,312,326,334,347,351,361,364,374,387,401,402,410,434,442,452,461,474,475,492,506,507,508,516,524,555,565,569,626,630,643,657,662,692,703,719,727,743,762,763,766,790,806,860,874,900,915,925,936,948,952,954,960,964,968,974,980,997
0225_00970	20,64,67,121,129,132,134,141,153,163,168,175,207,228,241,245,309,317,319,337,347,392,405,422,423,430,475,481,506,508,524,544,554,570,575,582,601,615,631,646,662,665,700,706,727,737,776,777,801,802,860,861,863,865,867,868,887,889,900,919,940,948,963,968,970,990
0225_00980	4,15,20,21,26,28,31,41,54,62,63,80,89,96,100,111,117,119,131,134,137,142,153,160,168,175,190,193,203,222,223,262,268,272,278,282,284,294,300,304,330,341,346,347,355,379,380,382,384,394,410,424,433,442,458,473,487,489,490,503,506,508,513,515,516,519,524,528,538,542,549,550,559,561,574,594,608,626,630,633,652,654,655,662,668,677,692,701,705,714,723,727,737,741,760,762,774,778,785,786,795,797,806,815,819,833,838,839,844,848,850,855,860,872,886,900,914,920,927,931,939,948,949,961,964,968,982,994,995,996,1001,1006,1011,1022
0225_00981	4,15,18,20,21,26,28,31,32,41,54,61,63,74,89,96,100,111,117,119,131,134,137,142,153,160,168,175,190,193,203,222,223,224,262,268,272,282,284,294,300,304,341,347,355,358,363,364,380,384,402,410,424,433,442,473,481,487,503,506,508,515,516,524,538,542,549,550,559,561,569,574,594,603,621,626,630,633,654,655,662,668,677,684,686,692,705,714,722,723,727,737,741,774,778,785,786,795,797,806,815,819,833,838,839,844,848,855,860,872,889,898,914,920,927,931,936,948,961,964,968,981,994,995,996,997,1006,1008,1011,1022
0225_00982	4,15,20,21,26,28,32,54,61,62,80,84,89,96,98,100,101,109,111,112,116,119,131,134,137,142,153,168,173,175,184,190,193,200,218,222,223,242,272,282,300,304,330,341,347,355,358,379,380,402,410,424,433,435,439,442,458,473,476,487,503,506,508,515,519,524,542,549,550,559,561,570,574,602,603,626,630,633,642,654,662,668,677,686,689,692,701,705,708,714,722,723,727,737,741,762,767,774,776,778,785,786,795,797,806,815,819,833,838,848,855,857,860,882,886,894,898,914,930,939,948,949,961,962,964,968,977,981,982,994,995,996,997,1006
0225_00985	42,54,57,77,85,89,92,93,134,139,140,153,164,166,223,245,247,279,292,311,326,335,337,351,353,393,442,446,460,461,466,499,508,513,515,550,562,570,573,586,601,619,620,626,631,640,661,676,683,689,718,719,733,743,748,789,823,860,888,899,936,941,947,950,968,974,978,1016
0225_00990	85,89,96,103,125,132,134,139,153,159,164,197,212,223,245,307,311,319,326,337,351,368,387,388,390,401,405,422,442,461,506,508,524,582,585,626,631,645,662,696,710,719,727,731,743,783,848,867,936,968,974,981,990,1007
0225_00998	15,20,41,88,89,129,134,144,153,199,209,212,214,245,264,270,281,302,363,372,383,461,479,495,508,515,522,541,550,590,601,630,654,655,662,670,711,721,722,724,743,754,759,762,778,786,797,812,813,825,833,844,847,873,896,940,948,968,1012,1021
