id	bits.on
0225_00003	13,24,49,62,65,71,75,80,83,85,92,93,94,96,98,102,108,110,111,113,116,117,120,121,122,124,127,132,137,142,143,147,148,150,154,156,158,159,160,161,162,163,164,165
0225_00008	66,91,96,105,108,112,113,115,116,118,127,128,129,132,139,143,144,145,147,150,152,154,157,159,160,162,163,164,165
0225_00018	38,53,54,57,62,65,72,75,77,78,79,80,82,83,85,89,90,91,92,93,95,96,97,98,105,109,110,117,119,120,121,122,127,131,132,133,135,137,139,140,142,143,144,146,148,150,151,152,153,155,156,157,158,159,160,161,162,163,164,165
0225_00020	54,65,75,77,79,80,83,84,85,90,93,95,96,104,108,111,120,121,122,123,131,137,139,142,148,151,154,155,156,157,158,159,160,161,162,164,165
0225_00039	38,53,54,57,62,65,72,75,77,79,80,82,83,84,85,87,89,90,91,92,95,96,97,98,103,105,106,107,109,110,117,120,121,122,127,131,132,133,134,135,137,139,140,142,143,146,148,150,151,152,153,155,156,157,158,159,161,162,163,164,165
0225_00042	29,38,43,48,57,62,65,69,72,75,77,79,80,83,84,85,89,90,92,96,97,98,102,104,105,106,109,110,111,112,117,120,121,122,124,126,127,128,129,130,131,132,133,135,137,139,140,142,143,146,148,150,151,152,153,155,156,157,158,159,161,162,163,164,165
0225_00043	37,38,53,57,62,65,72,75,77,80,82,83,84,85,89,90,91,92,96,97,98,104,106,109,110,111,113,117,120,121,122,127,128,129,131,132,133,135,137,139,140,142,143,144,146,148,150,151,152,153,154,155,156,157,158,159,161,162,163,164,165
0225_00044	29,37,38,43,48,57,62,65,69,72,75,77,80,83,84,85,89,90,92,96,97,98,102,104,106,109,110,111,112,113,117,120,121,122,124,126,127,128,129,130,131,132,133,135,136,137,139,140,142,143,144,146,148,150,151,152,153,154,155,156,157,158,159,161,162,163,164,165
0225_00045	25,38,43,53,57,62,65,72,75,77,79,80,82,83,84,85,89,90,91,92,95,96,97,98,104,105,106,109,110,111,113,117,120,121,122,127,128,129,131,132,133,135,137,139,140,142,143,146,148,150,151,152,153,154,155,156,157,158,159,161,162,163,164,165
0225_00079	29,38,48,57,62,65,69,72,75,77,79,80,83,84,85,89,90,91,92,96,97,98,102,105,106,109,110,111,112,117,120,121,122,124,127,128,129,130,131,132,133,135,137,139,140,142,143,145,146,148,151,152,153,156,157,158,159,161,162,163,164,165
0225_00101	37,38,53,54,57,62,65,72,75,77,78,80,82,83,85,89,90,91,92,93,95,96,97,98,106,109,110,113,117,119,120,121,122,127,131,132,133,135,137,139,140,142,143,144,146,148,150,151,152,153,154,155,156,157,158,159,160,161,162,163,164,165
0225_00105	37,53,54,57,62,65,72,75,77,80,82,83,85,89,90,91,92,93,95,96,97,98,106,109,110,113,117,120,121,122,127,131,132,133,136,137,139,140,142,143,144,146,148,150,152,153,154,155,156,157,158,159,160,161,162,163,164,165
0225_00108	37,38,57,62,65,72,75,77,80,82,83,84,85,89,91,92,93,95,96,97,98,106,108,109,110,113,117,120,121,122,126,127,131,132,133,135,137,139,140,142,143,144,146,148,150,151,152,153,154,155,156,157,158,159,160,161,162,163,164,165
0225_00109	25,38,43,57,62,65,72,75,77,79,80,82,83,84,85,89,91,92,93,95,96,97,98,105,106,108,109,110,113,117,120,121,122,126,127,131,132,133,135,137,139,140,142,143,146,148,150,151,152,153,154,155,156,157,158,159,160,161,162,163,164,165
0225_00128	90,91,99,104,108,114,115,116,118,129,132,139,147,152,154,155,157,159,160,164
0225_00146	26,50,66,74,76,90,91,96,99,104,105,108,112,115,116,118,127,128,129,131,132,139,141,143,145,147,149,150,152,155,157,159,160,163,164,165
0225_00158	37,53,54,57,62,65,72,75,77,80,82,83,85,89,90,91,92,93,95,96,97,98,106,109,110,113,117,120,121,122,126,127,131,132,133,136,137,139,140,142,143,144,146,148,150,151,152,153,154,155,156,157,158,159,160,161,162,163,164,165
0225_00163	38,54,57,62,65,72,75,77,79,80,83,84,85,86,88,89,90,91,92,93,95,96,97,98,105,110,115,117,120,121,122,127,131,132,133,135,137,139,142,143,146,148,150,151,152,153,155,156,157,158,159,160,161,162,163,164,165
0225_00164	37,53,54,57,62,65,72,75,77,80,82,83,85,89,90,91,92,95,96,97,98,106,109,110,113,117,120,121,122,127,131,132,133,136,137,139,140,142,143,144,146,148,150,151,152,153,154,155,156,157,158,159,160,161,162,163,164,165
0225_00166	37,57,62,65,72,75,77,80,83,85,86,89,90,91,92,93,96,97,98,104,106,109,110,111,113,115,117,120,121,122,126,127,128,129,131,132,133,136,137,139,140,142,143,144,146,148,149,150,151,152,153,154,155,156,157,158,159,160,161,162,163,164,165
0225_00176	25,38,43,49,53,54,57,62,65,72,75,77,79,80,82,83,84,85,89,90,91,92,93,95,96,97,98,105,106,109,110,113,117,120,121,122,127,131,132,133,135,137,139,140,142,143,146,148,150,151,152,153,154,155,156,157,158,159,160,161,162,163,164,165
0225_00178	37,38,53,54,57,62,65,72,75,77,79,80,82,83,84,85,89,90,91,92,96,97,98,104,105,106,109,110,111,113,117,120,121,122,127,128,129,131,132,133,135,137,139,140,142,143,144,146,148,150,151,152,153,154,155,156,157,158,159,161,162,163,164,165
0225_00188	53,54,57,65,74,75,79,80,83,84,85,86,89,91,92,93,95,96,97,98,100,105,108,110,111,113,115,116,117,118,120,121,122,123,127,128,131,132,133,135,136,137,138,140,141,142,143,144,145,146,147,148,149,150,151,152,153,154,156,157,158,159,160,161,162,163,164,165
0225_00196	26,50,66,76,96,99,105,108,112,115,116,118,127,128,129,132,136,143,145,146,147,149,150,152,154,159,160,163,164,165
0225_00199	54,79,84,90,91,92,95,104,110,111,117,123,131,132,136,139,140,142,146,147,151,154,155,156,157,158,159,160,161,164
0225_00230	26,50,66,76,96,99,105,108,112,115,116,118,127,128,129,132,136,143,145,147,149,150,152,154,159,160,163,164,165
0225_00231	66,90,91,96,104,105,108,112,115,116,118,127,128,129,132,139,143,145,147,149,150,152,154,157,159,160,163,164,165
0225_00232	53,54,65,75,77,79,80,82,83,84,85,90,92,93,95,96,97,100,104,110,111,116,117,120,121,122,123,128,131,132,136,137,139,142,144,146,147,148,150,151,153,154,155,156,157,158,159,160,161,162,164,165
0225_00233	54,72,82,90,91,92,99,100,104,108,110,111,113,114,115,116,117,118,127,128,129,131,132,139,143,144,146,147,150,151,152,153,154,155,156,157,158,159,160,161,162,163,164,165
0225_00234	25,43,54,77,78,79,84,90,91,92,95,100,104,106,110,111,117,118,119,123,131,136,139,142,146,147,151,153,154,155,156,157,158,159,160,161,164
0225_00235	25,32,33,43,51,53,55,58,59,60,61,64,67,69,73,75,77,78,79,80,81,82,84,85,88,90,91,92,94,95,97,98,100,102,104,105,106,110,111,112,115,116,117,118,119,120,121,122,123,124,128,129,130,131,135,136,137,138,139,140,142,144,145,146,147,148,149,150,151,153,154,155,156,157,158,159,160,161,162,163,164,165
0225_00236	25,43,54,77,78,79,82,84,90,91,92,95,100,104,106,110,111,117,118,119,123,128,131,132,136,138,139,142,146,147,151,153,154,155,156,157,158,159,161,164
0225_00238	25,43,75,77,78,79,83,84,85,90,91,92,95,96,100,104,106,110,111,117,118,119,121,122,123,128,131,136,137,138,139,142,146,147,148,150,151,153,154,155,156,157,158,159,161,164,165
0225_00239	25,43,53,54,77,78,79,82,84,89,90,91,92,95,100,104,106,109,110,111,117,118,119,123,131,136,138,139,140,142,146,147,151,153,154,155,156,157,158,159,161,164
0225_00240	25,43,54,74,77,78,79,84,90,91,92,95,100,104,106,110,111,117,118,119,123,131,136,139,142,146,147,149,151,153,154,155,156,157,158,159,160,161,164
0225_00245	53,54,79,84,90,91,92,95,97,104,110,111,117,123,131,132,136,139,140,142,146,147,151,154,155,156,157,158,159,161,164
0225_00246	53,54,79,84,90,92,95,97,104,110,111,117,123,131,132,136,139,140,142,146,151,154,155,156,157,158,159,161,162,163,164,165
0225_00252	26,50,53,66,72,76,82,87,89,90,91,96,99,103,104,105,107,108,109,112,115,116,127,128,129,131,132,134,136,139,140,141,143,145,146,147,149,150,152,153,154,155,157,159,160,163,164,165
0225_00254	19,75,79,85,90,91,92,95,100,104,105,109,110,111,114,117,118,121,122,123,125,126,127,128,131,132,133,135,136,137,138,139,140,142,143,144,145,146,147,148,150,151,153,154,155,156,157,158,159,160,161,162,163,164,165
0225_00255	24,45,49,50,56,62,63,70,71,75,76,85,86,93,94,95,97,98,99,100,102,111,118,119,120,121,122,123,124,125,126,127,128,129,130,132,133,135,136,137,138,140,141,142,143,145,146,147,148,149,150,151,152,153,154,155,156,157,158,159,160,161,162,163,164,165
0225_00260	85,86,93,100,111,115,116,122,125,129,145,148,149,153,155,156,158,160,161,162,163,165
0225_00282	54,72,99,113,123,127,131,139,140,143,144,146,150,152,154,157,159,162,163,164,165
0225_00291	53,54,65,77,79,80,82,83,84,90,92,95,96,97,100,104,110,111,117,120,121,123,128,131,132,136,137,139,142,146,147,151,153,154,155,156,157,158,159,161,162,164,165
0225_00297	8,11,24,34,36,45,47,50,65,71,72,76,77,78,79,80,81,83,84,85,88,89,91,92,94,95,96,97,98,99,101,102,104,105,106,109,110,111,117,119,120,121,122,123,124,126,127,131,132,133,135,136,137,138,139,140,142,143,146,148,150,151,153,154,155,156,157,158,159,161,162,163,164,165
0225_00299	42,53,62,65,74,86,87,89,91,93,97,98,99,104,107,108,109,115,121,123,125,126,131,132,134,137,139,140,141,144,145,146,149,150,152,153,154,155,156,157,159,160,161,162,163,164,165
0225_00309	59,64,74,81,85,86,88,91,92,93,99,100,108,110,111,115,116,117,118,122,125,133,135,138,142,144,145,147,148,149,150,151,153,154,155,156,158,160,161,162,163,164,165
0225_00310	99,154,162,163,164,165
0225_00314	38,53,57,62,65,72,75,77,79,80,82,83,84,85,87,89,90,91,92,96,97,98,103,104,105,106,107,109,110,111,117,120,121,122,127,128,129,131,132,133,134,135,137,139,142,143,146,148,150,151,152,153,155,156,157,158,159,161,162,163,164,165
0225_00315	54,57,66,72,74,85,86,89,90,91,93,95,97,98,108,111,112,114,115,116,120,122,123,126,127,131,132,133,136,137,139,140,141,143,145,146,148,149,150,152,154,155,156,157,158,159,160,161,163,164,165
0225_00321	19,75,83,85,89,93,96,97,98,105,108,109,111,114,116,121,122,123,126,127,128,129,132,136,137,140,143,145,146,147,148,149,150,152,153,154,155,156,157,158,159,160,161,162,163,164,165
0225_00322	19,75,83,85,89,93,96,97,98,105,108,111,116,121,122,123,126,127,128,129,132,136,137,140,143,145,146,147,148,149,150,152,154,156,157,158,159,160,161,162,163,164,165
0225_00325	26,50,66,72,76,82,91,96,99,104,105,108,109,112,115,116,118,127,128,129,131,132,136,139,140,143,145,146,147,149,150,152,153,154,155,157,159,160,163,164,165
0225_00326	26,50,53,66,72,76,82,89,90,91,96,99,104,105,108,109,112,115,116,118,127,128,129,131,132,136,139,140,143,145,146,147,149,150,152,153,154,155,157,159,160,163,164,165
0225_00327	26,50,53,66,72,76,82,89,90,91,96,99,104,105,108,109,112,115,116,118,127,128,129,131,132,136,139,140,143,145,146,147,149,150,152,153,154,155,157,159,160,163,164,165
0225_00342	37,38,53,54,57,62,65,72,75,77,80,82,83,84,85,89,90,91,92,95,96,97,98,106,109,110,113,117,120,121,122,127,131,132,133,135,137,139,140,142,143,144,146,148,150,151,152,153,154,155,156,157,158,159,161,162,163,164,165
0225_00343	29,37,38,43,48,54,57,62,65,69,72,75,77,80,83,84,85,89,90,91,92,95,96,97,98,102,106,109,110,112,113,117,120,121,122,124,126,127,130,131,132,133,135,136,137,139,140,142,143,144,146,148,150,151,152,153,154,155,156,157,158,159,161,162,163,164,165
0225_00347	66,90,96,104,105,108,112,115,116,118,123,127,128,129,132,136,139,140,141,143,145,146,147,149,150,152,154,155,157,159,160,163,164,165
0225_00353	24,47,51,53,54,57,60,61,64,67,69,71,72,73,78,81,82,86,88,89,90,91,93,94,97,98,102,108,109,111,115,116,118,119,124,127,129,130,131,132,137,138,139,140,143,146,147,148,150,152,153,155,156,157,159,160,161,163,164,165
0225_00354	46,65,74,85,86,87,93,98,100,107,111,115,116,121,122,125,134,137,142,145,147,148,149,153,155,156,158,160,161,162,163,165
0225_00355	65,74,85,86,87,93,98,100,103,107,111,115,116,121,122,125,134,137,142,145,147,148,149,153,155,156,158,160,161,162,163,165
0225_00357	66,75,85,86,93,98,100,101,105,108,111,112,113,115,116,118,121,122,127,128,129,137,139,143,144,145,147,148,152,153,156,157,158,160,161,162,163,164,165
0225_00362	53,54,82,84,89,90,91,95,104,108,109,111,114,115,116,118,128,129,131,132,139,147,151,152,153,155,156,157,158,159,160,161,164
0225_00370	8,11,23,26,50,54,57,66,72,74,76,89,95,97,99,101,104,105,106,108,109,110,112,116,117,123,125,126,127,129,131,132,136,137,139,140,141,143,145,146,149,150,151,152,153,154,156,157,158,159,160,161,162,163,164,165
0225_00377	53,54,57,66,72,82,84,89,90,91,93,95,97,98,104,105,108,109,111,112,113,123,125,126,127,128,129,131,132,133,136,137,139,140,143,144,145,146,149,150,151,152,153,154,155,156,157,158,159,160,161,162,163,164,165
0225_00388	53,54,57,62,72,89,90,98,104,105,113,125,127,131,132,137,139,140,143,144,145,146,150,152,157,159,162,163,164,165
0225_00389	53,54,57,62,72,89,90,98,104,105,113,125,127,131,132,137,139,140,143,144,145,146,150,152,157,159,162,163,164,165
0225_00390	53,54,57,66,72,82,84,89,90,91,93,95,97,98,104,105,108,109,111,112,113,123,125,126,127,128,129,131,132,133,136,137,139,140,143,144,145,146,149,150,151,152,153,154,155,156,157,158,159,160,161,162,163,164,165
0225_00394	84,90,91,92,99,104,108,110,111,114,115,116,117,118,128,129,132,147,151,154,155,156,158,160,161,164
0225_00395	41,42,57,62,66,74,83,85,86,87,93,96,100,105,107,108,109,111,112,115,116,118,122,125,128,129,132,134,137,138,142,144,145,147,148,149,152,153,155,157,158,160,161,162,163,164,165
0225_00400	17,66,90,91,96,104,105,108,112,113,115,116,118,127,128,129,131,132,139,143,144,145,147,150,152,157,159,160,162,163,164,165
0225_00403	26,34,50,66,76,96,99,105,108,112,115,116,118,127,128,129,132,136,143,145,147,149,150,152,154,159,160,163,164,165
0225_00412	66,74,90,91,92,96,98,99,104,105,108,110,111,112,115,116,117,118,121,127,128,129,131,136,137,141,142,143,145,147,149,150,151,154,156,158,159,160,161,163,164,165
0225_00413	29,37,38,48,53,54,57,62,65,69,72,75,77,79,80,83,84,85,89,90,91,92,95,96,97,98,100,102,104,105,106,109,110,112,113,117,120,121,122,124,125,126,127,128,130,131,132,133,135,136,137,138,139,140,142,143,144,145,146,148,149,150,151,152,153,154,155,156,157,158,159,160,161,162,163,164,165
0225_00421	24,42,71,78,80,82,84,86,93,94,95,100,102,104,106,107,108,109,111,112,115,116,118,119,124,126,128,129,132,134,138,142,147,151,153,155,156,157,158,159,160,161,162,163,164,165
0225_00432	54,74,84,90,91,92,95,104,110,111,115,117,123,128,131,132,136,139,140,142,146,147,149,151,154,155,156,157,158,159,160,161,164
0225_00439	25,43,54,77,78,79,84,90,91,92,95,100,104,106,110,111,117,118,119,123,131,132,136,139,140,142,146,147,151,153,154,155,156,157,158,159,161,164
0225_00444	29,43,48,53,54,57,69,72,82,89,90,91,98,102,106,109,112,123,124,126,127,130,131,132,137,139,140,143,146,148,150,152,153,155,157,159,163,164,165
0225_00447	54,79,82,84,90,91,92,95,100,104,110,111,117,118,123,129,131,132,136,139,140,142,146,147,151,153,154,155,156,157,158,159,161,164
0225_00448	54,79,84,90,91,92,95,104,110,111,117,123,131,132,136,139,140,142,146,147,151,154,155,156,157,158,159,161,162,163,164,165
0225_00451	53,54,79,82,84,88,90,91,92,95,100,104,110,111,117,123,128,131,132,136,138,139,140,142,146,147,151,153,154,155,156,157,158,159,161,164
0225_00454	29,30,48,49,54,72,74,82,85,86,89,90,93,95,100,102,104,106,109,111,112,115,116,122,124,126,128,130,131,132,138,139,140,141,146,147,148,149,152,153,155,157,158,159,160,161,164
0225_00461	54,79,82,84,90,92,95,100,104,110,111,113,117,123,127,128,131,132,136,139,140,142,143,146,151,152,153,154,155,156,157,158,159,161,162,163,164,165
0225_00464	25,37,43,52,53,54,65,66,68,69,74,75,77,78,79,80,82,83,84,85,89,90,91,92,94,95,96,97,100,104,105,106,109,110,111,112,113,115,116,117,118,119,120,121,122,124,125,126,127,128,131,132,136,137,138,139,140,141,142,143,145,146,147,148,149,150,151,152,153,154,155,156,157,158,159,160,161,162,163,164,165
0225_00470	25,29,38,43,48,57,62,65,69,72,75,77,79,80,83,84,85,89,90,91,92,95,96,97,98,102,105,106,109,110,112,113,117,120,121,122,124,127,130,131,132,133,135,136,137,139,140,142,143,145,146,148,150,151,152,153,154,156,157,158,159,161,162,163,164,165
0225_00471	26,42,50,53,66,72,76,82,87,89,90,91,96,99,103,104,105,107,108,109,112,115,116,127,128,129,131,132,134,136,139,140,141,143,145,146,149,150,152,153,154,155,157,159,160,163,164,165
0225_00476	30,49,74,85,86,89,93,95,100,108,112,114,115,116,118,122,123,126,128,129,132,136,140,141,146,147,148,149,152,153,154,155,157,158,159,160,161,164
0225_00488	57,66,72,75,83,85,86,93,96,98,100,101,105,108,111,112,113,115,116,118,120,121,122,126,127,128,129,132,137,143,144,145,146,147,148,149,152,153,154,156,157,158,159,160,161,162,163,164,165
0225_00489	26,50,53,66,72,76,82,89,90,91,96,99,104,105,108,109,112,115,116,118,127,128,129,131,132,136,139,140,143,145,146,147,149,150,152,153,154,155,157,159,160,163,164,165
0225_00492	53,54,57,62,72,82,89,90,91,98,105,109,113,120,123,125,126,127,131,132,137,139,140,143,144,145,146,150,152,153,154,155,157,159,162,163,164,165
0225_00501	62,87,93,96,103,104,105,107,111,116,125,133,134,144,145,150,151,156,158,160,161,162,163,165
0225_00502	54,65,66,74,75,79,80,85,86,90,91,92,95,96,97,98,100,104,105,110,111,112,117,120,121,122,125,127,128,129,131,132,133,136,137,138,139,140,141,142,143,144,145,146,147,148,149,150,151,152,153,154,155,156,157,158,159,160,161,162,163,164,165
0225_00515	23,57,62,65,66,72,75,79,80,83,85,86,89,91,92,96,97,98,100,104,105,106,108,109,110,111,112,113,114,117,118,120,121,122,123,125,126,127,128,129,132,133,136,137,138,139,140,142,143,144,145,146,147,148,149,150,152,153,154,155,156,157,158,159,160,161,162,163,164,165
0225_00520	53,54,57,72,82,89,90,91,98,109,120,123,126,127,131,132,137,138,139,140,143,145,146,150,152,153,155,157,159,163,164,165
0225_00541	53,54,57,72,82,89,90,91,98,104,109,123,126,127,131,132,137,138,139,140,143,146,150,152,153,155,157,159,163,164,165
0225_00546	14,54,67,79,82,84,88,90,91,92,95,100,104,110,111,117,123,124,128,129,131,132,136,138,139,140,142,146,147,151,153,154,155,156,157,158,159,161,164
0225_00549	25,43,54,74,77,78,79,84,90,91,92,95,100,104,106,110,111,115,117,118,119,123,131,136,139,142,146,147,149,151,153,154,155,156,157,158,159,160,161,164
0225_00552	36,47,62,77,78,79,81,83,85,86,88,96,100,101,105,106,111,119,120,121,122,128,129,137,138,142,147,148,153,156,158,161,162,163,165
0225_00555	17,26,50,66,76,90,91,96,99,104,105,108,112,114,116,118,127,128,129,132,139,143,145,147,150,152,154,155,157,159,160,163,164,165
0225_00557	37,43,54,77,82,84,90,91,95,100,104,106,110,111,117,118,123,129,131,136,139,142,146,147,151,153,154,155,156,157,158,159,161,164
0225_00561	23,42,57,62,75,80,82,83,85,86,87,90,92,95,96,98,100,106,107,109,110,111,116,117,118,120,121,122,123,127,129,132,133,134,135,136,137,138,140,142,143,144,145,146,147,148,150,151,152,153,154,155,156,157,158,159,160,161,162,163,164,165
0225_00562	30,49,74,85,86,89,93,95,99,100,108,112,114,115,116,118,122,123,126,128,129,132,136,140,141,146,147,148,149,152,153,154,155,157,158,159,160,161,164
0225_00574	15,26,28,50,66,72,76,91,96,99,103,104,105,106,108,109,112,114,115,116,118,123,126,127,128,129,132,134,136,138,139,140,141,143,145,146,147,149,150,152,153,154,155,157,159,160,163,164,165
0225_00578	54,79,82,84,90,91,92,95,100,104,110,111,117,118,123,128,129,131,132,136,138,139,142,146,147,151,153,154,155,156,157,158,159,161,164
0225_00580	54,74,79,82,84,90,91,92,95,100,104,110,111,117,118,123,129,131,136,139,142,146,147,149,151,153,154,155,156,157,158,159,160,161,164
0225_00583	53,54,57,72,82,89,90,91,98,109,120,123,126,127,131,132,137,138,139,140,143,145,146,150,152,153,155,157,159,163,164,165
0225_00585	8,11,19,36,47,66,74,75,77,78,79,81,83,85,86,88,92,95,96,97,100,105,110,111,112,117,118,119,120,121,122,123,127,128,129,133,136,137,138,139,142,143,146,147,148,149,150,153,154,156,157,158,159,160,161,164,165
0225_00587	26,50,66,72,76,96,99,105,108,112,115,116,118,123,126,127,128,129,132,136,140,141,143,145,146,147,149,150,152,154,157,159,160,163,164,165
0225_00608	26,50,66,76,90,91,96,99,104,105,108,112,115,116,118,127,128,129,132,139,141,143,145,147,149,150,152,154,157,159,160,163,164,165
0225_00612	26,50,57,76,89,91,98,99,104,105,108,114,115,116,118,123,126,127,128,129,132,136,137,139,140,141,143,145,146,147,149,150,152,154,155,157,159,160,163,164,165
0225_00614	17,26,50,62,66,74,76,85,86,90,91,93,96,99,104,105,108,112,115,116,118,122,127,128,129,132,133,135,139,141,143,145,147,148,149,150,152,154,156,157,158,159,160,161,162,163,164,165
0225_00632	25,43,54,77,78,84,90,91,92,95,100,104,106,108,110,111,117,118,119,123,131,136,139,142,146,147,151,153,154,155,156,157,158,159,160,161,164
0225_00633	54,82,84,90,91,92,95,100,104,108,110,111,117,118,123,129,131,136,139,142,146,147,151,153,154,155,156,157,158,159,160,161,164
0225_00634	54,82,84,90,91,93,95,100,104,108,111,116,118,123,129,131,139,142,147,151,153,154,155,156,157,158,159,160,161,164
0225_00646	37,38,53,54,57,62,65,72,75,77,80,82,83,85,89,90,91,92,95,96,97,98,106,109,110,113,117,120,121,122,127,131,132,133,135,136,137,139,140,142,143,144,146,148,150,151,152,153,154,155,156,157,158,159,160,161,162,163,164,165
0225_00649	53,54,65,77,79,80,82,83,90,92,95,96,97,100,104,108,110,111,116,117,120,121,123,128,131,132,136,137,139,140,142,146,147,151,153,154,155,156,157,158,159,160,161,162,164,165
0225_00651	54,84,90,91,92,95,104,108,110,111,117,123,131,132,136,139,140,142,146,147,151,154,155,156,157,158,159,160,161,164
0225_00660	11,57,66,72,75,83,85,86,89,90,91,95,96,98,100,101,104,105,111,112,113,118,120,121,122,127,128,129,131,132,137,138,139,140,143,144,145,146,147,148,152,153,155,156,157,158,159,161,162,163,164,165
0225_00661	54,82,84,90,91,92,95,100,104,108,110,111,117,118,123,131,136,139,142,146,147,151,153,154,155,156,157,158,159,160,161,164
0225_00663	22,57,65,66,72,75,83,85,86,89,90,91,95,96,98,100,101,104,105,111,112,113,120,121,122,125,127,128,129,131,132,137,138,139,142,143,144,145,146,147,148,151,152,153,155,156,157,158,159,161,162,163,164,165
0225_00664	26,50,66,76,90,91,96,99,104,105,108,112,115,116,118,127,128,129,132,139,143,145,147,150,152,154,157,159,160,163,164,165
0225_00667	54,74,90,91,92,95,104,108,110,111,116,117,118,123,129,131,136,139,145,146,147,149,151,154,155,156,157,158,159,160,161,162,163,164,165
0225_00670	54,82,92,95,99,100,104,110,117,123,131,132,136,139,146,151,153,154,155,156,157,158,159,161,162,163,164,165
0225_00674	54,59,64,66,74,75,79,80,81,85,86,88,90,91,92,95,98,100,104,105,110,111,112,113,117,118,121,122,125,127,128,129,131,132,136,137,138,139,140,141,142,143,144,145,146,147,148,149,150,151,152,153,154,155,156,157,158,159,160,161,162,163,164,165
0225_00683	49,53,54,57,62,65,72,75,80,82,83,84,85,89,90,91,92,95,96,97,98,109,110,117,120,121,122,127,131,132,133,137,139,140,142,143,146,148,150,151,152,153,154,155,156,157,158,159,161,162,163,164,165
0225_00704	53,54,65,77,79,80,83,90,93,95,96,104,111,116,120,121,123,131,137,139,142,151,154,155,156,157,158,159,160,161,162,164,165
0225_00709	54,90,93,95,104,111,116,123,131,139,151,154,155,156,157,158,159,160,161,162,163,164,165
0225_00720	54,84,90,91,95,97,104,108,109,111,116,123,126,131,132,136,139,140,146,147,151,153,154,155,156,157,158,159,160,161,164
0225_00728	19,50,57,74,76,85,86,93,99,100,104,105,109,111,113,115,116,122,123,125,132,137,138,139,144,145,146,147,148,149,152,153,154,155,157,158,159,160,161,162,163,164,165
0225_00743	24,65,71,75,77,78,79,83,85,87,94,96,97,100,102,103,107,109,111,119,120,121,122,124,125,126,128,134,137,138,142,144,145,148,150,153,155,156,157,158,161,162,163,164,165
0225_00744	57,66,72,75,83,85,86,89,90,91,93,95,96,98,100,101,104,105,108,111,112,113,115,116,118,120,121,122,126,127,128,129,132,137,139,140,143,144,145,146,147,148,149,152,153,154,156,157,158,159,160,161,162,163,164,165
0225_00745	57,66,72,75,83,85,86,89,90,91,93,95,96,98,100,101,104,105,108,111,112,113,115,116,118,120,121,122,127,128,129,131,132,137,139,140,143,144,145,146,147,148,152,153,154,156,157,158,159,160,161,162,163,164,165
0225_00747	65,75,77,79,83,85,96,99,100,120,121,122,123,137,139,142,148,153,154,155,157,158,159,161,162,163,164,165
0225_00759	22,42,57,62,65,66,84,85,87,89,95,97,98,104,105,107,109,111,112,113,115,120,121,122,123,125,127,131,133,134,136,137,139,140,142,143,144,145,146,148,150,151,152,153,154,156,157,158,159,160,161,162,163,164,165
0225_00767	65,75,83,85,86,88,90,91,93,96,98,100,105,108,111,114,115,120,121,122,128,129,137,138,142,145,147,148,149,151,153,155,156,158,160,161,162,163,165
0225_00768	32,33,36,38,62,65,67,75,77,79,81,83,85,86,88,89,92,94,96,98,100,105,110,111,117,118,120,121,122,124,127,128,129,133,135,136,137,138,142,143,145,147,148,150,153,154,155,156,158,159,161,162,163,164,165
0225_00769	49,53,54,57,62,72,82,89,90,91,93,98,105,109,113,120,123,125,126,127,131,132,137,139,140,143,144,145,146,150,152,153,155,157,159,160,162,163,164,165
0225_00805	26,50,53,76,89,90,91,99,104,105,108,114,115,116,123,126,127,128,129,131,132,136,139,140,141,143,145,146,147,149,150,152,154,155,157,159,160,163,164,165
0225_00810	26,50,66,76,96,99,105,108,112,115,116,118,127,128,129,132,136,141,143,145,147,149,150,152,154,159,160,163,164,165
0225_00811	54,79,82,83,84,90,91,92,95,96,100,104,110,111,117,118,121,123,131,132,136,137,139,140,142,146,147,151,153,154,155,156,157,158,159,161,164,165
0225_00834	53,75,79,82,83,85,86,87,89,90,91,92,93,96,97,100,103,107,108,110,111,113,114,116,117,118,121,122,126,127,128,129,131,134,137,138,139,142,143,144,146,147,148,149,150,151,152,153,154,155,156,157,158,159,160,161,162,163,164,165
0225_00837	75,79,83,85,90,91,92,95,96,101,104,105,108,109,110,111,114,117,118,121,122,123,126,128,129,131,136,137,139,140,142,146,147,148,149,150,151,153,154,155,156,157,158,159,160,161,162,163,164,165
0225_00841	62,74,75,80,85,86,89,92,98,100,104,109,110,111,113,114,115,117,118,121,122,123,125,126,127,128,129,131,132,133,135,136,137,138,139,140,141,142,143,144,145,146,147,148,149,150,151,152,153,154,155,156,157,158,159,160,161,162,163,164,165
0225_00842	53,89,99,113,125,127,131,139,143,145,146,152,157,159,162,163,164,165
0225_00845	38,50,53,54,57,72,74,75,76,77,78,79,80,83,85,86,89,92,93,95,96,97,98,99,100,105,108,110,111,112,113,115,117,118,119,120,121,122,123,125,126,127,129,131,135,136,137,138,139,140,141,142,143,144,145,146,147,148,149,150,151,152,153,154,155,156,157,158,159,160,161,162,163,164,165
0225_00846	50,52,53,54,57,62,72,75,76,78,79,80,83,85,86,89,92,93,94,95,96,97,98,99,100,105,110,111,112,113,117,118,119,120,121,122,123,124,125,126,127,128,129,131,133,135,136,137,138,139,140,141,142,143,144,145,146,147,148,149,150,151,152,153,154,156,157,158,159,160,161,162,163,164,165
0225_00849	65,75,79,80,83,85,86,91,96,98,100,104,105,108,111,115,118,120,121,122,125,128,129,137,138,142,145,147,148,149,151,153,155,156,158,160,161,162,163,165
0225_00851	23,36,37,47,53,54,65,74,77,79,81,83,85,86,88,90,91,92,93,95,96,97,100,104,106,109,110,111,115,117,120,121,122,123,125,126,129,131,132,136,137,138,139,140,141,142,145,146,148,149,151,152,153,154,155,156,157,158,159,160,161,162,163,164,165
0225_00860	53,54,57,62,72,89,90,91,98,105,109,113,120,123,125,126,127,131,132,137,139,140,143,144,145,146,150,152,153,154,155,157,159,160,162,163,164,165
0225_00861	38,54,57,62,65,72,75,77,79,80,83,84,85,86,88,89,90,91,92,95,96,97,98,104,105,110,111,117,120,121,122,123,127,129,131,132,133,135,137,138,139,140,142,143,146,147,148,150,151,152,153,154,155,156,157,158,159,161,162,163,164,165
0225_00863	53,54,57,72,82,89,90,91,98,109,113,123,126,127,131,132,137,138,139,140,143,144,145,146,150,152,153,155,157,159,162,163,164,165
0225_00865	53,54,65,66,74,75,79,80,84,85,86,90,91,92,95,97,98,100,104,105,110,111,112,117,118,120,121,122,125,128,129,131,132,136,137,138,139,140,141,142,145,146,147,148,149,150,151,152,153,154,155,156,157,158,159,160,161,162,163,164,165
0225_00870	25,43,54,77,78,82,84,90,91,93,95,100,104,106,108,111,118,119,123,131,139,142,147,149,151,153,154,155,156,157,158,159,160,161,164
0225_00875	62,87,90,93,103,104,105,107,108,111,116,125,133,134,144,145,147,150,151,156,158,160,161,162,163,165
0225_00884	30,49,74,75,83,85,86,93,95,96,100,108,111,112,115,116,118,121,122,123,137,147,148,149,150,153,154,156,157,158,159,160,161,164,165
0225_00885	52,65,66,69,80,83,90,91,94,96,104,105,108,111,112,115,116,118,120,121,124,127,128,129,131,132,137,139,141,142,143,144,145,147,149,150,151,152,156,157,160,161,162,163,164,165
0225_00905	25,43,52,65,69,77,78,79,80,83,84,90,91,93,94,96,100,105,106,108,111,113,114,115,116,118,119,121,124,126,127,129,131,137,142,143,147,149,151,152,153,155,156,157,158,160,161,162,163,164,165
0225_00912	26,50,66,76,90,91,96,99,104,105,108,112,115,116,118,127,128,129,132,139,143,145,147,149,150,152,154,157,159,160,163,164,165
0225_00917	53,54,79,84,89,92,95,97,110,117,123,131,136,139,140,142,146,149,151,152,154,156,157,158,159,160,161,164
0225_00923	36,50,75,76,81,83,85,86,88,90,91,96,97,98,99,100,111,118,120,121,122,123,128,129,137,138,139,144,147,148,149,150,153,154,155,157,158,159,160,161,162,163,164,165
0225_00930	33,39,40,48,55,57,58,60,61,67,69,72,73,74,83,84,88,89,90,94,96,98,102,105,106,108,109,112,117,120,123,124,126,129,130,132,136,137,138,140,141,146,148,149,151,152,153,155,156,157,159,160,161,163,164,165
0225_00934	50,74,76,85,86,93,95,99,100,103,109,111,113,115,116,118,122,125,126,127,132,134,138,143,145,147,148,149,152,153,155,157,158,160,161,162,163,164,165
0225_00938	62,65,72,75,80,83,85,92,93,95,96,97,98,104,108,110,111,116,117,120,121,122,127,132,137,139,142,143,148,150,152,154,156,157,158,159,160,161,162,163,164,165
0225_00939	53,54,57,72,82,89,90,91,98,99,109,113,123,125,126,127,131,132,137,139,140,143,145,146,150,152,153,155,157,159,162,163,164,165
0225_00941	29,43,48,53,54,57,69,72,82,89,90,91,98,102,106,109,112,120,123,124,126,127,130,131,132,137,138,139,140,143,145,146,148,150,152,153,155,157,159,163,164,165
0225_00942	53,54,57,66,72,82,89,90,91,98,99,109,112,113,123,125,126,127,131,132,136,137,138,139,140,143,144,145,146,147,150,152,153,154,155,157,159,162,163,164,165
0225_00950	16,19,22,26,50,57,66,72,74,76,83,89,91,96,99,101,105,108,109,112,115,116,120,123,127,128,129,132,137,139,140,141,143,145,146,147,149,150,152,153,154,157,159,160,163,164,165
0225_00951	19,65,75,83,85,93,96,97,98,105,108,111,116,120,121,122,123,126,127,128,129,132,137,142,143,145,147,148,151,152,154,156,157,158,159,160,161,162,163,164,165
0225_00961	19,62,75,85,86,87,93,100,103,105,107,111,113,115,116,121,122,125,127,128,129,134,137,138,139,143,144,145,147,148,150,152,153,157,158,160,161,162,163,164,165
0225_00964	37,43,54,77,84,90,91,95,104,106,110,111,117,123,131,132,136,139,140,142,146,147,151,154,155,156,157,158,159,161,164
0225_00968	29,37,48,53,54,57,62,65,69,72,75,77,80,82,83,85,89,90,91,92,95,96,97,98,102,106,109,110,112,113,117,120,121,122,123,124,126,127,130,131,132,133,136,137,138,139,140,142,143,144,145,146,148,150,151,152,153,154,155,156,157,158,159,160,161,162,163,164,165
0225_00970	25,28,38,43,65,72,74,75,77,79,80,83,84,85,86,91,92,95,96,97,98,100,105,106,109,110,113,117,120,121,122,123,126,127,129,131,132,133,135,136,137,138,140,142,143,146,147,148,149,151,153,154,155,156,157,158,159,160,161,162,163,164,165
0225_00980	62,65,66,72,75,80,83,85,86,89,90,91,93,95,96,97,98,99,100,104,105,108,110,111,112,113,114,116,117,118,120,121,122,123,125,126,127,128,129,131,132,135,136,137,138,139,140,141,142,143,144,145,146,147,148,149,150,151,152,153,154,155,156,157,158,159,160,161,162,163,164,165
0225_00981	53,54,62,65,66,72,75,80,83,84,85,86,89,90,91,92,93,95,96,97,98,99,100,104,105,108,110,111,112,113,114,116,117,118,120,121,122,123,125,126,127,128,129,131,132,135,136,137,138,139,140,141,142,143,144,145,146,147,148,149,150,151,152,153,154,155,156,157,158,159,160,161,162,163,164,165
0225_00982	50,62,65,66,72,75,76,80,83,85,86,89,90,91,93,95,96,97,98,99,100,101,105,108,111,112,113,114,116,120,121,122,123,125,126,127,128,129,131,135,136,137,138,139,140,141,142,143,144,145,146,147,148,149,150,151,152,153,154,155,156,157,158,159,160,161,162,163,164,165
0225_00985	53,54,57,62,72,82,89,90,91,98,105,109,113,120,125,127,131,132,137,139,140,143,144,145,146,150,152,153,154,155,157,159,162,163,164,165
0225_00990	37,38,43,53,54,57,62,65,72,75,77,79,80,82,83,85,89,90,91,92,95,96,97,98,105,106,109,110,113,117,120,121,122,127,131,132,133,136,137,139,140,142,143,146,148,150,151,152,153,154,155,156,157,158,159,161,162,163,164,165
0225_00998	23,57,65,74,83,85,86,90,91,93,95,96,100,104,105,106,109,110,111,115,116,117,120,121,122,123,127,131,137,138,142,143,147,148,149,151,153,154,155,156,157,158,159,160,161,162,163,164,165
