id	bits.on
0177_00001	20,26,48,57,62,77,124,140,153,163,167,171,207,221,283,292,306,308,324,347,358,370,430,442,447,463,481,492,497,508,530,542,544,556,565,622,625,626,640,647,648,662,663,692,698,727,748,755,763,778,781,784,826,857,913,918,948,954,994,1019
0177_00002	15,20,63,68,94,96,116,134,138,139,155,298,401,420,456,487,508,520,550,577,606,616,626,676,725,727,739,915,928,929,931,935,957,966,968,1002
0177_00003	1,15,30,32,43,56,65,74,89,134,184,233,260,325,353,360,369,400,409,419,428,515,518,542,617,626,640,642,662,738,777,908,948,968,1021,1022
0177_00004	4,35,50,63,67,89,94,127,132,134,137,139,153,163,175,199,207,244,311,316,319,326,327,330,369,374,405,422,461,524,576,626,631,638,675,680,686,719,720,772,783,791,797,801,814,877,919,924,936,948,963,968,974,982
0177_00005	15,42,54,57,89,122,134,139,153,161,228,245,266,347,405,446,452,460,461,465,481,508,523,524,555,560,584,588,596,615,626,632,657,692,693,716,743,763,765,776,784,791,833,836,850,887,920,928,930,936,952,954,964,968,974,1019
0177_00006	20,75,96,134,138,153,223,283,353,387,423,487,497,508,519,530,533,550,575,626,640,663,675,696,719,727,786,828,919,935,945,968
0177_00007	20,24,38,52,68,72,87,94,107,118,134,141,147,153,158,182,190,207,215,256,260,270,307,319,347,389,481,508,515,550,579,605,616,620,626,635,640,676,680,727,733,744,812,871,945,947,968,989,1003
0177_00008	20,94,100,144,153,193,258,298,373,480,504,508,626,727,767,837,948,977
0177_00009	20,52,72,91,94,107,118,134,138,141,153,182,207,226,270,281,304,353,417,453,474,481,508,515,550,626,635,640,657,697,710,727,753,766,773,808,819,937,968,971,989
0177_00010	6,20,80,94,101,102,106,134,153,220,234,264,326,328,387,393,405,420,456,508,552,580,605,626,640,646,674,685,708,719,727,737,845,948,968
0177_00011	6,14,19,44,56,65,89,124,134,139,153,163,172,192,244,281,306,319,369,374,405,415,422,436,461,464,481,486,524,525,558,566,580,625,626,629,638,678,680,690,719,728,755,783,791,881,887,915,919,936,948,959,960,968,974,975,1015,1017
0177_00012	20,94,153,185,391,480,497,508,530,556,626,727,752,778,803,976
0177_00013	62,134,317,344,370,405,422,479,481,486,511,580,662,678,690,691,729,750,787,806,828,887,905,944,960,968,989,1006
0177_00014	20,94,153,391,480,497,508,530,556,626,662,727,752,778,803,918,976
0177_00015	20,28,44,58,65,90,94,108,120,125,126,129,134,153,154,191,207,220,223,245,248,251,266,278,306,332,355,356,367,418,446,457,480,494,506,508,530,554,567,579,582,592,626,662,689,697,727,752,756,783,786,802,807,840,841,850,886,917,923,942,946,948,971,972,1010
0177_00016	15,20,79,89,94,121,134,153,172,245,264,301,374,381,422,479,480,493,497,508,528,530,547,553,562,626,647,660,662,709,727,743,752,773,778,789,803,887,913,952,972,976,981,1003,1008,1023
0177_00017	20,77,88,94,107,117,122,134,153,195,207,281,285,310,338,366,387,389,395,405,479,481,508,516,530,551,602,626,662,668,673,727,739,757,787,866,913,938,965,968,989,999
0177_00018	20,94,144,153,154,240,298,305,357,373,480,508,626,727,744,767,948,977,987
0177_00019	8,20,89,94,134,153,245,260,264,350,374,386,391,460,473,480,484,488,497,508,530,547,553,556,613,626,662,704,727,728,752,778,803,860,948,976,981,1008
0177_00020	20,138,153,207,326,353,387,390,438,449,468,483,508,538,576,626,677,697,704,726,727,794,874,936,992
0177_00021	35,86,141,146,153,207,236,278,292,347,354,390,425,481,508,529,538,559,609,626,652,660,684,704,713,726,812,837,850,917,952,992,1019
0177_00022	20,94,144,145,153,198,207,270,313,326,353,360,390,434,480,493,503,508,516,529,530,535,541,554,626,669,681,727,752,766,857,886,917,948,977
0177_00023	4,20,94,95,134,141,148,177,188,201,226,268,304,347,353,362,469,508,510,515,549,550,551,626,640,666,705,712,727,735,778,825,850,858,931,948,968,990,999
0177_00024	10,11,14,20,26,38,64,88,93,94,107,113,134,136,141,152,153,159,199,203,207,231,245,247,261,274,289,297,306,310,321,349,357,374,383,393,405,410,426,461,475,480,481,506,508,511,512,516,518,530,550,580,582,593,602,606,613,615,625,626,635,662,673,676,727,739,752,789,821,860,866,879,887,889,893,897,943,960,968,1017
0177_00025	20,76,94,107,141,153,207,306,326,390,406,481,508,538,544,576,626,697,704,726,727,796,865,874,959,992
0177_00026	64,67,89,120,129,132,134,139,153,163,168,199,207,244,245,309,311,319,326,327,330,337,369,374,405,422,461,481,486,506,508,524,532,582,615,626,631,638,662,669,680,719,720,783,791,792,797,860,868,876,887,889,919,936,968,974
0177_00027	134,154,245,308,317,405,422,479,508,509,512,517,582,662,743,755,787,834,866,948,968,984,1013
0177_00028	67,77,89,132,134,137,139,153,163,168,199,207,244,245,311,317,319,326,327,330,369,374,405,422,436,461,479,486,508,524,544,582,614,626,631,638,662,680,699,704,719,720,783,787,791,797,831,836,866,919,936,963,968,974
0177_00029	20,92,94,107,118,141,146,153,207,236,481,508,545,609,626,635,723,727,758,964,1006
0177_00030	14,20,27,60,134,153,188,231,317,370,405,415,422,443,463,479,486,510,511,516,542,580,640,662,663,691,698,705,750,757,762,764,787,820,828,850,905,935,948,960,968,971,989,1001,1006
0177_00031	20,94,107,153,167,207,231,247,261,349,383,480,508,512,516,530,536,602,613,626,673,727,739,752,762,797,948,960
0177_00032	20,64,94,96,107,134,153,167,207,272,310,333,347,372,375,383,389,407,479,487,503,508,516,550,602,603,626,654,662,673,714,727,739,762,778,786,797,812,893,896,948,960,968,989,1018
0177_00033	20,94,107,134,153,167,207,341,480,508,511,516,522,602,626,673,727,739,742,762,797,902,948,960
0177_00034	20,39,47,49,94,107,153,167,207,508,516,527,602,623,626,655,673,727,739,762,797,802,842,948,960,987
0177_00035	20,62,94,96,107,134,145,153,167,207,210,230,251,270,310,407,421,487,508,516,550,558,588,602,626,673,727,739,762,781,797,842,948,960,968,989
0177_00036	20,29,50,104,134,153,155,257,270,272,354,360,372,383,425,479,508,515,516,522,541,550,595,615,626,633,640,654,662,676,727,762,778,786,797,812,813,833,843,849,893,896,940,947,948,960,968,974
0177_00037	20,77,94,107,153,167,180,207,225,231,424,436,458,481,504,508,512,516,602,613,626,637,673,727,739,762,778,797,897,913,948,960
0177_00038	38,48,64,88,103,134,245,274,289,394,405,424,449,481,506,508,511,580,582,585,605,609,615,617,640,662,726,821,860,866,887,889,937,943,968
0177_00039	85,134,268,317,366,385,393,405,408,422,479,486,511,580,581,662,691,741,772,787,796,797,905,968,994
0177_00040	15,20,26,88,89,94,171,213,279,318,490,508,570,599,600,626,675,719,727,819,822,836,855,936
0177_00041	45,77,92,139,146,153,236,413,481,508,609,626,913
0177_00042	97,98,110,134,206,218,223,245,289,343,486,506,508,524,582,583,657,658,662,727,946,960,981,984
0177_00043	98,134,188,206,223,240,245,249,317,405,422,479,506,508,517,532,580,582,654,662,727,778,787,884,950,968,981,984,1012
0177_00044	15,20,36,48,94,134,170,225,245,272,283,317,353,387,420,442,456,484,487,506,508,513,550,591,626,634,640,654,662,672,727,731,781,806,828,866,893,899,901,968,972
