id	bits.on
0180_00001	57,77,153,207,240,389,481,508,626,692,757,913,936,954
0180_00002	20,88,94,153,326,391,411,480,497,508,530,556,626,662,666,727,752,778,803,918,942,976
0180_00003	15,20,63,68,94,96,116,134,138,139,155,298,401,420,456,487,508,520,550,577,606,616,626,676,725,727,739,915,928,929,931,935,957,966,968,1002
0180_00004	4,35,50,63,67,85,89,94,127,132,134,137,139,145,153,159,175,197,209,212,304,311,316,319,326,351,352,387,390,401,405,422,442,461,524,576,626,631,675,686,710,719,743,772,783,801,804,814,924,936,948,968,974,982
0180_00005	20,71,77,94,107,118,141,153,207,360,481,508,626,635,727,849
0180_00006	20,68,94,134,138,139,211,264,283,298,327,353,456,487,508,517,534,550,561,626,640,727,781,928,929,932,968,1002
0180_00007	20,29,37,68,134,206,298,330,353,458,508,515,550,618,626,640,676,707,713,727,762,806,947,948,955,968
0180_00008	5,38,91,130,134,178,223,245,289,293,342,352,371,405,424,453,470,506,508,551,578,580,582,585,640,662,727,747,937,945,968,981
0180_00009	2,17,20,29,68,94,134,138,174,312,352,384,456,485,508,515,550,626,635,640,676,727,770,928,929,947,968
0180_00010	10,37,134,169,245,437,452,485,506,508,538,552,619,626,640,662,693,736,766,820,968,1018
0180_00011	20,61,85,89,117,153,170,195,222,263,280,311,326,330,351,389,442,461,474,481,492,508,516,626,643,687,719,727,729,743,762,790,936,948,960,974,1014
0180_00012	20,94,126,144,172,214,305,481,508,626,727,948,977
0180_00013	75,96,134,265,283,315,353,372,481,487,519,550,626,640,675,699,887,968
0180_00014	47,59,140,153,207,256,278,325,326,390,495,508,538,576,626,697,704,753,850,874,885,892,1021
0180_00016	20,27,138,153,207,254,387,390,438,508,531,626,662,727,799,948,994
0180_00017	20,75,78,94,96,134,153,283,334,335,353,427,480,487,508,522,533,550,626,640,675,696,719,727,758,848,945,968
0180_00019	20,57,94,107,108,146,153,207,326,347,435,508,571,576,588,626,692,727,747,845,899,954,961
0180_00020	20,62,72,153,283,417,466,497,508,530,556,650,662,675,727,755,762,778,781,826,918,948,994
0180_00021	20,94,96,134,138,153,174,205,256,354,457,470,480,487,497,508,528,530,550,617,625,626,696,719,727,752,786,827,828,929,945,968
0180_00023	20,29,94,100,107,134,154,207,224,226,251,350,353,369,381,390,476,487,508,515,523,550,626,627,640,647,727,866,923,968
0180_00026	127,134,153,154,207,221,224,226,305,326,350,353,369,381,390,476,515,550,576,626,640,647,787,807,828,836,968,991
0180_00027	19,20,24,38,87,94,107,134,141,147,153,158,190,207,215,256,260,270,307,319,347,389,481,482,508,515,528,550,579,605,616,620,626,640,676,727,733,744,776,789,812,871,904,945,947,968,989,1003
0180_00028	19,20,24,64,87,94,107,113,134,141,153,158,207,215,270,328,414,481,482,508,515,528,533,626,640,727,733,776,789,820,904,968,989,1003
0180_00029	20,51,94,134,138,169,174,213,265,312,401,453,454,456,481,508,514,515,550,590,626,635,637,692,727,887,897,929,968
0180_00030	20,61,94,95,134,138,166,169,295,323,456,458,472,481,508,515,626,716,727,879,887,897,898,929,968,984,985
0180_00031	15,20,39,89,94,134,164,176,240,242,245,303,338,378,401,456,508,513,540,626,656,727,799,920,936,953,968,1009
0180_00032	20,68,94,134,138,174,197,205,211,252,262,304,325,425,456,481,487,508,550,556,626,727,781,887,928,929,937,968,1015
0180_00033	20,94,134,138,169,170,377,454,456,487,508,515,550,589,619,626,727,736,781,879,897,898,928,929,968
0180_00034	20,94,100,144,153,193,258,298,373,480,504,508,626,727,767,837,948,977
0180_00035	20,29,94,134,153,203,268,270,334,432,455,480,487,508,515,522,550,586,588,626,640,674,676,727,781,792,822,857,968
0180_00036	4,20,57,94,100,107,114,134,201,207,226,251,347,350,353,390,486,487,508,515,523,549,550,619,626,627,640,647,666,705,727,778,814,858,866,948,968
0180_00037	4,20,52,72,91,94,107,118,134,141,153,175,182,201,207,226,270,281,347,353,408,481,508,515,549,550,623,626,635,640,666,705,706,727,753,778,808,858,948,968,989,1008
0180_00038	20,41,138,153,180,207,254,299,327,387,508,541,556,658,727,748,802,948,994
0180_00039	19,20,91,94,107,134,138,141,153,207,226,270,281,304,353,412,417,453,474,481,482,508,515,528,550,626,640,657,697,710,727,766,776,789,808,819,937,968,971,977,989
0180_00040	20,53,57,94,98,107,114,153,175,196,207,266,292,347,390,508,531,588,626,682,692,727,757,763,954
0180_00041	14,20,94,107,141,153,207,451,468,481,508,626,700,727,747,776,789,842,988
0180_00042	20,94,138,153,192,247,259,345,387,480,508,530,563,580,626,659,698,727,752,762,778,914,915,940,948,976,1020
0180_00043	20,72,94,134,141,177,188,261,304,469,508,510,550,551,620,626,640,676,712,720,727,733,741,763,825,850,947,968
0180_00044	20,94,153,259,261,341,480,481,488,508,530,563,626,659,698,704,727,752,756,778,833,914,915,976,1020
0180_00045	36,72,134,278,349,508,550,620,626,640,662,676,712,733,825,850,897,947,964,968
0180_00046	20,94,129,134,138,169,456,487,508,550,574,613,626,635,727,735,823,879,897,929,947,968
0180_00047	20,80,94,107,134,141,207,270,342,350,458,459,481,484,508,550,562,620,626,627,640,647,676,727,733,947,968
0180_00048	20,29,88,94,117,134,153,195,245,334,387,395,405,479,480,508,522,626,662,727,787,938,968
0180_00049	134,205,220,226,353,369,381,406,476,515,542,550,626,640,654,686,802,811,948,968
0180_00050	6,20,80,94,101,102,106,134,153,220,234,264,326,328,387,393,405,420,456,508,552,580,605,626,640,646,674,685,708,719,727,737,845,948,968
0180_00051	20,68,94,96,98,134,155,183,242,258,295,360,386,405,439,452,456,477,487,494,508,550,568,580,585,616,626,684,725,727,776,928,936,968,970,1012
0180_00052	20,21,77,94,118,130,153,343,353,446,480,481,508,530,626,649,727,752,982
0180_00053	19,56,65,89,126,134,139,155,159,172,212,260,319,367,382,401,405,422,436,461,481,486,524,525,558,566,580,625,626,629,647,653,678,690,719,728,755,783,878,887,936,948,960,968,974,975,989,990,998
0180_00054	20,29,50,94,134,153,248,334,354,372,383,479,480,508,515,522,541,550,621,626,640,654,662,676,684,692,727,762,778,797,812,833,849,887,893,896,947,953,968,974
0180_00055	20,77,94,107,141,153,166,207,217,221,231,301,334,390,481,508,626,727,776,779,789,849,861,969,1020
0180_00056	20,29,50,52,64,94,107,118,134,141,153,207,322,354,372,383,479,481,506,508,515,522,541,550,626,635,640,654,662,676,727,762,778,797,812,833,849,893,896,921,947,951,968,974,989
0180_00057	20,94,153,185,391,480,497,508,530,556,626,727,752,778,803,976
0180_00058	6,20,94,108,134,146,194,245,289,420,436,443,452,456,479,498,508,523,626,662,727,731,766,799,896,968
0180_00059	11,20,37,55,57,65,87,94,107,153,207,266,274,292,347,390,508,533,538,588,626,646,692,701,727,757,758,763,941,954,978,1015
0180_00060	62,134,317,344,370,405,422,479,481,486,511,580,662,678,690,691,729,750,787,806,828,887,905,944,960,968,989,1006
0180_00061	62,134,317,344,370,405,422,479,481,486,511,580,662,678,690,691,729,750,787,806,828,887,905,944,960,968,989,1006
0180_00062	19,56,65,85,89,134,139,153,155,159,172,197,212,311,319,326,351,387,390,401,405,422,436,442,461,481,486,524,525,558,566,580,625,626,629,653,678,690,710,719,728,743,755,783,887,935,936,960,968,974,975,990
0180_00063	19,56,65,85,89,100,134,139,146,153,172,209,212,252,269,292,299,311,319,326,379,387,402,405,422,436,442,459,461,481,486,499,508,524,525,539,558,566,580,625,626,629,653,678,690,728,753,755,783,816,868,875,887,920,960,968,974,975,990,1009
0180_00064	19,24,56,57,65,89,109,134,139,153,155,167,172,173,212,266,287,319,347,369,387,401,405,415,422,436,442,461,467,481,486,499,508,524,525,555,558,566,580,588,595,599,625,626,629,653,660,678,690,692,719,728,743,749,755,761,763,783,887,925,936,954,960,968,974,975,980,990
0180_00065	19,56,57,65,79,89,121,134,139,153,155,159,172,173,177,197,212,257,269,300,319,347,351,364,387,401,405,422,436,442,461,481,486,492,508,524,525,555,558,566,580,588,625,626,629,653,678,690,692,719,728,755,763,783,860,874,887,935,936,954,960,968,974,975,980,990,997
0180_00066	19,22,36,44,54,56,57,65,89,124,134,139,148,153,163,165,172,192,256,269,300,302,319,347,364,369,374,405,412,422,436,461,464,475,481,486,492,495,508,524,525,555,558,566,580,600,603,625,626,629,638,647,678,680,690,692,719,728,755,763,783,785,791,887,900,919,936,954,959,960,968,974,975
0180_00067	19,56,57,65,76,89,109,134,139,153,155,159,172,173,177,197,212,266,319,347,351,387,401,405,422,436,442,461,481,486,508,524,525,555,558,566,580,588,625,626,629,653,678,690,692,719,728,743,755,763,783,874,887,935,936,954,960,968,974,975,980,990,997
0180_00068	20,138,146,153,387,405,423,497,508,530,575,727,778,880
0180_00069	19,24,47,56,57,60,65,66,85,87,89,134,139,153,155,159,172,173,177,197,212,257,269,300,311,319,326,347,351,364,387,401,402,405,410,422,436,442,461,475,481,486,492,508,523,524,525,527,555,558,562,565,566,580,625,626,629,653,678,689,690,692,719,728,743,755,763,783,826,860,874,887,894,900,915,935,936,954,960,964,968,974,975,980,990,997
0180_00070	20,34,57,76,89,109,134,139,153,159,173,177,197,212,266,319,321,341,342,347,351,384,387,401,405,422,432,442,461,481,508,524,555,578,588,626,652,678,692,719,727,740,743,746,763,783,842,874,887,936,954,968,974,975,980,987,997
0180_00071	20,39,47,55,89,134,151,245,264,276,341,481,492,506,508,516,600,662,677,727,761,767,782,836,874,886,981,986
0180_00072	22,85,89,153,180,187,268,311,326,351,442,461,562,626,647,658,689,719,743,757,864,936,974,986
0180_00073	20,74,94,107,141,146,207,228,338,365,390,481,508,626,727,802,948
0180_00074	85,89,147,153,261,284,311,326,351,442,461,539,562,582,617,626,689,690,719,743,851,936,974,1009
0180_00075	20,94,107,118,130,141,153,207,231,250,396,441,480,481,508,530,626,635,679,727,752,778,787,884,976
0180_00077	5,20,56,77,94,107,134,153,207,221,247,274,281,319,326,338,366,387,395,405,434,468,481,508,516,524,530,576,626,630,655,668,686,727,739,757,829,913,925,947,948,950,968,986,989
0180_00078	102,108,153,207,278,326,353,390,472,508,538,548,576,626,684,697,704,850,859,874,936
0180_00079	102,108,153,207,278,326,353,390,472,508,538,548,576,626,684,697,704,850,859,874,936
0180_00080	15,153,177,207,323,326,390,538,576,626,701,729,916
0180_00081	20,93,94,107,118,141,153,207,231,250,259,261,341,441,481,490,508,626,635,642,657,659,679,698,704,727,756,778,833,915
0180_00082	20,94,107,116,141,153,207,340,341,353,440,481,508,511,626,727,776,779,789
0180_00083	4,20,94,107,116,134,141,153,207,480,481,508,511,626,727,743,776,789
0180_00084	4,20,94,107,116,134,141,153,207,480,481,508,511,626,727,743,776,789
0180_00085	20,94,153,391,480,497,508,530,556,626,662,727,752,778,803,918,976
0180_00086	36,96,134,145,278,349,421,487,491,508,550,579,825,829,850,964,968
0180_00087	20,94,96,134,145,169,298,421,456,487,508,523,550,626,727,897,898,947,968
0180_00088	20,94,96,134,145,169,298,421,456,487,508,523,550,626,727,897,898,947,968
0180_00089	39,57,146,153,171,193,207,321,326,347,508,571,576,588,626,692,952,954
0180_00090	19,20,44,56,57,65,71,72,75,89,123,134,138,139,153,155,159,172,173,177,197,210,212,233,235,257,267,269,276,297,300,319,341,347,351,359,364,387,401,405,406,422,432,436,442,443,445,459,461,481,486,487,492,508,524,525,528,550,555,558,566,580,612,625,626,627,629,653,669,678,690,692,710,719,721,727,728,745,755,763,783,795,810,823,843,846,860,871,874,877,881,887,897,898,899,918,935,936,954,960,965,968,974,975,980,990,997,1005
0180_00091	20,28,39,58,65,66,73,77,82,94,126,129,134,153,154,180,191,207,220,223,236,245,248,266,293,299,332,356,357,367,391,405,418,457,468,480,490,494,495,506,508,525,530,541,567,571,579,582,592,614,615,620,626,627,662,687,689,727,752,756,772,783,786,802,840,841,850,853,885,911,918,941,942,946,947,948,949,963,997
0180_00092	15,20,79,89,94,121,134,153,172,245,264,301,374,381,422,479,480,493,497,508,528,530,547,553,562,626,647,660,662,709,727,743,752,773,778,789,803,887,913,952,972,976,981,1003,1008,1023
0180_00093	20,31,45,62,68,96,134,151,153,159,165,207,211,231,242,254,292,347,436,487,508,544,550,567,589,652,727,778,807,826,855,866,889,948,968,977,994,1006,1008,1017
0180_00094	20,21,94,134,141,148,177,188,226,268,304,353,369,371,381,430,469,476,508,510,515,550,551,598,626,640,712,727,735,825,850,968
0180_00095	5,20,21,22,56,77,88,94,107,117,134,153,195,207,281,338,366,387,395,405,468,479,481,508,516,530,611,626,655,662,668,727,739,757,787,806,829,866,913,950,968,989
0180_00096	22,36,73,89,98,153,168,170,216,227,240,260,311,326,327,330,346,347,369,435,439,458,461,467,495,562,576,608,626,647,651,660,719,727,787,791,804,883,936,959,974,1014
0180_00097	15,20,26,39,60,71,76,85,87,89,94,120,153,163,170,182,207,215,222,223,231,252,261,285,290,316,370,391,398,401,424,437,480,491,499,503,508,530,580,594,602,609,614,626,664,690,697,710,726,727,752,758,759,772,801,802,818,860,909,915,936,948,964,967,972,976
0180_00098	5,15,20,26,35,39,49,60,64,76,85,87,89,94,118,120,152,153,163,170,180,182,207,222,228,231,252,261,281,285,290,316,326,351,368,370,391,401,408,420,424,437,480,499,508,530,552,594,602,609,626,664,690,710,726,727,752,753,758,759,772,802,818,860,936,948,949,964,976,999,1009
0180_00099	15,20,32,33,89,94,194,216,438,508,560,626,645,662,677,727,742,776,818,936,964
0180_00100	26,57,89,134,138,139,153,159,173,177,197,210,211,212,233,245,267,269,274,347,351,364,387,401,405,430,442,452,459,460,461,465,481,492,497,508,520,523,524,540,555,560,596,600,615,626,631,657,681,692,700,710,716,718,719,763,765,807,823,833,846,874,877,887,919,928,932,936,948,952,954,965,968,974,980,994,997
0180_00101	20,94,144,153,154,240,298,305,357,373,480,508,626,727,744,767,948,977,987
0180_00102	20,94,112,144,153,266,298,305,373,434,480,508,626,727,767,778,915,993
0180_00103	20,51,94,107,141,153,174,207,217,231,270,294,341,353,360,481,504,508,516,545,552,626,643,727,771,776,778,789,986
0180_00104	15,20,25,26,36,61,72,82,85,89,129,134,139,141,148,153,222,245,250,255,291,305,311,315,316,326,343,351,357,358,399,408,446,452,499,508,513,566,595,603,626,681,727,755,768,772,801,836,852,855,862,875,888,898,900,926,944,948,968,969,978,1019,1022
0180_00105	15,20,25,26,49,72,85,87,89,97,119,134,141,148,153,211,222,233,245,255,258,280,285,315,326,351,357,371,393,399,413,467,469,499,506,508,513,517,557,560,566,580,603,610,626,704,727,736,755,766,768,772,774,819,821,822,836,866,898,936,948,950,964,968,977,1009,1019,1022
0180_00106	15,20,25,26,36,61,72,85,89,102,129,134,139,141,148,153,205,211,222,233,245,255,305,315,326,350,351,357,358,399,408,413,469,499,508,513,517,523,527,566,603,610,626,640,681,704,727,730,755,766,768,772,774,790,801,819,822,836,852,855,862,898,926,936,948,968,1009,1019,1022
0180_00107	15,20,25,26,36,72,85,89,102,129,134,141,146,148,153,182,205,211,222,233,245,255,305,315,347,350,351,357,358,372,399,408,413,421,469,499,508,513,517,523,527,544,566,603,610,626,681,704,727,730,746,755,762,766,768,772,774,782,790,801,810,819,822,836,852,855,862,886,936,948,968,975,989,1009,1019,1022
0180_00108	15,20,21,25,26,36,61,72,85,89,117,129,134,139,141,148,153,208,216,222,245,255,302,305,313,315,326,351,357,358,399,401,408,449,458,472,499,508,513,566,603,626,627,648,649,681,713,727,733,749,751,755,768,772,782,801,836,852,855,862,898,926,948,968,973,1019,1022
0180_00109	20,46,53,94,144,153,341,355,480,481,508,541,596,603,626,670,675,678,727,783,948,978
0180_00112	15,48,64,67,89,120,129,132,134,139,145,146,152,163,168,212,245,252,267,269,288,304,309,318,319,337,369,401,405,422,427,461,481,486,506,508,524,525,539,540,547,557,582,615,626,631,662,669,691,711,719,722,741,747,754,769,783,792,816,817,860,868,887,889,936,968,974,979,1004,1009
0180_00113	20,69,94,107,118,123,141,153,207,231,237,242,250,321,348,363,441,447,481,508,540,626,635,727,735,803,915,923,949
0180_00114	20,92,94,107,118,141,146,153,207,236,481,508,545,609,626,635,723,727,758,964,1006
0180_00115	20,94,107,141,153,186,207,387,481,508,533,626,727,776,789,1000,1006
0180_00116	20,80,94,107,118,141,153,207,209,242,348,481,508,552,575,626,635,662,727,915,1005
0180_00117	85,89,134,139,153,159,197,212,245,274,311,326,351,387,390,401,405,442,452,460,461,465,481,508,523,524,560,596,615,626,631,657,681,710,716,719,743,765,807,833,887,928,936,952,968,974
0180_00118	70,85,89,115,134,139,146,153,201,245,252,269,311,326,338,379,403,405,422,442,452,459,460,461,465,480,481,508,510,523,524,525,539,560,596,615,626,657,716,765,773,816,833,852,868,887,919,920,928,952,968,974,1009,1012
0180_00119	57,79,89,121,134,139,153,159,173,177,197,212,245,257,269,274,300,347,351,364,387,401,405,442,452,460,461,465,481,492,508,523,524,525,555,560,566,588,596,615,626,631,657,681,692,716,719,763,765,807,833,860,874,887,928,936,952,954,968,974,980,997
0180_00120	15,19,56,65,89,134,139,146,152,155,168,172,212,251,252,267,269,288,318,319,369,401,405,422,427,436,461,481,486,508,524,525,539,540,547,557,558,566,580,625,626,629,653,678,690,691,711,719,728,741,747,754,755,769,783,816,817,887,936,960,968,974,975,979,990,1009
0180_00121	15,19,56,65,89,134,139,146,152,155,168,172,212,251,252,267,269,288,318,319,369,401,405,422,427,436,461,481,486,508,524,525,539,540,547,557,558,566,580,625,626,629,653,678,690,691,711,719,728,741,747,754,755,769,783,816,817,887,936,960,968,974,975,979,990,1009
0180_00122	15,19,56,65,89,122,134,139,153,172,199,311,318,319,326,330,349,361,405,422,436,445,461,481,486,524,525,558,566,580,625,626,629,632,678,690,728,755,760,782,783,791,836,850,887,920,930,936,960,964,968,974,975,1019
0180_00123	15,19,56,57,65,89,109,127,128,134,139,153,172,173,266,283,314,319,347,405,413,422,436,442,461,480,481,486,508,524,525,555,558,566,580,588,625,626,629,678,687,690,692,717,728,743,755,763,781,783,794,814,816,824,887,932,936,954,960,964,968,974,975,980,1021
0180_00124	5,15,20,26,49,60,76,85,87,89,94,108,118,153,163,182,207,222,228,231,252,261,281,285,290,316,326,340,351,352,401,402,408,424,437,480,482,499,508,530,566,609,626,657,690,710,713,727,752,753,759,772,777,802,818,851,860,879,936,948,964,969,976,987,999,1003,1009,1015,1022
0180_00125	5,15,20,26,49,60,76,85,87,89,94,108,118,153,163,182,207,222,228,231,252,261,281,285,290,316,326,340,351,352,401,402,408,424,437,480,482,499,508,530,566,609,626,657,690,710,713,727,752,753,759,772,777,802,818,851,860,879,936,948,964,969,976,987,999,1003,1009,1015,1022
0180_00126	15,31,35,85,89,127,134,139,153,245,283,311,314,326,346,405,413,430,442,452,460,461,465,481,508,523,524,560,596,615,626,657,716,742,765,814,824,833,887,894,924,928,936,952,964,968,974,980
0180_00127	15,35,57,89,109,127,128,134,139,153,173,245,266,283,314,346,347,405,413,442,452,460,461,465,481,508,523,524,555,560,588,596,615,626,657,687,692,716,743,763,765,814,816,824,833,887,894,924,928,932,936,952,954,964,968,974,980
0180_00128	7,15,53,57,63,89,127,128,134,138,139,145,153,173,269,283,287,300,314,317,347,364,405,409,413,442,452,458,461,475,492,508,524,555,590,598,615,626,645,657,675,687,692,693,763,814,824,860,872,877,886,888,929,932,936,952,954,955,964,968,973,974,980,1004,1011
0180_00129	15,31,50,64,67,70,85,89,120,127,129,131,132,134,139,153,163,168,245,283,309,311,314,319,326,337,405,413,422,430,442,461,481,486,506,508,524,582,615,626,631,662,669,742,783,791,792,814,824,853,860,868,887,889,936,964,968,974,980
0180_00130	15,50,57,64,67,70,89,109,120,127,128,129,131,132,134,139,153,163,168,173,245,266,283,309,314,319,337,347,405,413,422,442,461,481,486,506,508,524,555,582,588,615,626,631,662,669,687,692,743,763,783,791,792,814,816,824,853,860,868,887,889,932,936,954,964,968,974,980
0180_00131	15,31,85,89,127,134,139,153,167,169,236,245,277,283,311,314,326,413,430,434,440,442,452,461,506,508,524,569,620,626,657,662,742,764,766,806,814,824,936,952,964,968,974,980
0180_00132	15,57,89,109,127,128,134,139,153,167,169,173,236,245,266,277,283,314,347,413,434,440,442,452,461,506,508,524,555,569,588,620,626,657,662,687,692,743,763,764,766,806,814,816,824,932,936,952,954,964,968,974,980
0180_00133	8,20,89,94,134,153,245,260,264,350,374,386,391,460,473,480,484,488,497,508,530,547,553,556,613,626,662,704,727,728,752,778,803,860,948,976,981,1008
0180_00134	52,89,134,206,207,242,245,278,346,390,461,508,534,543,582,606,626,650,667,683,684,719,828,850,906,936,953,978,979
0180_00135	20,94,107,118,141,153,207,231,250,298,441,481,508,515,626,635,679,727,778
0180_00136	20,48,57,62,84,124,138,140,153,167,171,207,267,283,292,306,308,320,347,358,370,429,430,497,508,530,540,542,544,556,565,600,625,640,648,662,663,698,700,718,727,734,746,747,748,755,763,778,781,826,833,857,877,911,918,919,921,932,948,954,994,1019
0180_00137	14,15,50,64,134,141,163,207,226,245,264,279,319,337,390,405,432,435,454,481,486,500,506,508,541,582,605,615,616,626,631,649,651,662,774,778,802,860,887,889,910,948,956,999,1018
0180_00138	10,15,20,72,73,89,94,134,138,196,201,245,350,405,411,434,506,508,513,540,591,626,657,662,665,677,701,727,825,832,929,930
0180_00139	72,85,89,107,153,166,187,222,311,326,351,442,461,481,626,637,647,687,715,719,743,746,757,830,893,936,974
0180_00140	77,134,145,153,181,226,262,270,281,353,356,369,381,476,481,515,550,601,626,640,711,740,786,913,968
0180_00141	20,77,94,107,141,153,207,231,301,343,436,481,508,509,605,626,643,702,727,778,836,877,913
0180_00142	22,57,76,89,109,153,173,177,187,266,270,347,351,442,461,508,555,588,626,647,692,719,743,763,935,936,954,974,982,986
0180_00143	15,22,24,44,57,85,89,125,127,128,134,139,153,173,185,220,245,269,283,291,300,301,303,311,314,326,339,340,347,351,364,379,413,435,442,461,466,475,477,492,506,508,524,533,555,562,565,569,575,582,604,626,638,649,662,666,671,675,687,689,692,708,719,743,763,806,814,824,860,874,900,905,908,915,918,932,936,948,954,964,968,974,980
0180_00144	34,134,153,154,207,224,226,227,279,350,353,369,381,390,476,515,516,539,550,626,640,647,658,659,802,867,904,906,934,940,948,968,998
0180_00145	57,77,153,163,266,347,430,442,481,508,588,626,636,692,763,913,954,981
0180_00146	20,94,107,153,207,254,430,508,605,626,686,727,871,948,994
0180_00147	4,20,94,95,134,141,148,177,188,201,226,268,304,347,353,362,469,508,510,515,549,550,551,626,640,666,705,712,727,735,778,825,850,858,931,948,968,990,999
0180_00148	10,11,14,20,26,38,56,64,88,93,94,97,107,134,136,141,152,153,159,202,203,207,231,245,261,274,289,297,306,310,321,357,367,374,393,405,410,426,475,480,481,506,508,511,516,518,530,550,580,582,588,593,606,613,615,625,626,635,655,662,676,727,739,752,789,810,821,860,866,879,887,889,893,896,897,943,968,1005,1017
0180_00149	15,26,31,39,89,126,139,153,212,263,280,301,326,390,414,461,475,549,557,626,711,719,797,806,809,855,877,936
0180_00150	20,37,57,153,207,266,274,278,291,292,325,326,347,390,460,507,508,538,588,620,626,665,682,692,701,727,739,742,757,758,763,898,954
0180_00151	22,29,89,179,197,200,247,260,408,461,562,565,612,626,647,716,719,720,768,936,948,974
0180_00152	20,94,177,265,469,508,511,551,626,727,850
0180_00153	11,20,65,80,83,94,107,187,207,390,508,538,620,626,628,646,727,917,978,988,1015
0180_00154	15,153,207,300,323,326,390,538,576,626,638,657,674,701,775,880,918,943,944
0180_00155	22,85,89,153,187,229,268,300,311,326,442,461,562,626,647,651,658,719,743,786,864,936,974,986
0180_00156	15,24,57,60,67,85,87,89,153,206,229,282,300,311,326,347,410,442,461,508,527,562,588,599,626,692,719,743,894,936,954,974
0180_00157	20,22,37,89,94,134,140,328,370,385,461,508,562,626,647,677,719,727,779,850,864,865,917,936,974,986
0180_00158	20,50,62,64,101,137,138,146,153,154,186,254,283,295,312,321,387,396,405,423,481,497,508,530,575,588,685,727,741,778,826,850,864,897,948,994
0180_00159	11,15,20,65,94,107,153,207,323,326,390,508,533,538,562,576,626,646,701,727,839,941,978,1015
0180_00160	11,15,20,65,94,107,153,207,323,326,390,508,533,538,562,576,626,646,701,727,839,941,978,1015
0180_00161	85,89,134,153,245,311,326,332,351,406,432,442,461,508,528,534,600,626,672,690,704,707,719,795,805,837,906,936
0180_00162	85,89,134,153,245,311,326,332,351,406,432,442,461,508,528,534,600,626,672,690,704,707,719,795,805,837,906,936
0180_00163	15,20,94,107,141,153,176,207,302,323,326,346,390,481,508,533,538,562,576,616,626,701,727,734,815,926
0180_00164	72,85,89,153,166,187,311,326,351,442,461,481,553,626,647,687,719,743,746,757,830,839,893,917,936,967,974
0180_00165	57,72,76,89,109,123,147,153,166,173,177,266,284,347,351,442,461,481,491,508,555,588,626,687,692,700,719,743,763,817,818,936,945,954,963,974,1008
0180_00166	35,43,70,72,86,89,134,139,146,153,166,177,215,217,236,297,347,351,442,461,481,508,555,573,608,609,626,662,687,719,777,872,917,936,963,974,994
0180_00167	22,24,44,57,69,85,89,153,160,291,311,326,339,347,351,435,442,461,508,541,562,588,599,626,666,689,692,708,719,743,908,936,954,974
0180_00168	22,57,76,89,109,153,173,177,187,235,266,279,347,351,442,461,508,555,562,588,626,647,658,692,719,743,763,864,936,954,974,982,986
0180_00169	22,57,76,89,109,153,173,177,187,235,266,279,347,351,442,461,508,555,562,588,626,647,658,692,719,743,763,864,936,954,974,982,986
0180_00170	20,22,37,89,94,118,140,204,328,385,408,461,508,562,626,647,677,719,727,779,799,864,865,936,974,986
0180_00171	20,54,94,107,118,141,153,207,231,250,261,284,480,481,508,530,626,635,727,730,752,984
0180_00172	20,94,107,113,118,141,153,207,231,250,284,341,440,481,508,530,616,626,635,727,940,976,984
0180_00173	20,94,153,348,370,480,508,530,626,727,752,778,863,976
0180_00174	20,94,153,348,370,480,508,530,626,727,752,778,863,976
0180_00175	20,94,124,128,138,153,171,207,224,248,272,306,319,347,348,358,370,387,434,437,480,497,508,511,526,530,575,626,627,640,700,727,733,752,778,827,833,863,915,919,948,976
0180_00176	20,56,94,105,107,128,129,141,153,186,207,217,231,257,270,357,365,366,387,480,481,508,516,530,583,626,674,692,706,727,739,757,776,789,812,829,834,871,917,927,947,952,1006
0180_00177	57,118,153,207,266,292,311,326,347,390,474,508,576,588,626,692,757,763,779,900,926,954,955
0180_00178	4,15,20,26,39,60,71,76,85,87,89,94,120,128,153,159,163,170,207,215,222,223,231,252,270,278,285,290,316,366,370,391,398,401,424,437,439,480,491,499,501,503,508,516,524,530,580,584,594,602,609,614,626,664,690,697,726,727,758,759,772,801,802,818,860,871,909,915,927,936,948,964,967,972,976
0180_00179	20,94,153,156,259,261,268,313,341,480,481,508,626,651,659,727,756,862
0180_00180	20,94,107,126,134,151,153,207,209,259,295,316,341,382,480,481,508,511,626,727,756,847,917,995,999
0180_00181	64,134,142,196,206,245,317,405,422,453,479,481,506,508,509,512,517,545,582,615,652,662,743,755,787,795,860,869,887,889,968,984
0180_00182	64,67,89,120,129,132,134,139,153,163,168,199,207,244,245,309,311,319,326,327,330,337,369,374,405,422,461,481,486,506,508,524,532,582,615,626,631,638,662,669,680,719,720,783,791,792,797,860,868,876,887,889,919,936,968,974
0180_00183	54,57,64,67,89,120,129,132,134,139,153,163,168,244,245,256,266,302,309,319,337,347,369,374,405,412,422,461,481,486,506,508,524,532,555,582,588,615,626,631,638,662,669,680,692,693,719,720,743,763,783,785,791,792,796,797,860,868,876,887,889,919,936,954,968,974
0180_00184	20,94,96,128,134,138,145,153,206,256,270,297,298,359,374,421,445,480,487,508,510,516,550,626,727,818,871,897,898,927,968
0180_00185	19,20,65,88,94,107,117,127,134,141,153,195,207,387,395,405,479,481,508,562,626,662,727,776,787,789,866,968,989,1022
0180_00186	19,20,65,88,94,107,117,127,134,141,153,195,207,387,395,405,479,481,508,562,626,662,727,776,787,789,866,968,989,1022
0180_00187	88,117,134,141,153,195,207,326,365,387,395,405,423,479,481,557,576,625,626,662,787,819,866,867,960,968,989
0180_00188	20,94,107,118,141,153,186,207,231,250,387,396,481,508,535,607,626,635,656,727
0180_00189	20,35,94,107,110,118,141,153,207,231,250,254,363,447,481,484,508,552,626,635,727,855,915,949
0180_00190	20,27,29,75,94,134,153,226,235,241,334,353,423,469,480,508,515,522,534,550,626,640,665,676,718,719,727,758,777,947,968
0180_00191	4,20,71,94,134,153,175,201,203,226,270,278,281,334,347,353,394,408,432,480,508,515,522,549,550,626,640,666,705,706,727,778,858,948,968
0180_00192	134,409,550,620,626,640,676,733,947,968
0180_00193	20,35,94,107,134,153,196,207,208,270,281,390,508,531,550,558,613,620,626,640,676,678,727,733,819,947,968,970,976,989
0180_00194	134,154,245,308,317,405,422,479,508,509,512,517,582,662,743,755,787,834,866,948,968,984,1013
0180_00195	20,96,107,134,153,248,272,341,372,383,389,429,440,479,481,487,495,503,508,516,522,550,603,654,662,684,714,727,762,778,786,797,812,893,896,968
0180_00196	20,96,134,138,153,203,231,248,272,372,383,387,389,479,487,503,508,516,517,522,550,575,603,654,662,684,714,727,762,778,786,797,812,849,893,896,968
0180_00197	20,96,134,138,153,203,231,248,272,372,383,387,389,479,487,503,508,516,517,522,550,575,603,654,662,684,714,727,762,778,786,797,812,849,893,896,968
0180_00198	96,134,153,272,326,342,372,383,389,408,479,487,503,522,550,603,626,654,662,666,675,714,762,778,786,797,812,813,853,893,896,940,968
0180_00199	59,86,96,134,146,163,166,236,247,272,285,298,347,383,389,479,487,503,508,550,573,592,607,609,626,654,662,678,714,762,786,797,802,896,968,972,984
0180_00200	67,77,85,89,132,134,137,139,145,153,159,168,197,209,212,245,304,311,315,317,319,326,351,387,390,401,405,422,436,442,461,479,486,508,524,544,582,614,626,631,662,699,704,710,719,743,783,787,804,836,866,936,968,974
0180_00201	57,67,76,77,89,109,132,134,137,139,145,153,159,168,173,177,197,209,212,245,266,304,315,317,319,347,351,387,401,405,422,436,442,461,479,486,508,524,544,555,582,588,614,626,631,662,692,699,704,719,743,763,783,787,804,836,866,874,936,954,968,974,980,997
0180_00202	57,67,76,77,89,109,132,134,137,139,145,153,159,168,173,177,197,209,212,245,266,304,315,317,319,347,351,387,401,405,422,436,442,461,479,486,508,524,544,555,582,588,614,626,631,662,692,699,704,719,743,763,783,787,804,836,866,874,936,954,968,974,980,997
0180_00203	20,94,107,134,153,207,212,232,390,458,480,508,511,542,568,602,626,727,813,889,909,936
0180_00204	20,84,94,107,141,145,153,207,228,242,254,294,365,481,508,598,626,727,802,948,994
0180_00205	20,58,94,115,126,153,166,257,311,366,480,508,618,626,719,727,730
0180_00206	15,20,94,96,134,144,225,245,272,371,420,456,487,503,506,508,513,533,542,550,553,591,626,654,662,672,714,727,731,741,786,797,803,866,899,968,983
0180_00207	20,31,62,68,83,94,96,107,118,134,141,153,207,211,231,265,279,315,347,387,442,481,487,508,511,550,563,626,635,699,727,748,859,887,968,1001,1022
0180_00208	20,31,62,68,83,94,96,107,118,134,141,153,207,211,231,265,279,315,347,387,442,481,487,508,511,550,563,626,635,699,727,748,859,887,968,1001,1022
0180_00209	7,22,85,89,153,176,187,200,216,229,260,300,311,323,326,347,442,454,461,467,493,498,554,557,562,590,621,626,647,658,702,703,711,719,743,835,936,956,974,986,994
0180_00210	19,20,91,93,94,107,134,141,153,207,226,262,270,281,353,369,381,476,481,482,508,515,528,550,601,604,626,640,727,776,789,808,968,977,989
0180_00211	20,39,49,94,107,141,153,171,207,266,481,508,527,545,626,727,776,789,802,948
0180_00212	48,52,89,118,134,153,207,210,242,245,257,259,326,346,390,461,508,534,576,582,590,606,626,667,676,719,906,936,978
0180_00213	19,20,24,38,87,94,100,107,134,141,153,158,173,190,207,215,226,256,260,270,274,307,319,347,353,366,374,389,481,482,488,508,515,528,550,578,579,626,640,727,733,744,765,776,789,812,855,904,968,989,1003
0180_00214	15,20,26,49,60,72,76,85,87,89,94,108,153,163,182,205,207,215,222,223,231,252,261,285,290,316,340,401,424,437,480,499,503,508,530,566,594,609,613,626,632,690,697,705,710,727,752,759,772,801,802,818,851,852,860,879,887,909,936,948,964,969,976,987,1015,1022
0180_00215	4,15,20,26,45,49,60,72,76,80,85,87,89,92,99,108,146,153,159,163,205,207,215,222,223,231,236,243,252,270,285,290,314,316,340,360,366,401,424,437,479,499,503,508,516,524,530,566,594,609,613,626,632,690,697,705,727,759,772,801,802,808,818,851,852,860,879,887,909,936,948,964,969,970,976,987,1015,1022
0180_00216	20,77,94,107,118,141,153,207,231,250,436,441,481,483,487,508,626,635,679,727,778,877,913
0180_00217	20,64,96,134,141,153,207,256,269,272,287,341,372,383,389,407,479,481,487,503,508,530,550,601,603,615,654,662,714,727,762,776,778,786,797,812,893,896,947,968,989
0180_00218	38,67,71,91,134,178,202,205,220,223,245,289,298,306,352,367,368,371,405,455,494,506,508,515,551,553,582,613,648,655,662,663,727,948,950,968,981,1018
0180_00219	20,77,94,107,118,141,153,185,207,225,231,250,424,436,441,458,481,508,626,635,679,727,778,913,916
0180_00220	15,30,39,89,95,208,393,439,461,577,602,612,626,647,685,711,719,765,782,809,936
0180_00221	20,39,94,107,134,153,196,207,312,390,480,508,511,531,626,727,807
0180_00222	20,39,94,107,134,153,196,207,312,390,480,508,511,531,626,727,807
0180_00223	12,20,138,387,508,551,727,751,850,878,1009
0180_00224	7,27,60,64,70,85,87,89,140,153,202,260,292,297,311,326,347,351,402,410,442,461,467,471,523,554,562,626,689,719,727,743,789,835,888,889,935,936,962,974,986
0180_00225	6,20,96,134,138,145,167,189,207,387,390,421,438,487,508,515,523,550,601,626,647,727,772,800,919,968
0180_00226	153,207,326,390,538,576,626,697,704,726,874,992,997
0180_00227	22,85,89,153,187,197,212,218,268,311,326,351,442,461,562,612,626,647,689,719,743,757,936,974
0180_00228	22,57,76,89,109,153,173,177,187,197,212,218,235,266,279,347,351,442,461,508,555,562,588,612,626,647,692,719,743,763,936,954,974,982
0180_00229	20,104,107,134,153,155,199,257,260,270,272,330,333,347,360,372,383,421,425,479,505,508,515,516,522,541,549,550,591,595,633,654,662,704,727,762,778,786,797,812,813,833,843,896,940,948,960,968
0180_00230	18,22,36,73,89,153,170,311,326,327,330,336,346,347,366,369,392,399,435,461,486,495,505,547,555,562,579,613,626,647,660,719,734,777,785,786,787,791,936,959,974,994
0180_00231	20,94,109,508,528,626,719,727,1006
0180_00232	20,94,107,141,153,188,206,207,217,231,310,363,423,481,508,581,626,727,776,789,881,915,948,992,1015
0180_00233	20,34,45,94,107,118,141,146,153,197,207,231,236,250,481,485,508,522,626,635,644,675,727,875,889,898,918,948
0180_00234	20,94,134,153,207,339,369,480,508,511,522,626,727,773,802,898,948
0180_00235	34,85,89,114,153,200,229,254,300,311,323,326,347,361,442,461,493,549,562,626,673,703,719,743,916,936,948,974
0180_00236	20,55,94,107,141,207,270,508,626,727,802,948
0180_00237	19,56,65,89,134,139,153,155,159,167,172,197,212,244,319,351,387,401,405,422,436,442,461,481,486,524,525,558,566,580,621,625,626,629,653,658,678,690,711,719,728,755,783,785,791,881,887,915,935,936,948,960,968,974,975,990,1015,1017
0180_00238	3,15,26,134,222,245,298,385,461,498,499,508,626,701,704,765,783,788,819,855,912,948,973,1012
0180_00239	20,115,138,144,153,302,326,373,387,504,508,512,517,575,609,626,632,666,727,767,830,842,948,977,999
0180_00240	89,562,626,719,936,962
0180_00241	20,94,103,107,141,144,153,202,207,217,231,255,259,302,341,430,463,481,508,545,553,599,626,642,659,670,686,698,727,771,776,778,781,789,915,948
0180_00242	20,94,103,107,118,141,144,153,207,231,250,255,259,302,341,430,441,481,490,508,553,599,626,635,642,657,659,670,679,686,698,727,778,781,915,948
0180_00243	14,20,27,60,134,153,188,231,317,370,405,415,422,443,463,479,486,510,511,516,542,580,640,662,663,691,698,705,750,757,762,764,787,820,828,850,905,935,948,960,968,971,989,1001,1006
0180_00244	20,94,107,207,247,370,508,516,626,657,686,727,739,762,797,802,948,960,973
0180_00245	20,56,94,107,153,207,263,279,293,341,353,440,481,508,511,516,626,647,655,727,737,739,762,797,948,960,981
0180_00246	20,56,94,107,134,153,207,263,480,508,511,516,564,626,647,655,672,727,739,762,797,857,948,960,981
0180_00247	20,56,94,107,153,186,207,387,403,508,516,626,647,655,706,727,739,762,797,863,948,960,1006
0180_00248	20,70,85,89,140,151,153,229,263,282,297,311,326,442,461,474,492,508,510,516,527,548,556,626,627,719,727,743,762,790,900,936,948,960,974
0180_00249	20,35,43,85,89,94,153,187,263,311,326,349,351,442,461,474,492,508,516,626,643,647,687,719,727,743,757,762,790,822,936,948,960,974
0180_00250	20,45,56,94,97,107,153,207,231,261,367,480,508,516,530,626,647,655,727,734,739,752,762,797,893,896,948,960
0180_00251	20,94,128,153,270,272,480,508,516,626,641,724,727,762,871,927,948,960
0180_00252	20,39,49,56,61,94,107,153,207,255,500,508,516,527,555,626,647,655,687,727,739,762,797,802,948,960
0180_00253	20,85,89,116,153,187,231,260,263,311,326,351,442,461,474,492,508,516,626,643,647,687,719,727,743,757,762,790,902,936,946,948,960,974
0180_00254	20,43,56,94,107,153,188,207,231,265,337,363,508,516,626,647,655,721,727,734,739,762,797,881,896,915,948,960,992,1015
0180_00255	8,15,20,26,89,94,153,178,207,216,243,263,323,326,390,393,413,429,457,461,474,492,508,516,570,576,594,626,691,701,727,750,758,760,762,770,819,829,833,837,848,855,936,948,960,981,1000,1008
0180_00256	20,62,94,96,107,134,145,153,167,207,210,230,251,270,310,407,421,487,508,516,550,558,588,602,626,673,727,739,762,781,797,842,948,960,968,989
0180_00257	13,15,20,48,89,94,103,175,201,237,367,371,397,415,508,523,524,626,645,677,727,762,772,814,873,948
0180_00258	20,56,94,107,153,207,291,326,508,516,576,589,626,647,655,727,739,762,792,797,948,960
0180_00259	20,29,50,104,134,153,155,257,270,272,354,360,372,383,425,479,508,515,516,522,541,550,595,615,626,633,640,654,662,676,727,762,778,786,797,812,813,833,843,849,893,896,940,947,948,960,968,974
0180_00260	20,64,94,96,107,134,153,167,207,272,310,333,347,372,375,383,389,407,479,487,503,508,516,550,602,603,626,654,662,673,714,727,739,762,778,786,797,812,893,896,948,960,968,989,1018
0180_00261	19,20,24,44,56,57,65,71,72,75,89,123,126,134,139,153,167,168,172,173,177,212,235,257,269,276,297,300,316,319,341,347,351,359,364,387,405,406,422,432,436,442,443,460,461,467,475,481,486,487,492,508,524,525,528,550,555,558,566,569,580,588,599,603,612,625,626,627,629,653,669,678,690,692,706,719,721,727,728,745,755,763,783,795,808,810,843,860,861,871,881,887,897,898,899,900,918,936,954,960,966,968,974,975,990,1005
0180_00262	20,94,128,153,163,278,480,508,516,528,626,727,767,804,811,850,927,970
0180_00263	20,37,43,56,69,94,107,153,188,207,231,278,330,337,363,387,508,516,536,581,626,655,727,811,850,881,915,948,992,996,1015
0180_00264	20,44,57,67,71,72,75,77,89,123,132,134,137,139,145,153,159,168,173,177,197,209,212,235,245,257,269,276,297,300,304,315,317,319,341,347,351,359,364,387,401,405,406,422,432,436,442,443,461,475,479,481,486,487,492,508,524,528,544,550,555,582,603,612,614,626,627,631,662,669,692,699,704,719,721,727,745,763,783,787,795,804,810,836,843,860,866,871,874,881,897,898,899,900,918,936,954,968,974,980,997,1005
0180_00265	20,28,81,116,134,138,170,272,385,387,393,405,487,508,550,585,638,670,725,727,897,898,922,946,968
0180_00266	20,67,94,107,134,153,207,331,364,398,480,508,511,516,626,727,927,948,994,998,1021
0180_00267	20,56,94,107,153,207,231,261,367,480,508,516,530,604,626,655,727,752,812,869,893,948,961,994,998
0180_00268	77,134,153,154,207,224,226,279,326,350,353,369,381,390,412,476,481,515,539,550,626,640,647,813,836,849,867,906,968
0180_00269	20,62,94,107,118,141,153,207,231,250,335,441,481,494,508,626,635,679,727,778,826,948,994,1017
0180_00270	20,62,94,107,118,141,153,207,231,250,476,481,483,498,508,626,635,727,948,994
0180_00271	20,94,107,126,141,153,207,292,347,481,498,508,544,626,686,727,762,776,789,861,886,948,977,989
0180_00272	20,88,94,153,326,391,411,480,497,508,530,556,626,662,666,727,752,778,803,918,942,976
0180_00273	57,77,153,163,266,347,430,442,481,508,588,626,636,692,763,913,954,981
0180_00274	20,57,77,94,107,141,153,207,266,292,347,396,438,481,508,588,626,692,715,727,757,763,776,789,861,954
0180_00275	11,16,20,94,105,107,126,128,138,141,153,207,217,231,254,257,259,270,277,327,382,387,480,481,484,498,508,516,530,570,583,626,655,661,692,705,727,766,774,776,789,871,900,917,927,948,958,994
0180_00276	20,31,134,137,138,182,223,245,384,387,391,489,506,508,513,540,638,662,727,731,766,777,928,968,971,981,997
0180_00277	20,31,134,137,138,182,223,245,384,387,391,489,506,508,513,540,638,662,727,731,766,777,928,968,971,981,997
0180_00278	20,21,82,94,107,141,153,203,207,217,231,261,347,430,475,480,481,485,508,530,544,545,626,640,727,752,776,789,797,850,950,1019,1022
0180_00279	20,27,94,107,207,295,390,400,419,459,508,534,542,578,626,719,725,727,748,848,936
0180_00280	20,21,94,153,163,353,476,480,508,530,591,626,719,727,745,752,864,1005
0180_00281	15,20,80,89,94,134,199,201,245,264,411,429,508,554,626,662,677,727,772,842,954,1022
0180_00282	26,43,46,54,60,85,87,89,94,139,153,209,263,311,326,347,351,402,410,412,414,442,450,461,471,493,523,549,555,557,562,574,626,672,689,719,729,732,743,755,829,855,936,937,974,979,994
0180_00283	20,94,118,144,145,153,207,270,313,326,360,390,423,467,480,482,502,508,516,530,535,541,554,626,669,681,688,727,752,763,857,888,917,948,977
0180_00284	41,88,100,132,134,146,236,240,245,262,319,376,405,422,506,508,524,576,585,603,630,638,662,679,686,715,723,763,778,806,808,948,968,969,982
0180_00285	20,62,96,134,138,145,153,270,387,416,421,487,508,517,522,550,575,588,604,702,727,845,901,968
0180_00286	19,20,62,94,96,107,134,141,145,153,207,230,270,421,449,481,482,487,508,528,550,558,588,626,727,747,776,789,968,989
0180_00287	20,25,62,94,96,113,134,145,153,270,353,421,481,487,492,508,522,549,550,588,591,626,702,719,727,901,968
0180_00288	20,57,94,144,153,154,223,259,280,341,355,421,480,481,508,553,596,603,626,670,692,697,704,727,780,783,880,915,916,948,954
0180_00289	20,57,94,144,153,154,223,259,280,341,355,421,480,481,508,553,596,603,626,670,692,697,704,727,780,783,880,915,916,948,954
0180_00290	20,57,58,115,132,138,172,180,237,347,362,387,508,539,588,626,692,727,872,954,995
0180_00291	20,57,81,94,153,240,480,508,626,679,692,727,954,1003,1005
0180_00292	57,153,266,347,378,430,508,540,566,588,600,626,692,700,718,763,833,919,932,948,954,981,994
0180_00293	20,57,77,94,107,141,153,207,266,292,347,396,438,481,508,588,626,692,715,727,757,763,776,789,861,954
0180_00294	20,94,134,153,231,270,281,295,334,452,480,508,522,550,620,626,640,676,702,727,733,947,968,970
0180_00295	15,20,32,89,94,123,139,233,237,276,404,427,451,473,474,508,590,614,626,662,677,727,770,772
0180_00296	1,15,20,25,26,44,49,60,85,86,87,89,134,144,146,197,214,222,236,274,280,285,297,311,318,347,357,377,381,393,456,467,471,473,499,508,516,530,540,542,560,566,597,609,614,626,654,692,700,702,711,727,738,755,762,772,801,816,820,840,843,849,902,923,948,968,984
0180_00297	15,20,32,79,89,94,199,233,237,411,438,508,626,662,677,727,772,924
0180_00298	15,26,39,61,72,89,118,139,153,212,263,280,326,414,448,461,475,492,620,626,659,711,719,797,809,855,898,919,936
0180_00299	38,48,64,88,103,134,245,274,289,394,405,424,449,481,506,508,511,580,582,585,605,609,615,617,640,662,726,821,860,866,887,889,937,943,968
0180_00300	85,134,268,317,366,385,393,405,408,422,479,486,511,580,581,662,691,741,772,787,796,797,905,968,994
0180_00301	32,102,134,153,220,221,234,264,278,326,328,349,357,387,393,405,420,499,503,508,580,605,614,626,640,708,719,734,850,906,918,948,968
0180_00302	32,57,96,102,134,153,199,220,221,234,264,266,278,328,347,349,387,393,405,469,499,508,537,580,588,614,626,640,659,692,708,719,725,734,763,793,824,850,948,954,968,1000
0180_00303	6,29,77,102,134,146,152,153,171,182,195,220,234,264,326,328,330,387,393,405,420,481,580,596,605,626,640,708,719,746,948,968
0180_00304	15,44,102,134,151,152,153,182,195,220,234,264,326,328,387,393,405,420,475,580,596,605,626,640,708,719,746,920,948,968
0180_00305	96,134,283,353,381,487,550,591,626,640,675,968
0180_00306	15,20,80,89,94,134,199,201,245,264,411,429,508,554,626,662,677,727,772,842,954,1022
0180_00307	15,20,26,88,89,94,171,213,279,318,490,508,570,599,600,626,675,719,727,819,822,836,855,936
0180_00308	20,68,94,134,211,255,313,321,353,405,430,456,487,508,549,550,580,585,605,626,628,630,725,727,928,968,981,1007
0180_00309	26,73,89,139,153,170,291,311,313,326,327,330,336,346,347,356,369,392,399,435,448,461,486,499,505,530,547,555,562,565,570,579,610,613,626,660,679,719,720,732,734,770,784,785,787,791,796,816,829,861,862,883,936,937,974,994
0180_00310	12,15,16,20,22,25,26,50,62,92,94,109,134,136,138,141,148,163,171,211,220,222,237,304,353,387,451,484,486,499,508,514,526,531,539,551,554,576,598,603,645,652,727,762,772,782,801,803,850,948,951,1022
0180_00311	22,35,89,210,215,260,309,455,461,488,562,626,647,719,786,863,873,936,948,959,974
0180_00312	15,153,207,300,323,326,390,452,495,538,576,626,701,775,781,918,1018
0180_00313	105,119,131,134,153,166,184,207,211,220,221,240,245,253,262,310,326,367,390,394,399,400,403,405,411,423,467,489,495,506,508,515,524,525,532,538,576,582,585,596,607,615,616,626,647,658,662,668,697,704,710,746,841,874,892,919,928,934,948,968,1006,1018,1024
0180_00314	15,18,30,39,89,142,325,374,393,461,577,602,626,647,685,711,719,782,809,936,986
0180_00315	7,20,21,91,93,94,107,134,139,141,147,148,153,154,201,207,226,262,270,281,304,347,353,369,371,381,387,407,430,476,497,508,515,550,551,590,598,601,626,640,712,717,727,735,737,771,808,825,850,923,968,976,989
0180_00316	11,20,65,80,94,107,207,390,412,489,508,538,620,626,646,727,978,988,992,1015
0180_00317	19,20,51,52,56,65,69,81,89,94,107,121,134,139,141,153,155,159,172,197,206,207,212,217,231,310,319,351,363,387,401,405,417,422,436,442,461,481,486,508,524,525,540,558,566,580,621,625,626,629,653,658,678,690,701,711,719,727,728,755,776,783,789,819,887,915,935,936,960,968,974,975,990,1017
0180_00318	1,20,31,68,96,134,181,211,283,341,353,432,481,487,508,550,626,640,675,727,787,846,968
0180_00319	1,15,30,32,43,56,65,74,89,134,184,233,260,325,353,360,369,400,409,419,428,515,518,542,617,626,640,642,662,738,777,908,948,968,1021,1022
0180_00320	20,66,69,94,107,115,118,134,141,153,207,242,271,345,348,441,480,481,493,508,626,635,727,803,909,915
0180_00321	20,94,153,391,480,497,508,530,556,626,662,727,752,778,803,918,976
0180_00322	20,56,62,69,94,105,107,112,128,129,141,153,207,217,231,242,257,270,274,279,283,334,342,354,363,365,366,474,480,481,494,508,516,530,556,583,626,674,680,692,727,736,739,755,757,776,778,786,789,812,824,826,829,871,915,917,923,927,947,948,994
0180_00323	15,20,28,89,94,134,240,300,392,456,508,521,536,540,599,626,693,719,727,743,767,773,836,856,908,936,968,1009
0180_00324	12,20,95,138,315,387,508,514,516,551,575,727,817,850,853,878,904,948,992,1021
0180_00325	15,153,207,268,300,323,326,390,533,538,562,576,580,626,638,701,775,918,944
0180_00326	15,26,31,89,139,153,180,212,263,280,326,413,414,461,549,557,578,624,626,635,671,711,719,765,783,855,877,921,936
0180_00327	26,73,89,139,153,170,291,311,313,326,327,330,336,346,347,356,369,392,399,435,448,461,486,499,505,530,547,555,562,565,570,579,610,613,626,660,679,719,720,732,734,770,784,785,787,791,796,816,829,861,862,883,931,936,937,974,994
0180_00328	20,94,153,391,480,497,508,530,556,626,727,752,778,803,918,976
0180_00329	20,21,94,153,337,480,508,530,626,727,752
0180_00330	1,26,39,60,85,87,89,94,139,153,162,174,183,270,287,311,313,326,347,351,385,402,410,442,461,464,486,496,499,523,551,557,562,626,689,719,743,753,829,868,936,974,1015
0180_00331	4,15,26,31,37,39,89,139,151,153,212,263,280,326,390,414,440,461,475,549,557,626,711,719,797,809,855,877,936
0180_00332	20,138,155,207,387,390,438,449,508,626,727,751,936
0180_00333	20,138,155,207,387,390,438,449,508,626,727,751,936
0180_00334	45,77,92,139,146,153,236,413,481,508,609,626,913
0180_00335	67,134,245,250,266,311,317,377,404,405,422,479,508,515,517,524,585,603,614,662,681,686,738,754,787,852,923,935,948,968,984,999,1010
0180_00336	41,45,57,93,95,134,153,182,201,202,208,220,227,234,257,263,266,285,347,393,400,405,430,476,481,482,508,512,535,539,569,580,588,605,613,621,626,653,673,675,678,687,692,719,758,763,773,786,821,826,843,887,922,948,954,968,981,1016,1023
0180_00337	24,41,45,57,84,93,95,134,138,153,182,201,202,208,220,227,234,257,263,267,269,285,347,393,400,405,430,476,481,482,508,512,535,539,566,569,580,588,605,613,621,626,673,675,678,687,692,719,758,763,773,786,797,821,826,830,843,846,877,887,922,948,954,968,1016,1023
0180_00338	36,75,134,317,370,403,405,422,479,486,511,523,559,580,609,662,691,748,750,787,828,852,905,915,927,948,960,968,989,1006,1015
0180_00339	20,94,107,141,207,228,365,390,481,500,508,626,715,727,802,948,952
0180_00340	15,31,85,89,127,134,139,153,185,220,245,283,301,303,311,314,326,340,379,413,430,442,461,477,506,508,524,533,569,575,582,626,638,649,662,671,675,742,806,814,824,874,918,936,948,964,968,974,980
0180_00341	15,57,89,109,127,128,134,139,153,173,185,220,245,266,283,301,303,314,340,347,379,413,442,461,477,506,508,524,533,555,569,575,582,588,626,638,649,662,671,675,687,692,743,763,806,814,816,824,874,918,932,936,948,954,964,968,974,980
0180_00342	15,57,89,109,127,128,134,139,153,173,185,220,245,266,283,301,303,314,340,347,379,413,442,461,477,506,508,524,533,555,569,575,582,588,626,638,649,662,671,675,687,692,743,763,806,814,816,824,874,918,932,936,948,954,964,968,974,980
0180_00343	14,119,134,220,245,298,424,449,454,479,506,508,575,582,649,662,727,837,896,937,948,968,981
0180_00344	13,15,20,22,38,56,88,89,100,117,134,150,153,170,175,190,195,201,207,211,213,237,245,264,307,331,341,347,371,384,387,391,395,397,405,411,415,429,479,481,508,516,524,554,611,615,645,646,662,727,739,749,772,787,814,835,842,866,914,942,968,984,989,1009,1022
0180_00345	19,20,24,36,38,64,87,94,107,134,141,153,158,190,207,215,256,260,270,286,307,319,328,347,389,404,481,482,508,515,528,533,578,579,626,640,685,727,733,744,776,789,820,904,968,989,1003
0180_00346	15,20,32,69,89,94,199,411,437,438,508,587,626,662,676,677,727,776,818,936,964
0180_00347	15,20,32,69,89,94,199,411,437,438,508,587,626,662,676,677,727,776,818,936,964
0180_00348	20,94,126,153,257,276,370,469,480,486,498,508,601,625,626,719,727,805,850,874,904,1011
0180_00349	60,64,85,87,89,153,260,311,316,326,329,347,351,402,410,442,461,471,523,562,626,689,719,743,789,936,946,974
0180_00350	20,44,134,138,158,191,235,369,387,487,508,550,577,590,638,700,701,708,727,790,810,843,897,898,917,946,948,968
0180_00351	19,20,58,64,94,96,107,134,141,153,207,214,269,272,372,383,389,407,479,481,487,503,508,550,603,615,626,654,662,714,727,762,776,778,786,789,797,812,893,896,968,989
0180_00352	19,20,58,64,94,96,107,134,141,153,207,214,269,272,372,383,389,407,479,481,487,503,508,550,603,615,626,654,662,714,727,762,776,778,786,789,797,812,893,896,968,989
0180_00353	19,20,40,94,107,134,141,153,207,270,281,481,482,508,528,550,558,620,626,640,676,727,733,747,776,789,819,947,968,970,989
0180_00354	134,169,189,245,251,390,403,452,479,506,508,662,663,675,766,837,968,981,997
0180_00355	20,134,138,169,245,298,335,366,387,454,479,506,508,554,582,611,638,662,727,783,837,845,866,896,937,968,981
0180_00356	97,98,110,134,206,218,223,245,289,343,486,506,508,524,582,583,657,658,662,727,946,960,981,984
0180_00357	20,94,99,153,174,270,341,360,480,481,504,508,516,530,539,541,554,626,727,752,857,986
0180_00358	85,89,134,139,153,159,167,169,197,212,227,236,245,277,285,311,326,351,361,387,390,401,434,442,452,461,506,508,524,569,626,630,657,662,710,719,743,766,806,936,952,968,974
0180_00359	24,47,57,60,66,85,87,89,134,139,153,159,167,169,173,177,197,212,227,236,245,257,269,277,285,300,311,326,347,351,361,364,387,401,402,410,434,442,452,461,475,492,506,508,523,524,527,555,562,565,569,626,630,657,662,689,692,719,743,763,766,806,826,860,874,894,900,915,936,952,954,964,968,974,980,997
0180_00360	24,47,57,60,66,85,87,89,134,139,153,159,167,169,173,177,197,212,227,236,245,257,269,277,285,300,311,326,347,351,361,364,387,401,402,410,434,442,452,461,475,492,506,508,523,524,527,555,562,565,569,626,630,657,662,689,692,719,743,763,766,806,826,860,874,894,900,915,936,952,954,964,968,974,980,997
0180_00361	24,47,57,60,66,85,87,89,134,139,153,159,167,169,173,177,197,212,227,229,236,245,257,269,277,282,285,300,311,326,347,351,361,364,387,401,410,434,442,452,461,475,492,506,508,524,527,555,562,565,569,626,630,657,662,692,719,743,763,766,806,826,860,874,894,900,915,936,952,954,964,968,974,980,997
0180_00362	57,76,89,109,134,139,153,159,167,169,173,177,197,212,227,236,245,266,277,285,347,351,361,387,401,434,442,452,461,506,508,524,555,569,588,626,630,657,662,692,719,743,763,766,806,874,936,952,954,968,974,980,997
0180_00363	20,94,134,160,177,195,252,304,366,387,395,405,445,469,479,508,510,551,611,626,662,727,787,850,968,973
0180_00364	5,15,20,26,60,71,76,85,87,89,94,153,163,182,207,215,222,223,231,252,261,285,290,316,398,401,413,424,426,437,459,480,491,497,499,503,508,530,551,580,594,602,609,614,626,668,690,697,710,726,727,738,752,758,759,772,801,802,818,837,850,860,909,936,948,964,976
0180_00365	20,94,107,141,199,207,241,406,481,508,544,626,727,750,802,948
0180_00366	98,134,188,206,223,240,245,249,317,405,422,479,506,508,517,532,580,582,654,662,727,778,787,884,950,968,981,984,1012
0180_00367	85,89,96,103,125,132,134,139,153,159,164,197,212,223,245,307,311,319,326,337,351,368,387,388,390,401,405,422,442,461,506,508,524,582,585,626,631,645,662,696,710,719,727,731,743,783,848,867,936,968,974,981,990,1007
0180_00368	57,76,89,96,103,109,125,132,134,139,153,159,164,173,177,197,212,223,245,266,307,319,337,347,351,368,387,388,401,405,422,442,461,506,508,524,555,582,585,588,626,631,645,662,692,696,719,727,731,743,763,783,848,867,874,936,954,968,974,980,981,990,997,1007
0180_00369	15,20,36,48,94,134,170,225,245,272,283,317,353,387,420,442,456,484,487,506,508,513,550,591,626,634,640,654,662,672,727,731,781,806,828,866,893,899,901,968,972
0180_00370	15,153,207,300,323,326,390,452,495,538,576,626,701,775,781,918,1018
0180_00371	5,15,23,30,89,158,314,461,577,579,626,647,711,719,782,836,887,918,936,959,993
