id	bits.on
0080_00001	15,73,81,89,116,134,175,183,237,272,298,371,380,385,393,405,419,487,524,543,550,585,620,651,666,683,686,725,752,772,928,929,937,948,968
0080_00002	20,48,57,62,84,124,138,140,153,167,171,207,267,283,292,306,308,320,347,358,370,429,430,497,508,530,540,542,544,556,565,600,625,640,648,662,685,698,700,718,727,734,746,747,748,755,763,778,781,826,833,857,877,911,918,919,921,932,948,954,994,1019
0080_00004	4,35,50,63,67,85,89,94,127,132,134,137,139,145,153,159,175,197,209,212,304,311,316,319,326,351,352,387,390,401,405,422,442,461,524,576,626,631,675,686,710,719,743,772,783,801,804,814,924,936,948,968,974,982
0080_00006	20,50,62,64,96,153,154,183,207,283,292,308,312,326,347,361,370,390,474,481,497,508,530,542,544,556,558,576,599,625,626,636,640,662,727,748,755,778,779,781,807,826,845,850,864,918,948,994,1019
0080_00008	19,20,24,38,87,94,107,134,141,147,153,158,190,207,215,256,260,270,307,319,347,389,481,482,508,515,528,550,579,605,616,620,626,640,676,727,733,744,776,789,812,871,904,945,947,968,989,1003
0080_00009	19,20,24,64,87,94,107,113,134,141,153,158,207,215,270,328,414,481,482,508,515,528,533,626,640,727,733,776,789,820,904,968,989,1003
0080_00017	19,56,65,89,134,139,153,155,159,167,172,197,212,244,319,351,387,401,405,422,436,442,461,481,486,524,525,558,566,580,621,625,626,629,653,658,678,690,711,719,728,755,783,785,791,881,887,915,935,936,948,960,968,974,975,990,1015,1017
0080_00020	20,28,44,58,65,90,94,108,120,125,126,129,134,153,154,191,207,220,223,245,248,251,266,278,306,332,355,356,367,418,446,457,480,494,506,508,530,554,567,579,582,592,626,662,689,697,727,752,756,783,786,802,807,840,841,850,886,917,923,942,946,948,971,972,1010
0080_00021	20,28,39,58,65,66,73,77,82,94,126,129,134,153,154,180,191,207,220,223,236,245,248,266,293,299,332,356,357,367,391,405,418,457,468,480,490,494,495,506,508,525,530,541,567,571,579,582,592,614,615,620,626,627,662,687,689,727,752,756,772,783,786,802,840,841,850,853,885,911,918,941,942,946,947,948,949,963,997
0080_00022	15,18,20,79,89,94,134,153,190,245,264,356,381,429,480,497,508,510,530,547,553,562,605,623,626,651,662,671,683,719,726,727,752,773,778,789,795,803,827,835,946,972,976,981,1008
0080_00026	20,21,59,64,115,134,153,159,171,173,220,233,234,245,255,264,269,280,327,332,347,361,419,440,468,508,530,537,549,625,663,689,698,710,731,756,757,762,774,778,827,847,850,854,884,896,912,944,945,948,1014
0080_00027	15,20,25,26,36,61,72,85,89,102,129,134,139,141,148,153,205,211,222,233,245,255,305,315,326,350,351,357,358,399,408,413,469,499,508,513,517,523,527,566,603,610,626,640,681,704,727,730,755,766,768,772,774,790,801,819,822,836,852,855,862,898,926,936,948,968,1009,1019,1022
0080_00028	15,20,25,26,36,72,85,89,102,129,134,141,146,148,153,182,205,211,222,233,245,255,305,315,347,350,351,357,358,372,399,408,413,421,469,499,508,513,517,523,527,544,566,603,610,626,681,704,727,730,746,755,762,766,768,772,774,782,790,801,810,819,822,836,852,855,862,886,936,948,968,975,989,1009,1019,1022
0080_00029	15,20,21,25,26,36,61,72,85,89,117,129,134,139,141,148,153,208,216,222,245,255,302,305,313,315,326,351,357,358,399,401,408,449,458,472,499,508,513,566,603,626,627,648,649,681,713,727,733,749,751,755,768,772,782,801,836,852,855,862,898,926,948,968,973,1019,1022
0080_00033	15,16,20,25,26,49,60,72,85,87,89,116,134,141,148,153,182,222,245,255,258,280,285,291,297,311,315,347,351,357,371,393,399,400,452,471,477,499,508,513,544,560,566,581,595,603,727,746,751,755,762,768,772,801,821,836,849,875,886,908,944,948,968,969,971,989,1019,1022
0080_00043	20,48,50,57,62,64,84,124,138,140,153,154,167,171,207,267,283,292,306,308,312,320,347,358,361,370,429,430,481,497,508,530,540,542,544,556,558,565,599,600,625,640,648,662,685,698,700,718,727,734,746,747,748,755,763,778,781,826,833,850,857,864,877,911,918,919,921,932,948,954,994,1019
0080_00044	20,93,94,107,141,153,202,207,217,231,259,261,341,463,481,508,545,626,642,659,698,704,727,756,771,776,778,789,833,915
0080_00045	20,62,124,128,138,140,153,171,207,224,272,283,306,319,347,358,370,387,434,437,497,508,511,526,530,556,575,627,640,662,700,727,733,748,755,778,781,826,827,833,918,919,948,994
0080_00046	20,138,153,207,266,387,390,434,508,511,526,575,615,626,627,682,700,707,725,727,779,833,919,932,948
0080_00047	88,117,134,141,153,195,207,326,365,387,395,405,423,479,481,557,576,625,626,662,787,819,866,867,960,968,989
0080_00049	20,64,96,134,141,153,207,256,269,272,287,341,372,383,389,407,479,481,487,503,508,530,550,601,603,615,654,662,714,727,762,776,778,786,797,812,893,896,947,968,989
0080_00050	19,20,40,94,107,134,141,153,207,270,281,481,482,508,528,550,558,620,626,640,676,727,733,747,776,789,819,947,968,970,989
0080_00055	15,20,66,89,120,134,153,161,165,172,184,196,245,251,254,300,302,309,312,324,343,347,453,498,508,515,522,549,611,630,640,717,727,760,772,786,804,815,850,914,938,948,994,1022
0080_00058	20,47,51,64,94,96,107,134,153,207,272,292,303,372,383,389,398,407,479,487,503,508,516,521,550,603,626,654,662,714,727,739,762,778,786,797,812,827,893,896,927,948,960,968,989
0080_00059	20,56,62,94,96,107,134,145,153,207,230,270,421,487,508,516,550,558,588,626,647,655,727,731,739,741,762,797,820,948,950,960,968,978,989,992
0080_00062	20,56,77,94,107,153,207,225,231,424,436,458,481,508,516,621,626,647,655,727,734,739,762,764,778,797,862,896,913,948,960,984
0080_00063	20,94,107,126,134,151,153,207,209,259,295,316,341,382,480,481,508,511,626,727,756,847,917,995,999
0080_00064	19,20,138,141,153,202,207,225,231,269,387,438,481,508,547,606,688,700,713,718,727,771,776,778,813,833,919,932,948
0080_00068	20,50,62,64,94,153,154,163,283,312,361,391,480,481,497,508,530,556,558,599,626,662,727,752,755,778,803,826,850,864,918,948,976,994
0080_00078	20,56,62,69,94,105,107,112,128,129,141,153,207,217,231,242,257,270,274,279,283,334,342,354,363,365,366,474,480,481,494,508,516,530,556,583,626,674,680,692,727,736,739,755,757,776,778,786,789,812,824,826,829,871,915,917,923,927,947,948,994
0080_00079	57,84,138,142,153,207,267,292,311,320,326,347,390,429,430,474,508,513,540,576,600,626,700,718,734,763,779,833,877,911,919,921,926,932,948,954,955,994
0080_00080	34,62,141,153,207,225,231,283,285,313,326,387,390,394,399,481,556,576,626,662,674,679,701,755,778,781,826,877,948,994
0080_00081	7,20,44,50,57,62,64,84,138,153,154,183,207,267,283,292,312,320,347,361,366,374,390,411,418,429,430,481,497,502,508,516,530,540,556,558,559,591,599,600,626,650,662,673,700,718,724,727,729,734,739,755,757,763,778,781,826,833,850,859,864,877,905,911,918,919,921,932,948,954,955,960,993,994,1007
0080_00085	13,15,20,22,38,56,88,89,100,117,134,150,153,170,175,190,195,201,207,211,213,237,245,264,307,331,341,347,371,384,387,391,395,397,405,411,415,429,479,481,508,516,524,554,611,615,645,646,662,727,739,749,772,787,814,835,842,866,914,942,968,984,989,1009,1022
0080_00086	20,94,134,160,177,195,252,304,366,387,395,405,445,469,479,508,510,551,611,626,662,727,787,850,968,973
0080_00087	15,26,47,58,76,89,90,96,123,125,134,175,198,207,218,222,237,241,248,268,285,295,300,351,384,425,458,462,495,499,540,593,598,605,609,626,652,653,668,683,729,730,733,742,743,745,768,772,777,802,818,837,842,844,850,853,860,876,890,900,933,936,940,942,948,952,970,993,995,1001,1014,1022
