id	bits.on
0263_00003	62,74,75,80,85,86,89,92,98,100,104,109,110,111,113,114,115,117,118,121,122,123,125,126,127,128,129,131,132,133,135,136,137,138,139,140,141,142,143,144,145,146,147,148,149,150,151,152,153,154,155,156,157,158,159,160,161,162,163,164,165
0263_00007	26,42,50,53,66,72,76,82,87,89,90,91,96,99,104,105,107,108,109,112,115,116,118,127,128,129,131,132,134,136,139,140,143,145,146,147,149,150,152,153,154,155,157,159,160,163,164,165
0263_00010	47,52,62,64,66,69,75,77,78,79,80,81,83,88,92,93,94,95,96,97,106,110,112,117,119,120,121,122,124,125,127,133,135,137,142,143,145,148,149,150,151,154,156,158,160,161,162,163,164,165
0263_00017	26,42,50,66,72,76,87,89,90,91,96,99,104,105,107,108,109,112,115,116,123,126,127,128,129,131,132,134,136,139,140,141,143,145,146,147,149,150,152,153,154,155,157,159,160,163,164,165
0263_00018	23,52,53,54,62,65,66,69,74,79,80,86,90,91,92,93,94,95,97,98,100,104,106,110,111,112,117,121,122,123,124,125,126,129,131,132,136,137,138,139,140,141,142,145,146,148,149,151,152,153,154,155,156,157,158,159,160,161,162,163,164,165
0263_00020	29,62,74,75,83,85,86,89,90,91,92,95,96,97,100,102,110,111,112,114,117,118,121,122,123,124,126,128,129,130,132,136,137,138,139,140,141,145,146,147,148,149,150,153,154,155,156,157,158,159,160,161,162,163,164,165
0263_00021	38,57,62,65,72,75,77,79,80,82,83,85,90,91,92,95,96,97,98,105,109,110,111,113,117,120,121,122,127,128,129,131,132,133,137,139,142,143,146,147,148,151,152,153,154,155,156,157,158,159,161,162,163,164,165
0263_00027	53,54,57,72,82,89,90,91,93,98,109,113,120,123,125,126,127,131,132,137,139,140,143,144,145,146,147,149,150,152,153,154,155,157,159,160,162,163,164,165
0263_00029	19,50,57,74,76,85,86,93,99,100,104,105,109,111,113,115,116,122,123,125,132,137,138,139,144,145,146,147,148,149,152,153,154,155,157,158,159,160,161,162,163,164,165
0263_00043	50,54,76,79,84,90,92,95,97,99,104,110,111,114,116,117,123,126,127,131,132,133,136,139,140,141,142,143,146,149,150,151,152,154,155,156,157,158,159,160,161,163,164,165
0263_00047	26,50,66,72,76,82,91,96,99,104,105,108,109,112,115,116,118,127,128,129,131,132,136,139,140,143,145,146,147,149,150,152,153,154,155,157,159,160,163,164,165
0263_00048	90,91,99,104,108,114,115,116,118,123,128,129,132,139,147,154,155,157,159,160,164
0263_00050	66,90,91,96,104,105,108,112,115,116,118,123,127,128,129,131,132,139,140,141,143,145,146,147,149,150,152,154,155,157,159,160,163,164,165
0263_00052	53,54,66,72,74,80,82,84,86,89,90,91,92,93,95,97,100,104,108,109,110,111,112,113,115,116,117,118,126,127,128,129,131,132,136,138,139,140,141,142,143,144,146,147,149,150,151,152,153,154,155,156,157,158,159,160,161,162,163,164,165
0263_00053	50,54,76,79,84,90,92,95,97,99,104,109,110,111,114,116,117,123,126,127,128,131,132,133,136,140,141,142,143,146,149,150,151,152,153,154,155,156,157,158,159,160,161,163,164,165
0263_00054	62,66,74,85,86,93,97,99,108,109,112,114,122,123,126,128,133,141,145,147,148,149,150,153,154,155,156,157,158,159,160,161,162,163,164,165
0263_00057	54,93,95,131,139,149,151,152,156,157,158,160,161,162,163,164,165
0263_00058	25,32,33,42,51,53,55,58,60,61,62,65,67,73,74,77,80,81,87,88,89,91,93,94,97,98,99,102,104,106,107,112,117,120,121,122,123,124,125,130,131,132,133,134,135,136,137,139,140,141,142,144,145,146,148,149,150,152,154,155,156,157,158,159,160,161,162,163,164,165
0263_00059	22,45,54,66,74,76,84,86,88,90,91,92,95,99,104,110,111,112,115,117,118,123,128,129,131,136,138,139,140,142,146,147,149,150,151,153,154,155,156,157,158,159,160,161,164,165
0263_00060	37,42,53,57,62,65,72,75,77,80,82,83,85,87,89,90,92,96,97,98,106,107,109,110,112,113,117,120,121,122,127,131,132,133,134,136,137,139,140,142,143,144,146,148,150,151,152,153,154,155,156,157,158,159,161,162,163,164,165
0263_00061	42,53,62,65,74,75,83,85,87,89,91,96,99,104,105,107,121,122,123,125,131,132,134,137,139,140,144,145,146,148,149,150,152,154,155,156,157,158,159,160,161,162,163,164,165
0263_00062	37,49,52,57,62,65,70,72,75,77,80,82,83,85,89,91,92,94,95,96,97,98,106,109,110,111,113,117,119,120,121,122,124,127,128,129,130,131,132,133,136,137,139,140,142,143,144,146,148,150,151,152,153,154,155,156,157,158,159,160,161,162,163,164,165
0263_00063	53,54,66,74,79,82,90,91,92,93,95,97,100,104,108,110,111,112,115,116,117,123,126,128,129,131,132,136,139,140,141,142,146,147,149,151,153,154,155,156,157,158,159,160,161,162,163,164,165
0263_00065	54,74,90,91,92,95,104,108,110,111,116,117,118,123,129,131,136,139,145,146,147,149,151,154,155,156,157,158,159,160,161,162,163,164,165
0263_00066	38,52,62,65,75,77,79,80,83,94,96,97,113,120,121,122,123,124,125,127,131,133,135,137,139,140,142,143,144,145,146,148,150,152,154,156,157,158,159,161,162,163,164,165
0263_00068	36,38,50,65,75,76,77,79,81,83,85,88,90,96,99,100,111,114,115,116,118,120,121,122,123,128,129,131,136,137,139,140,142,144,146,147,148,150,153,154,155,156,157,158,159,160,161,162,163,164,165
0263_00069	37,41,42,43,52,69,77,78,79,90,94,95,106,107,110,111,112,113,117,119,124,125,126,127,131,133,134,135,142,143,145,151,152,154,155,156,157,158,159,161,162,163,164,165
0263_00077	25,41,43,65,77,78,79,80,82,83,86,88,90,91,93,96,100,104,106,108,111,116,119,120,121,129,131,137,138,142,144,147,149,150,151,153,155,156,158,160,161,162,165
0263_00078	19,28,52,57,62,72,75,78,83,84,92,94,95,96,105,108,109,110,111,113,115,117,119,120,121,122,123,124,125,133,135,137,142,144,145,146,148,149,150,151,152,153,154,156,157,158,159,160,161,162,163,164,165
0263_00084	26,41,50,66,76,90,91,96,97,99,104,105,108,111,112,115,116,118,127,128,129,132,139,143,145,147,150,152,154,155,157,159,160,161,163,164,165
0263_00085	66,90,91,96,104,105,108,112,115,116,118,123,127,128,129,131,132,139,140,141,143,145,146,147,149,150,152,154,155,157,159,160,163,164,165
0263_00086	26,50,66,72,76,87,89,91,96,99,103,104,105,107,108,109,112,114,115,116,123,126,127,128,129,132,134,136,139,140,141,143,145,146,147,149,150,152,153,154,155,157,159,160,163,164,165
0263_00087	26,50,53,66,72,76,82,87,89,90,91,96,99,103,104,105,107,108,109,112,115,116,127,128,129,131,132,134,136,139,140,141,143,145,146,147,149,150,152,153,154,155,157,159,160,163,164,165
0263_00088	26,42,50,57,66,72,74,76,83,87,89,91,96,99,101,104,105,107,108,109,112,115,116,120,123,126,127,128,129,132,134,136,137,139,140,141,143,145,146,149,150,152,153,154,155,157,159,160,163,164,165
0263_00089	15,26,50,66,72,76,89,91,96,99,104,105,106,108,109,112,114,115,116,118,123,126,127,128,129,132,136,138,139,140,141,143,145,146,147,149,150,152,153,154,155,157,159,160,163,164,165
0263_00090	26,42,50,66,72,76,82,87,91,96,99,104,105,107,108,109,112,115,116,127,128,129,131,132,134,136,139,140,141,143,145,146,147,149,150,152,153,154,155,157,159,160,163,164,165
0263_00091	26,50,66,74,76,90,91,99,104,105,108,112,115,116,118,123,127,128,129,131,132,136,139,140,141,143,145,146,147,149,150,152,154,157,159,160,163,164,165
0263_00092	26,50,66,72,76,96,99,105,108,112,114,115,116,118,123,126,127,128,129,132,136,140,141,143,145,146,147,149,150,152,154,155,157,159,160,163,164,165
0263_00093	66,90,91,96,104,105,108,112,115,116,118,123,127,128,129,131,132,136,139,140,141,143,145,146,147,149,150,152,154,155,157,159,160,163,164,165
0263_00094	26,50,66,76,91,96,99,105,108,112,113,115,116,118,127,128,129,132,139,143,144,145,147,150,152,154,157,159,160,162,163,164,165
0263_00095	66,96,105,108,112,113,115,116,118,125,127,128,129,132,139,143,144,145,147,150,152,154,157,159,160,162,163,164,165
0263_00096	26,50,66,74,76,90,91,99,104,105,108,112,115,116,118,123,127,128,129,131,132,139,141,143,145,146,147,149,150,152,154,157,159,160,163,164,165
0263_00097	66,90,91,96,104,105,108,112,115,116,118,123,127,128,129,131,132,139,140,141,143,145,146,147,149,150,152,154,155,157,159,160,163,164,165
0263_00098	26,50,66,76,91,96,99,104,105,108,112,114,115,116,127,128,129,132,136,139,141,143,145,146,147,149,150,152,154,155,157,159,160,163,164,165
0263_00099	66,90,91,96,104,105,108,112,115,116,118,123,127,128,129,131,132,139,140,141,143,145,146,147,149,150,152,154,155,157,159,160,163,164,165
0263_00112	53,54,57,62,72,89,98,105,113,125,127,131,137,139,140,143,144,145,146,150,152,154,157,159,162,163,164,165
0263_00118	84,90,91,92,99,104,108,110,111,114,115,116,117,118,128,129,132,147,151,154,155,156,158,160,161,164
0263_00148	13,24,30,49,50,54,66,71,72,74,75,76,83,85,86,89,90,91,94,95,96,97,99,100,101,102,104,105,109,111,112,121,122,123,124,126,127,128,129,131,132,137,138,139,140,141,143,146,147,148,149,152,153,154,155,156,157,158,159,160,161,164,165
0263_00149	19,34,57,66,75,83,85,86,89,91,92,93,96,97,98,99,100,101,105,108,109,110,112,115,117,120,121,122,127,128,129,132,135,137,138,142,143,144,145,148,151,152,153,154,156,157,158,159,160,161,162,163,164,165
0263_00150	8,11,53,54,57,66,72,89,90,91,96,98,101,104,105,109,112,115,116,120,123,127,128,129,131,132,136,137,139,140,143,145,146,149,150,152,153,154,157,159,160,163,164,165
0263_00151	50,53,57,62,74,76,89,90,91,98,99,105,113,116,125,127,131,132,137,139,140,143,144,145,146,149,150,152,154,155,157,159,160,162,163,164,165
0263_00152	19,34,50,54,57,66,72,76,83,89,90,91,96,98,99,105,108,109,112,116,120,123,127,128,129,131,132,136,137,139,140,143,145,146,149,150,152,153,154,157,159,160,163,164,165
0263_00153	13,24,30,49,50,53,54,66,71,72,74,75,76,83,85,86,89,91,94,95,96,97,99,100,101,102,105,109,111,112,121,122,123,124,126,127,128,129,131,132,136,137,138,139,140,141,143,146,147,148,149,152,153,154,155,156,157,158,159,160,161,164,165
0263_00154	50,53,54,57,62,66,72,76,83,89,90,91,96,98,99,104,105,108,109,112,115,116,118,120,123,126,127,128,129,131,132,136,137,139,140,143,145,146,147,149,150,152,153,154,157,159,160,163,164,165
0263_00155	8,11,26,50,53,57,66,72,74,76,89,99,101,104,105,108,109,112,116,123,126,127,129,131,132,136,137,139,140,141,143,145,146,149,150,152,153,154,157,159,160,162,163,164,165
0263_00156	8,11,26,50,54,57,66,72,74,76,89,92,95,97,99,101,104,105,108,109,110,112,116,117,123,125,126,127,129,131,132,136,137,139,140,141,143,145,146,149,150,151,152,153,154,156,157,158,159,160,161,162,163,164,165
0263_00159	99,113,123,127,131,139,143,144,146,150,152,154,157,159,162,163,164,165
0263_00162	25,38,43,53,54,57,62,65,72,75,77,79,80,82,83,84,85,89,90,91,92,95,96,97,98,105,106,109,110,113,117,120,121,122,127,131,132,133,135,137,139,140,142,143,146,148,150,151,152,153,154,155,156,157,158,159,161,162,163,164,165
0263_00164	24,39,40,47,48,53,54,55,57,58,60,61,64,65,67,69,71,72,73,78,81,82,83,88,89,90,91,94,95,96,97,98,102,105,106,109,111,112,119,120,121,124,126,127,130,131,132,136,137,139,140,142,143,145,146,148,150,151,152,153,155,156,157,159,161,162,163,164,165
0263_00165	53,54,57,62,66,72,82,83,89,90,91,96,98,104,105,109,112,113,120,123,125,126,127,131,132,137,138,139,140,143,145,146,150,152,153,154,155,157,159,162,163,164,165
0263_00166	53,54,57,62,72,89,98,105,113,120,123,125,126,127,131,137,139,140,143,144,145,146,149,150,152,154,157,159,160,162,163,164,165
0263_00184	23,24,51,55,58,60,61,66,67,71,73,74,78,79,81,88,93,94,95,97,102,106,110,112,117,119,123,124,126,130,136,140,141,142,146,148,149,151,154,156,157,158,159,160,161,164
0263_00209	38,41,65,77,78,80,85,86,87,93,98,100,103,107,115,116,119,121,122,134,137,142,148,149,153,155,156,158,160,161,162,163,165
0263_00211	23,72,82,92,95,100,106,108,110,114,117,123,126,131,133,135,136,142,146,149,151,152,153,154,155,156,157,158,159,160,161,162,163,164,165
0263_00213	24,25,43,49,52,57,63,69,70,71,77,78,79,82,83,86,90,91,93,94,96,97,100,102,106,108,109,117,119,122,124,128,129,130,131,132,137,138,142,146,147,148,151,153,155,156,157,158,159,160,161,164,165
0263_00228	37,41,42,43,52,69,77,78,79,90,94,95,106,107,110,111,112,113,117,119,124,125,126,127,131,133,134,135,142,143,145,151,152,154,155,156,157,158,159,161,162,163,164,165
0263_00231	24,50,71,76,78,81,88,89,91,94,97,99,102,103,104,108,109,111,114,115,116,119,124,126,127,128,129,132,134,138,139,141,143,146,149,150,152,153,154,155,156,157,159,160,161,163,164,165
0263_00234	47,52,62,64,66,69,75,77,78,79,80,81,83,88,92,93,94,95,96,97,106,110,112,117,119,120,121,122,124,125,127,133,135,137,142,143,145,148,149,150,151,154,156,158,160,161,162,163,164,165
0263_00250	38,42,65,75,77,78,79,80,83,85,86,87,95,96,103,106,107,108,109,111,112,114,115,119,120,121,122,126,129,132,133,134,135,137,138,142,144,147,148,150,153,155,156,157,158,160,161,162,163,164,165
0263_00251	50,52,65,66,74,75,76,77,79,80,83,87,90,91,94,95,96,97,99,100,103,104,107,108,111,112,115,116,120,121,122,124,127,128,129,132,134,137,139,142,143,147,148,149,150,152,153,155,156,157,158,160,161,162,163,164,165
0263_00261	25,28,38,43,65,72,74,75,77,79,80,82,83,84,85,89,90,91,92,95,96,97,98,100,105,106,109,110,113,117,120,121,122,123,126,127,129,131,132,133,135,136,137,138,139,140,142,143,146,148,149,151,152,153,154,155,156,157,158,159,160,161,162,163,164,165
0263_00263	8,11,36,45,47,50,54,76,79,81,84,85,88,91,92,95,97,98,99,101,105,110,115,117,120,121,122,123,127,131,133,136,137,139,140,142,143,145,146,148,150,151,153,154,156,157,158,159,160,161,162,163,164,165
0263_00267	26,50,57,64,66,76,81,83,88,96,99,105,108,112,115,116,118,123,127,128,129,132,136,137,140,141,143,145,146,147,149,152,154,157,159,160,163,164,165
0263_00269	57,66,72,75,83,85,86,93,96,98,100,101,105,108,111,112,113,115,116,118,120,121,122,126,127,128,129,132,137,143,144,145,146,147,148,149,152,153,154,156,157,158,159,160,161,162,163,164,165
0263_00273	57,66,72,75,83,85,86,91,93,96,98,99,100,101,105,111,112,113,115,116,120,121,122,127,128,129,131,137,139,143,144,145,146,147,148,152,153,156,157,158,159,160,161,162,163,164,165
0263_00274	62,74,75,80,85,86,89,92,98,100,104,109,110,111,113,114,115,117,118,121,122,123,125,126,127,128,129,131,132,133,135,136,137,138,139,140,141,142,143,144,145,146,147,148,149,150,151,152,153,154,155,156,157,158,159,160,161,162,163,164,165
0263_00276	26,42,50,53,66,72,76,82,87,89,90,91,96,99,104,105,107,108,109,112,115,116,118,127,128,129,131,132,134,136,139,140,143,145,146,147,149,150,152,153,154,155,157,159,160,163,164,165
0263_00278	23,42,57,62,75,80,82,83,85,86,87,90,92,95,96,98,100,106,107,109,110,111,116,117,118,120,121,122,123,127,129,132,133,134,135,136,137,138,140,142,143,144,145,146,147,148,150,151,152,153,154,155,156,157,158,159,160,161,162,163,164,165
0263_00282	47,52,62,64,66,69,75,77,78,79,80,81,83,88,92,93,94,95,96,97,106,110,112,117,119,120,121,122,124,125,127,133,135,137,142,143,145,148,149,150,151,154,156,158,160,161,162,163,164,165
0263_00291	26,42,50,66,72,76,87,89,90,91,96,99,104,105,107,108,109,112,115,116,123,126,127,128,129,131,132,134,136,139,140,141,143,145,146,147,149,150,152,153,154,155,157,159,160,163,164,165
0263_00292	54,79,82,90,91,95,100,104,108,109,111,114,116,128,129,131,138,139,142,147,149,151,153,155,156,157,158,159,160,161,164
0263_00294	28,57,62,72,75,83,85,86,89,93,95,96,97,98,100,105,109,111,113,115,116,120,121,122,123,125,126,127,137,138,140,141,143,144,145,146,147,148,149,150,152,153,154,156,157,158,159,160,161,162,163,164,165
0263_00296	23,52,53,54,62,65,66,69,74,79,80,86,90,91,92,93,94,95,97,98,100,104,106,110,111,112,117,121,122,123,124,125,126,129,131,132,136,137,138,139,140,141,142,145,146,148,149,151,152,153,154,155,156,157,158,159,160,161,162,163,164,165
0263_00297	29,62,74,75,83,85,86,89,90,91,92,95,96,97,100,102,110,111,112,114,117,118,121,122,123,124,126,128,129,130,132,136,137,138,139,140,141,145,146,147,148,149,150,153,154,155,156,157,158,159,160,161,162,163,164,165
0263_00298	33,36,38,54,57,58,62,65,66,67,72,74,75,77,79,80,82,83,85,86,88,90,92,94,95,96,97,98,100,104,109,110,111,112,113,116,117,118,120,121,122,124,126,127,129,130,131,132,133,135,137,138,139,141,142,143,144,146,147,148,149,150,151,152,153,155,156,157,158,159,160,161,162,163,164,165
0263_00299	38,57,62,65,72,75,77,79,80,82,83,85,90,91,92,95,96,97,98,105,109,110,111,113,117,120,121,122,127,128,129,131,132,133,137,139,142,143,146,147,148,151,152,153,154,155,156,157,158,159,161,162,163,164,165
0263_00301	23,32,33,51,54,55,57,58,59,60,61,64,67,72,73,74,80,81,83,84,86,88,89,90,91,94,95,96,100,101,102,104,105,106,108,109,110,111,112,115,117,120,122,123,124,125,126,127,128,129,130,131,132,133,135,136,137,138,139,140,142,143,145,146,147,148,149,151,152,153,154,155,156,157,158,159,160,161,162,163,164,165
0263_00302	54,84,95,131,139,151,152,156,157,158,160,161,162,163,164,165
0263_00308	36,47,62,77,78,79,81,83,85,86,88,96,100,101,105,106,111,119,120,121,122,128,129,137,138,142,147,148,153,156,158,161,162,163,165
0263_00314	19,50,57,74,76,85,86,93,99,100,104,105,109,111,113,115,116,122,123,125,132,137,138,139,144,145,146,147,148,149,152,153,154,155,157,158,159,160,161,162,163,164,165
0263_00326	53,89,99,113,125,127,131,139,143,145,146,152,157,159,162,163,164,165
0263_00331	23,36,37,47,53,54,65,74,77,79,81,83,85,86,88,90,91,92,93,95,96,97,100,104,106,109,110,111,115,117,120,121,122,123,125,126,129,131,132,136,137,138,139,140,141,142,145,146,148,149,151,152,153,154,155,156,157,158,159,160,161,162,163,164,165
0263_00332	50,54,76,79,84,90,92,95,97,99,104,110,111,114,116,117,123,126,127,131,132,133,136,139,140,141,142,143,146,149,150,151,152,154,155,156,157,158,159,160,161,163,164,165
0263_00337	26,50,66,72,76,82,91,96,99,104,105,108,109,112,115,116,118,127,128,129,131,132,136,139,140,143,145,146,147,149,150,152,153,154,155,157,159,160,163,164,165
0263_00338	26,50,57,76,89,91,98,99,104,105,108,114,115,116,123,126,127,128,129,132,136,137,139,140,141,143,145,146,147,149,150,152,154,155,157,159,160,163,164,165
0263_00343	65,72,79,83,85,86,89,90,91,93,96,97,98,100,105,108,111,113,120,121,122,123,125,126,127,128,129,132,136,137,138,140,141,142,143,144,145,146,147,148,149,150,151,152,153,154,156,157,158,159,160,161,162,163,164,165
0263_00346	37,38,42,53,57,62,65,72,75,77,80,82,83,84,85,87,89,90,92,96,97,98,106,107,109,110,112,113,117,120,121,122,127,131,132,133,134,135,137,139,140,142,143,144,146,148,150,151,152,153,154,155,156,157,158,159,161,162,163,164,165
0263_00347	28,29,38,43,48,65,69,72,75,77,79,80,83,84,85,95,96,98,100,102,104,105,106,109,112,115,116,120,121,122,124,126,129,130,131,132,133,135,137,138,139,140,142,146,148,151,152,153,155,156,157,158,159,160,161,162,163,164,165
0263_00348	54,82,86,93,95,100,104,113,115,127,131,132,139,143,151,152,153,155,157,158,159,160,161,162,163,164,165
0263_00349	41,53,66,75,79,82,83,85,91,92,95,96,97,100,101,104,105,110,111,112,117,118,121,122,127,128,129,131,132,133,137,138,139,142,143,145,147,148,150,151,152,153,154,155,156,157,158,159,161,163,164,165
0263_00352	54,72,82,86,93,95,100,104,113,115,127,131,132,139,143,144,146,150,151,152,153,155,157,158,159,160,161,162,163,164,165
0263_00354	8,11,19,36,47,57,62,65,66,71,74,79,80,81,83,85,88,89,92,94,95,96,97,102,105,110,112,117,120,121,122,123,124,127,131,133,136,137,139,140,141,142,143,144,146,148,149,150,151,152,154,156,157,158,159,160,161,162,163,164,165
0263_00355	53,54,66,72,74,80,82,84,86,89,90,91,92,93,95,97,100,104,108,109,110,111,112,113,115,116,117,118,126,127,128,129,131,132,136,138,139,140,141,142,143,144,146,147,149,150,151,152,153,154,155,156,157,158,159,160,161,162,163,164,165
0263_00356	50,54,76,79,84,90,92,95,97,99,104,109,110,111,114,116,117,123,126,127,128,131,132,133,136,140,141,142,143,146,149,150,151,152,153,154,155,156,157,158,159,160,161,163,164,165
0263_00358	62,66,74,85,86,93,97,99,108,109,112,114,122,123,126,128,133,141,145,147,148,149,150,153,154,155,156,157,158,159,160,161,162,163,164,165
0263_00361	66,74,85,86,93,97,100,112,114,115,116,122,123,125,126,128,129,132,141,145,148,149,152,153,154,155,157,158,159,160,161,162,163,164,165
0263_00362	36,37,38,42,57,62,65,72,75,77,80,81,82,83,84,85,87,88,89,91,92,96,97,98,106,107,109,110,111,113,117,120,121,122,127,128,129,131,132,133,134,135,137,138,139,142,143,144,146,148,150,151,153,154,155,156,157,158,159,161,162,163,164,165
0263_00368	19,75,83,85,89,91,93,96,97,98,105,108,111,116,121,122,123,126,127,128,129,132,136,137,139,140,143,145,146,147,148,150,152,154,156,157,158,159,160,161,162,163,164,165
0263_00369	66,74,85,86,93,108,111,112,114,115,116,122,125,129,132,141,145,148,149,152,154,155,156,158,160,161,162,163,164,165
0263_00370	25,32,33,42,51,53,55,58,60,61,62,65,67,73,74,77,80,81,87,88,89,91,93,94,97,98,99,102,104,106,107,112,117,120,121,122,123,124,125,130,131,132,133,134,135,136,137,139,140,141,142,144,145,146,148,149,150,152,154,155,156,157,158,159,160,161,162,163,164,165
0263_00372	15,50,62,66,76,83,89,90,92,93,95,96,97,99,104,105,106,108,109,110,111,112,114,116,117,118,121,123,126,127,129,132,136,137,140,141,143,144,145,146,147,149,150,151,152,153,154,155,156,157,158,159,160,161,162,163,164,165
0263_00373	22,45,54,66,74,76,84,86,88,90,91,92,95,99,104,110,111,112,115,117,118,123,128,129,131,136,138,139,140,142,146,147,149,150,151,153,154,155,156,157,158,159,160,161,164,165
0263_00374	37,42,53,57,62,65,72,75,77,80,82,83,85,87,89,90,92,96,97,98,106,107,109,110,112,113,117,120,121,122,127,131,132,133,134,136,137,139,140,142,143,144,146,148,150,151,152,153,154,155,156,157,158,159,161,162,163,164,165
0263_00375	42,53,62,65,74,75,83,85,87,89,91,96,99,104,105,107,121,122,123,125,131,132,134,137,139,140,144,145,146,148,149,150,152,154,155,156,157,158,159,160,161,162,163,164,165
0263_00376	37,49,52,57,62,65,70,72,75,77,80,82,83,85,89,91,92,94,95,96,97,98,106,109,110,111,113,117,119,120,121,122,124,127,128,129,130,131,132,133,136,137,139,140,142,143,144,146,148,150,151,152,153,154,155,156,157,158,159,160,161,162,163,164,165
0263_00377	53,54,66,74,79,82,90,91,92,93,95,97,100,104,108,110,111,112,115,116,117,123,126,128,129,131,132,136,139,140,141,142,146,147,149,151,153,154,155,156,157,158,159,160,161,162,163,164,165
0263_00378	37,38,42,57,62,65,72,75,77,80,83,84,85,87,89,92,95,96,97,98,106,107,110,113,117,120,121,122,123,126,127,133,134,135,136,137,140,141,142,143,144,146,148,149,150,151,152,154,156,157,158,159,160,161,162,163,164,165
0263_00380	54,74,90,91,92,95,104,108,110,111,116,117,118,123,129,131,136,139,145,146,147,149,151,154,155,156,157,158,159,160,161,162,163,164,165
0263_00381	38,52,62,65,75,77,79,80,83,94,96,97,113,120,121,122,123,124,125,127,131,133,135,137,139,140,142,143,144,145,146,148,150,152,154,156,157,158,159,161,162,163,164,165
0263_00383	36,38,50,65,75,76,77,79,81,83,85,88,90,96,99,100,111,114,115,116,118,120,121,122,123,128,129,131,136,137,139,140,142,144,146,147,148,150,153,154,155,156,157,158,159,160,161,162,163,164,165
0263_00384	36,42,50,59,75,76,79,81,82,85,86,88,91,95,98,99,100,104,105,106,107,109,111,112,118,120,121,122,125,128,129,132,134,137,138,139,142,144,145,147,148,153,155,157,158,161,162,163,164,165
0263_00385	62,87,90,93,103,104,105,107,108,111,116,125,133,134,144,145,147,150,151,156,158,160,161,162,163,165
0263_00391	24,52,65,66,71,74,75,78,80,83,92,93,94,95,96,97,102,109,110,111,112,113,117,119,120,121,122,123,124,125,126,127,130,137,140,141,142,143,144,145,146,148,149,150,152,153,154,155,156,157,158,159,160,161,162,163,164,165
0263_00403	25,41,43,65,77,78,79,80,82,83,86,88,90,91,93,96,100,104,106,108,111,116,119,120,121,129,131,137,138,142,144,147,149,150,151,153,155,156,158,160,161,162,165
0263_00404	19,28,52,57,62,72,75,78,83,84,92,94,95,96,105,108,109,110,111,113,115,117,119,120,121,122,123,124,125,133,135,137,142,144,145,146,148,149,150,151,152,153,154,156,157,158,159,160,161,162,163,164,165
0263_00411	23,72,84,89,90,93,104,106,109,110,113,117,123,126,127,131,132,138,139,140,143,144,146,150,151,152,153,154,155,156,157,158,159,160,161,162,163,164,165
0263_00412	26,41,50,66,76,90,91,96,97,99,104,105,108,111,112,115,116,118,127,128,129,132,139,143,145,147,150,152,154,155,157,159,160,161,163,164,165
0263_00413	66,90,91,96,104,105,108,112,115,116,118,123,127,128,129,131,132,139,140,141,143,145,146,147,149,150,152,154,155,157,159,160,163,164,165
0263_00414	26,50,66,72,76,87,89,91,96,99,103,104,105,107,108,109,112,114,115,116,123,126,127,128,129,132,134,136,139,140,141,143,145,146,147,149,150,152,153,154,155,157,159,160,163,164,165
0263_00415	26,50,53,66,72,76,82,87,89,90,91,96,99,103,104,105,107,108,109,112,115,116,127,128,129,131,132,134,136,139,140,141,143,145,146,147,149,150,152,153,154,155,157,159,160,163,164,165
0263_00416	26,42,50,57,66,72,74,76,83,87,89,91,96,99,101,104,105,107,108,109,112,115,116,120,123,126,127,128,129,132,134,136,137,139,140,141,143,145,146,149,150,152,153,154,155,157,159,160,163,164,165
0263_00417	15,26,50,66,72,76,89,91,96,99,104,105,106,108,109,112,114,115,116,118,123,126,127,128,129,132,136,138,139,140,141,143,145,146,147,149,150,152,153,154,155,157,159,160,163,164,165
0263_00418	26,42,50,66,72,76,82,87,91,96,99,104,105,107,108,109,112,115,116,127,128,129,131,132,134,136,139,140,141,143,145,146,147,149,150,152,153,154,155,157,159,160,163,164,165
0263_00419	26,50,66,74,76,90,91,99,104,105,108,112,115,116,118,123,127,128,129,131,132,136,139,140,141,143,145,146,147,149,150,152,154,157,159,160,163,164,165
0263_00420	66,72,90,91,96,99,105,108,112,115,116,118,127,128,129,132,136,139,143,145,146,147,149,150,152,154,157,159,160,163,164,165
0263_00421	26,50,66,72,76,96,99,105,108,112,114,115,116,118,123,126,127,128,129,132,136,140,141,143,145,146,147,149,150,152,154,155,157,159,160,163,164,165
0263_00422	26,50,66,76,91,96,99,105,108,112,113,115,116,118,127,128,129,132,139,143,144,145,147,150,152,154,157,159,160,162,163,164,165
0263_00423	66,96,105,108,112,113,115,116,118,125,127,128,129,132,139,143,144,145,147,150,152,154,157,159,160,162,163,164,165
0263_00424	26,50,66,74,76,90,91,99,104,105,108,112,115,116,118,123,127,128,129,131,132,139,141,143,145,146,147,149,150,152,154,157,159,160,163,164,165
0263_00425	66,90,91,96,104,105,108,112,115,116,118,123,127,128,129,131,132,139,140,141,143,145,146,147,149,150,152,154,155,157,159,160,163,164,165
0263_00426	26,50,66,76,91,96,99,104,105,108,112,114,115,116,127,128,129,132,136,139,141,143,145,146,147,149,150,152,154,155,157,159,160,163,164,165
0263_00427	66,90,91,96,104,105,108,112,115,116,118,123,127,128,129,131,132,139,140,141,143,145,146,147,149,150,152,154,155,157,159,160,163,164,165
0263_00444	53,54,57,62,72,89,98,105,113,125,127,131,137,139,140,143,144,145,146,150,152,154,157,159,162,163,164,165
0263_00449	84,90,91,92,99,104,108,110,111,114,115,116,117,118,128,129,132,147,151,154,155,156,158,160,161,164
0263_00457	99,109,114,115,116,118,123,126,132,147,153,154,155,157,159,160,162,163,164,165
0263_00499	65,80,82,85,86,90,92,98,100,101,105,110,113,117,120,121,122,127,128,137,138,142,143,144,145,148,151,153,154,156,158,161,162,163,164,165
0263_00500	50,53,65,66,76,80,84,91,92,98,99,101,104,105,108,110,111,112,113,115,117,121,127,128,131,133,137,142,143,144,145,149,150,151,154,156,158,160,161,162,163,164,165
0263_00501	16,22,34,50,57,66,72,76,83,89,96,99,105,108,112,115,116,118,120,123,127,128,129,132,137,143,146,147,149,150,152,154,157,159,160,164,165
0263_00503	16,19,22,34,50,57,66,72,76,83,89,96,98,99,101,104,105,108,112,116,120,123,127,132,136,137,139,140,143,145,146,149,150,152,154,157,159,160,163,164,165
0263_00504	16,19,22,50,53,54,57,66,72,76,82,89,90,91,96,98,99,105,109,112,116,120,127,128,131,137,138,139,140,143,145,146,149,150,152,153,154,155,157,159,160,163,164,165
0263_00505	53,57,89,99,105,108,113,115,116,118,123,127,128,129,131,132,136,137,139,140,143,144,146,147,152,154,157,159,160,162,163,164,165
0263_00506	26,50,54,57,66,72,76,83,85,86,89,91,95,96,97,99,100,101,105,108,109,111,112,120,121,122,123,127,128,129,131,132,136,137,138,139,140,141,143,146,147,148,149,150,152,153,154,156,157,158,159,160,161,164,165
0263_00507	26,50,57,66,72,76,83,85,86,90,91,95,96,97,99,100,101,105,108,109,111,112,115,116,120,121,122,123,127,128,129,132,136,137,138,139,140,141,143,146,147,148,149,150,152,153,154,156,157,158,159,160,161,164,165
0263_00509	13,24,30,49,50,54,66,71,72,74,75,76,83,85,86,89,90,91,93,94,95,96,97,99,100,101,102,104,105,109,111,112,121,122,123,124,126,127,128,129,131,132,137,138,139,140,141,143,146,147,148,149,152,153,154,155,156,157,158,159,160,161,164,165
0263_00510	16,22,26,50,57,66,72,76,83,85,86,89,90,91,95,96,97,99,100,101,105,108,109,111,112,115,116,120,121,122,123,127,128,129,132,136,137,138,139,140,141,143,146,147,148,149,150,152,153,154,156,157,158,159,160,161,164,165
0263_00511	28,57,72,75,83,85,86,93,96,97,98,100,104,105,109,113,115,120,121,122,123,125,127,128,132,137,138,139,140,143,144,145,146,148,152,153,156,157,158,159,160,161,162,163,164,165
0263_00512	13,16,22,24,26,30,49,50,57,66,71,72,75,76,82,83,85,86,89,90,94,95,96,97,99,100,101,102,105,108,109,111,112,116,120,121,122,123,124,127,128,129,132,136,137,138,139,140,143,146,147,148,149,150,152,153,154,155,156,157,158,159,160,161,164,165
0263_00513	13,16,22,24,26,30,49,50,57,66,71,72,75,76,83,85,86,89,90,91,94,95,96,97,99,100,101,102,105,108,109,111,112,115,116,120,121,122,123,124,127,128,129,132,136,137,138,139,140,141,143,146,147,148,149,150,152,153,154,156,157,158,159,160,161,164,165
0263_00514	19,72,89,90,92,93,104,105,108,110,111,113,117,126,127,133,136,140,141,143,144,146,147,149,150,151,152,154,156,157,158,159,160,161,162,163,164,165
0263_00515	50,54,66,72,74,76,83,85,86,89,91,93,95,96,97,99,100,101,105,109,111,112,121,122,123,126,127,128,129,131,132,136,137,138,139,140,141,143,146,147,148,149,152,153,154,155,156,157,158,159,160,161,164,165
0263_00516	26,50,57,66,76,83,90,96,98,99,101,104,105,108,109,112,115,116,118,120,123,127,128,129,132,137,139,141,143,145,146,147,149,152,153,157,159,160,163,164,165
0263_00517	8,11,26,50,53,57,66,72,74,76,89,99,101,104,105,108,109,112,116,123,126,127,129,131,132,136,137,139,140,141,143,145,146,149,150,152,153,154,157,159,160,162,163,164,165
0263_00518	50,57,62,66,72,76,83,89,90,91,93,96,98,99,104,105,108,109,112,115,116,118,120,123,126,127,128,129,131,132,136,137,139,140,141,143,145,146,147,149,150,152,153,154,157,159,160,163,164,165
0263_00519	65,72,79,83,85,86,89,90,91,93,96,97,98,100,105,108,111,113,120,121,122,123,125,126,127,128,129,132,136,137,138,140,141,142,143,144,145,146,147,148,149,150,151,152,153,154,156,157,158,159,160,161,162,163,164,165
0263_00520	62,65,75,80,83,85,86,93,96,98,100,108,111,115,116,118,120,121,122,137,142,147,148,150,153,156,158,160,161,162,163,165
0263_00521	57,65,75,77,79,83,85,93,96,108,109,111,114,116,120,121,122,123,127,128,129,137,142,143,144,148,149,150,153,154,155,156,157,158,159,160,161,162,164,165
0263_00522	34,50,57,76,83,96,99,105,108,115,116,118,123,127,128,129,137,143,147,149,150,152,154,157,159,160,164,165
0263_00523	26,50,57,66,76,83,96,99,105,108,112,115,116,123,127,136,137,141,143,145,146,147,149,150,152,154,157,159,160,163,164,165
0263_00524	80,85,86,92,98,100,105,110,111,117,118,120,121,122,127,128,129,132,137,138,142,143,145,147,148,153,154,156,158,161,163,164,165
0263_00525	19,75,82,83,85,89,93,96,97,98,105,108,109,111,116,121,122,123,126,127,128,129,132,137,139,143,145,146,147,148,152,153,154,155,156,157,158,159,160,161,162,163,164,165
0263_00526	50,54,66,72,74,76,83,85,86,89,90,91,95,96,97,99,100,101,104,105,109,111,112,121,122,123,126,127,128,129,131,132,137,138,139,140,141,143,146,147,148,149,152,153,154,155,156,157,158,159,160,161,164,165
0263_00527	26,28,50,53,54,57,72,76,83,89,91,92,95,96,97,98,99,105,109,110,113,117,120,121,123,127,131,137,139,140,143,144,145,146,150,151,152,153,154,156,157,158,159,161,162,163,164,165
0263_00528	13,24,30,49,50,54,66,71,72,74,75,76,83,85,86,89,90,91,94,95,96,97,99,100,101,102,104,105,109,111,112,121,122,123,124,126,127,128,129,131,132,137,138,139,140,141,143,146,147,148,149,152,153,154,155,156,157,158,159,160,161,164,165
0263_00529	53,57,89,90,91,99,104,105,108,113,115,116,118,123,127,128,129,131,132,137,139,140,143,144,146,147,152,154,157,159,160,162,163,164,165
0263_00530	13,24,30,49,50,66,71,72,74,75,76,83,85,86,89,90,91,93,94,95,96,97,99,100,101,102,104,105,109,111,112,121,122,123,124,126,127,128,129,131,132,137,138,139,140,141,143,146,147,148,149,152,153,154,155,156,157,158,159,160,161,164,165
0263_00531	22,34,50,53,66,72,74,76,89,90,91,96,99,104,105,108,112,115,116,127,131,132,139,140,141,143,146,147,149,150,152,154,157,159,160,164,165
0263_00532	26,34,50,57,66,72,76,83,85,86,91,95,96,97,99,100,101,105,108,109,111,112,120,121,122,123,127,128,129,132,136,137,138,139,140,141,143,146,147,148,149,150,152,153,154,156,157,158,159,160,161,164,165
0263_00533	50,54,66,72,74,76,83,85,86,89,91,95,96,97,99,100,101,105,108,109,111,112,121,122,123,126,127,128,129,131,132,136,137,138,139,140,141,143,146,147,148,149,152,153,154,155,156,157,158,159,160,161,164,165
0263_00534	13,24,26,30,34,49,50,57,66,71,72,75,76,83,85,86,89,90,91,94,95,96,97,99,100,101,102,105,108,109,111,112,116,120,121,122,123,124,127,128,129,132,136,137,138,139,140,143,146,147,148,149,150,152,153,154,156,157,158,159,160,161,164,165
0263_00537	65,79,83,85,86,89,90,91,93,96,98,100,104,105,111,118,120,121,122,123,126,127,128,129,131,132,137,138,139,142,143,144,145,146,147,148,150,151,152,153,154,156,157,158,159,160,161,162,163,164,165
0263_00538	26,50,57,66,72,75,76,85,86,89,90,91,93,97,99,100,101,105,108,109,111,112,115,116,120,121,122,123,127,128,129,132,136,137,138,139,140,141,143,146,147,148,149,150,152,153,154,157,158,159,160,161,164,165
0263_00539	13,24,26,30,49,50,54,57,66,71,72,75,76,82,83,85,86,89,90,91,94,95,96,97,99,100,101,102,104,105,109,111,112,115,116,120,121,122,123,124,127,128,129,131,132,136,137,138,139,140,143,146,147,148,149,150,152,153,154,155,156,157,158,159,160,161,164,165
0263_00540	50,53,57,62,66,76,83,89,90,91,96,99,104,105,108,109,112,115,116,118,123,127,128,129,131,132,136,137,139,140,143,145,146,147,150,152,153,154,157,159,160,163,164,165
0263_00541	26,50,57,66,76,82,83,90,91,92,96,98,99,100,101,104,105,108,110,111,112,115,116,117,118,120,121,127,128,129,131,132,137,139,141,143,145,147,149,151,152,153,156,157,158,159,160,161,163,164,165
0263_00542	19,28,57,66,72,74,76,83,85,86,89,90,91,93,96,97,99,100,104,105,108,109,111,112,113,115,116,118,120,121,122,123,126,127,128,129,131,132,136,137,138,139,140,141,143,144,146,147,148,149,150,152,153,154,155,156,157,158,159,160,161,162,163,164,165
0263_00544	80,85,86,92,98,99,100,105,110,111,117,118,120,121,122,127,128,129,137,138,142,143,145,147,148,153,154,156,158,161,163,164,165
0263_00546	19,75,82,83,85,89,93,96,97,98,105,108,109,111,116,121,122,123,126,127,128,129,132,137,139,143,145,146,147,148,152,153,154,155,156,157,158,159,160,161,162,163,164,165
0263_00547	50,54,66,72,74,76,83,85,86,89,90,91,95,96,97,99,100,101,104,105,109,111,112,121,122,123,126,127,128,129,131,132,137,138,139,140,141,143,146,147,148,149,152,153,154,155,156,157,158,159,160,161,164,165
0263_00548	13,24,30,49,50,54,66,71,72,74,75,76,83,85,86,89,90,91,94,95,96,97,99,100,101,102,104,105,109,111,112,121,122,123,124,126,127,128,129,131,132,137,138,139,140,141,143,146,147,148,149,152,153,154,155,156,157,158,159,160,161,164,165
0263_00549	19,34,57,66,75,83,85,86,89,91,92,93,96,97,98,99,100,101,105,108,109,110,112,115,117,120,121,122,127,128,129,132,135,137,138,142,143,144,145,148,151,152,153,154,156,157,158,159,160,161,162,163,164,165
0263_00550	8,11,53,54,57,66,72,89,90,91,96,98,101,104,105,109,112,115,116,120,123,127,128,129,131,132,136,137,139,140,143,145,146,149,150,152,153,154,157,159,160,163,164,165
0263_00551	26,34,50,57,66,72,76,83,85,86,90,91,95,96,97,99,100,101,105,108,109,111,112,116,120,121,122,123,127,128,129,132,136,137,138,139,140,143,146,147,148,149,150,152,153,154,156,157,158,159,160,161,164,165
0263_00552	50,53,57,62,74,76,89,90,91,98,99,105,113,116,125,127,131,132,137,139,140,143,144,145,146,149,150,152,154,155,157,159,160,162,163,164,165
0263_00553	16,22,26,50,57,66,72,76,82,83,85,86,89,90,95,96,97,99,100,101,105,108,109,111,112,116,120,121,122,123,127,128,129,132,136,137,138,139,140,143,146,147,148,149,150,152,153,154,155,156,157,158,159,160,161,164,165
0263_00554	13,24,26,30,49,50,57,66,71,72,75,76,83,85,86,89,90,91,94,95,96,97,99,100,101,102,105,108,109,111,112,115,116,120,121,122,123,124,127,128,129,132,136,137,138,139,140,141,143,146,147,148,149,150,152,153,154,156,157,158,159,160,161,164,165
0263_00555	72,85,86,93,97,98,100,105,108,111,113,121,122,125,126,127,128,129,137,138,140,141,143,144,145,146,147,148,149,150,152,153,156,157,158,159,160,161,162,163,164,165
0263_00556	19,34,50,54,57,66,72,76,83,89,90,91,96,98,99,105,108,109,112,116,120,123,127,128,129,131,132,136,137,139,140,143,145,146,149,150,152,153,154,157,159,160,163,164,165
0263_00557	50,53,54,66,72,74,76,83,85,86,89,91,95,96,97,99,100,101,105,109,111,112,121,122,123,126,127,128,129,131,132,136,137,138,139,140,141,143,146,147,148,149,152,153,154,155,156,157,158,159,160,161,164,165
0263_00558	13,24,30,49,50,53,54,66,71,72,74,75,76,83,85,86,89,91,94,95,96,97,99,100,101,102,105,109,111,112,121,122,123,124,126,127,128,129,131,132,136,137,138,139,140,141,143,146,147,148,149,152,153,154,155,156,157,158,159,160,161,164,165
0263_00559	13,24,30,49,50,54,66,71,72,74,75,76,83,85,86,89,91,93,94,95,96,97,99,100,101,102,105,109,111,112,121,122,123,124,126,127,128,129,131,132,136,137,138,139,140,141,143,146,147,148,149,152,153,154,155,156,157,158,159,160,161,164,165
0263_00560	50,53,54,57,62,66,72,76,83,89,90,91,96,98,99,104,105,108,109,112,115,116,118,120,123,126,127,128,129,131,132,136,137,139,140,143,145,146,147,149,150,152,153,154,157,159,160,163,164,165
0263_00561	8,11,26,50,53,57,66,72,74,76,89,99,101,104,105,108,109,112,116,123,126,127,129,131,132,136,137,139,140,141,143,145,146,149,150,152,153,154,157,159,160,162,163,164,165
0263_00562	19,53,66,72,75,85,86,89,90,91,93,96,97,98,100,101,104,105,108,109,112,114,115,116,121,122,123,126,127,128,129,131,132,136,137,138,139,140,141,143,145,146,148,149,150,152,153,154,155,156,157,158,159,160,161,162,163,164,165
0263_00563	8,11,26,50,54,57,66,72,74,76,89,92,95,97,99,101,104,105,108,109,110,112,116,117,123,125,126,127,129,131,132,136,137,139,140,141,143,145,146,149,150,151,152,153,154,156,157,158,159,160,161,162,163,164,165
0263_00566	26,28,50,54,57,72,76,83,85,86,91,96,97,98,99,100,105,109,111,113,120,121,122,123,127,128,129,131,137,138,139,140,143,144,145,146,147,148,150,152,153,156,157,158,159,161,162,163,164,165
0263_00567	72,75,85,86,93,98,100,105,111,113,115,116,121,122,125,126,127,128,129,137,141,143,144,145,147,148,149,150,152,153,156,157,158,159,160,161,162,163,164,165
0263_00568	16,19,22,57,75,82,83,85,89,93,95,96,97,98,101,105,109,111,116,120,121,122,123,126,127,132,137,139,140,143,145,146,148,152,153,154,155,156,157,158,159,160,161,162,163,164,165
0263_00569	50,66,72,74,76,83,85,86,89,90,91,93,95,96,97,99,100,101,104,105,109,111,112,121,122,123,126,127,128,129,131,132,137,138,139,140,141,143,146,147,148,149,152,153,154,155,156,157,158,159,160,161,164,165
0263_00570	57,83,89,93,96,98,99,101,105,113,120,123,125,126,127,137,139,140,143,144,145,146,152,154,157,159,160,162,163,164,165
0263_00571	50,54,66,72,74,76,83,85,86,89,90,91,93,95,96,97,99,100,101,104,105,109,111,112,121,122,123,126,127,128,129,131,132,137,138,139,140,141,143,146,147,148,149,152,153,154,155,156,157,158,159,160,161,164,165
0263_00572	19,26,50,57,66,76,80,83,85,86,89,92,96,97,98,99,100,101,105,109,110,111,112,117,120,121,122,127,128,129,132,135,137,138,142,143,144,145,147,148,152,153,154,156,157,158,159,161,162,163,164,165
0263_00573	16,19,22,50,53,57,66,72,76,82,89,90,91,96,98,99,105,108,109,112,115,116,120,123,126,127,128,129,131,132,136,137,138,139,140,141,143,145,146,149,150,152,153,154,155,157,159,160,163,164,165
0263_00574	72,75,85,86,91,93,98,100,105,111,113,115,116,121,122,125,126,127,128,129,137,139,140,141,143,144,145,146,147,148,149,150,152,153,156,157,158,159,160,161,162,163,164,165
0263_00575	26,50,54,57,66,72,76,82,83,85,86,89,90,91,95,96,97,99,100,101,104,105,109,111,112,115,116,120,121,122,123,127,128,129,131,132,136,137,138,139,140,143,146,147,148,149,150,152,153,154,155,156,157,158,159,160,161,164,165
0263_00576	50,57,65,76,79,83,85,86,89,90,91,93,96,97,98,99,100,105,108,111,116,120,121,122,123,126,128,129,137,138,142,144,145,146,147,148,149,151,152,153,154,156,157,158,159,160,161,162,163,164,165
0263_00577	65,66,72,79,83,85,86,91,92,93,95,96,98,100,104,105,108,110,111,112,114,116,117,118,120,121,122,123,126,127,128,129,132,137,138,139,142,143,144,145,146,147,148,149,152,153,154,155,156,157,158,159,160,161,162,163,164,165
0263_00578	16,19,22,50,57,66,72,76,89,91,96,98,99,105,108,109,112,115,116,120,123,126,127,128,129,136,137,138,139,140,141,143,145,146,147,149,150,152,153,154,155,157,159,160,163,164,165
0263_00579	19,26,50,57,66,72,76,80,83,85,86,89,92,93,96,97,98,99,100,101,105,109,110,111,112,113,117,120,121,122,126,127,128,129,132,135,137,138,140,142,143,144,145,146,147,148,149,150,152,153,154,156,157,158,159,160,161,162,163,164,165
0263_00580	26,50,57,66,76,82,83,90,91,95,96,97,98,99,100,104,105,108,112,115,116,118,120,121,127,128,129,131,132,137,139,141,143,145,146,147,149,151,152,153,154,156,157,158,159,160,161,163,164,165
0263_00581	26,50,53,66,74,76,82,89,90,91,99,104,105,108,109,112,115,116,118,123,127,128,129,131,132,139,140,141,143,145,146,147,149,150,152,153,154,155,157,159,160,163,164,165
0263_00582	26,50,53,66,72,74,76,89,91,96,99,104,105,108,112,115,116,123,126,127,128,129,131,132,136,139,140,141,143,145,146,149,150,152,154,157,159,160,163,164,165
0263_00583	19,50,53,54,57,66,72,76,83,85,86,89,90,91,95,96,97,98,99,100,104,105,108,111,112,115,116,118,120,121,122,123,126,127,128,129,131,132,137,138,139,140,141,143,145,146,147,148,149,150,152,153,154,156,157,158,159,160,161,163,164,165
0263_00594	25,38,43,53,54,57,62,65,72,75,77,79,80,82,83,84,85,89,90,91,92,95,96,97,98,105,106,109,110,113,117,120,121,122,127,131,132,133,135,137,139,140,142,143,146,148,150,151,152,153,154,155,156,157,158,159,161,162,163,164,165
0263_00596	53,54,57,62,66,72,82,83,89,90,91,96,98,104,105,109,112,113,120,123,125,126,127,131,132,137,138,139,140,143,145,146,150,152,153,154,155,157,159,162,163,164,165
0263_00597	53,54,57,62,72,89,98,105,113,120,123,125,126,127,131,137,139,140,143,144,145,146,149,150,152,154,157,159,160,162,163,164,165
0263_00599	26,34,50,53,54,57,72,76,82,89,90,91,98,99,105,109,120,123,126,127,131,132,137,138,139,140,143,145,146,147,150,152,153,154,155,157,159,163,164,165
0263_00603	53,54,57,62,72,82,89,90,91,98,105,109,113,120,123,125,126,127,131,132,137,139,140,143,144,145,146,150,152,153,154,155,157,159,162,163,164,165
0263_00644	29,48,74,76,85,86,89,92,93,97,99,102,106,110,112,117,122,124,126,130,136,140,141,146,148,149,152,154,156,157,158,159,160,161,164
0263_00647	29,48,76,89,92,93,97,99,102,106,110,112,117,124,126,130,136,140,141,146,148,149,151,152,154,156,157,158,159,160,161,164
0263_00653	23,24,33,47,58,67,71,77,78,79,81,86,88,93,94,95,97,100,102,106,108,109,110,111,114,117,119,122,123,124,126,128,129,130,132,136,138,140,141,142,146,147,148,149,153,154,155,156,157,158,159,160,161,162,163,164,165
0263_00655	23,24,51,60,61,66,67,71,73,74,78,79,81,88,93,94,95,97,102,106,110,112,117,119,123,124,126,130,136,141,142,146,148,149,151,154,156,157,158,159,160,161,164
0263_00657	23,24,71,78,79,81,88,93,94,95,102,106,110,117,119,123,124,126,141,142,149,151,154,156,157,158,159,160,161,164
0263_00664	23,28,37,42,52,57,66,72,75,77,78,79,85,87,89,93,94,95,96,97,98,100,103,105,106,107,108,109,110,111,112,113,117,119,120,121,122,123,124,125,126,127,129,132,133,134,135,136,137,140,142,143,144,145,146,148,149,152,153,154,156,157,158,159,160,161,162,163,164,165
0263_00694	23,54,74,79,92,95,106,110,117,123,126,131,136,141,142,146,149,151,152,154,156,157,158,159,160,161,162,163,164,165
0263_00697	41,50,65,76,77,80,89,92,93,97,98,99,110,113,117,120,121,123,125,126,127,137,140,142,143,144,145,146,149,150,152,154,156,157,159,160,161,162,163,164,165
0263_00701	23,72,82,92,95,100,106,108,110,114,117,123,126,131,133,135,136,142,146,149,151,152,153,154,155,156,157,158,159,160,161,162,163,164,165
0263_00707	24,25,43,49,52,57,63,69,70,71,77,78,79,82,83,86,90,91,93,94,96,97,100,102,106,108,109,117,119,122,124,128,129,130,131,132,137,138,142,146,147,148,151,153,155,156,157,158,159,160,161,164,165
0263_00708	26,50,53,57,66,72,76,83,89,90,91,92,93,95,96,98,99,105,108,109,110,112,114,115,116,117,120,123,126,127,128,131,132,133,136,137,139,140,141,143,145,146,149,150,151,152,153,154,155,156,157,158,159,160,161,163,164,165
0263_00711	24,52,65,66,71,74,75,78,80,83,92,93,94,95,96,97,102,109,110,111,112,113,117,119,120,121,122,123,124,125,126,127,130,137,140,141,142,143,144,145,146,148,149,150,152,153,154,155,156,157,158,159,160,161,162,163,164,165
0263_00713	24,42,57,65,71,72,77,78,79,80,87,89,92,93,94,95,97,98,102,103,107,109,110,111,113,117,119,120,121,124,125,126,127,130,132,134,137,138,140,142,143,144,145,146,147,150,152,153,156,157,159,160,161,162,163,164,165
0263_00717	24,71,78,89,93,94,95,102,108,109,113,119,123,124,125,126,127,140,141,143,144,145,146,149,150,152,153,154,155,156,157,159,160,161,162,163,164,165
0263_00722	24,26,50,53,57,66,71,72,74,76,78,83,89,90,91,93,94,96,97,98,99,102,105,108,109,111,112,115,116,119,120,123,124,126,127,128,129,131,132,133,137,139,140,141,143,145,146,149,150,152,153,154,156,157,159,160,161,163,164,165
0263_00727	37,52,65,69,75,77,78,79,80,90,94,95,98,100,106,110,111,115,117,119,120,121,122,124,127,130,133,137,142,143,145,148,150,151,153,154,156,158,160,161,162,163,164,165
0263_00732	34,50,57,72,76,83,89,93,96,98,99,105,109,113,116,120,125,126,127,132,137,140,141,143,144,145,146,149,150,152,153,154,157,159,160,162,163,164,165
0263_00737	24,42,71,78,89,93,94,95,102,106,107,108,109,111,112,119,123,124,125,126,130,134,140,141,142,144,145,146,149,150,153,154,155,156,157,159,160,161,162,163,164,165
0263_00740	37,41,42,43,52,69,77,78,79,90,94,95,106,107,110,111,112,113,117,119,124,125,126,127,131,133,134,135,142,143,145,151,152,154,155,156,157,158,159,161,162,163,164,165
0263_00741	24,71,78,79,89,92,93,94,95,97,102,108,109,110,113,117,119,124,125,126,127,141,142,143,144,145,146,149,150,151,152,153,154,155,156,157,158,159,160,161,162,163,164,165
0263_00747	24,50,71,76,78,81,88,89,91,94,97,99,102,103,104,108,109,111,114,115,116,119,124,126,127,128,129,132,134,138,139,141,143,146,149,150,152,153,154,155,156,157,159,160,161,163,164,165
0263_00752	47,52,62,64,66,69,75,77,78,79,80,81,83,88,92,93,94,95,96,97,106,110,112,117,119,120,121,122,124,125,127,133,135,137,142,143,145,148,149,150,151,154,156,158,160,161,162,163,164,165
0263_00776	45,52,65,66,74,75,76,77,79,80,83,87,94,95,96,97,99,103,107,112,120,121,122,124,134,137,139,141,142,144,148,149,150,152,156,157,158,160,161,162,163,164,165
0263_00777	16,22,42,52,57,62,65,66,75,77,79,80,83,87,94,95,96,97,100,103,107,111,112,120,121,122,124,125,132,134,137,142,144,145,148,150,152,153,155,156,157,158,161,162,163,164,165
0263_00797	38,42,65,75,77,78,79,80,83,85,86,87,95,96,103,106,107,108,109,111,112,114,115,119,120,121,122,126,129,132,133,134,135,137,138,142,144,147,148,150,153,155,156,157,158,160,161,162,163,164,165
0263_00798	50,52,65,66,74,75,76,77,79,80,83,87,90,91,94,95,96,97,99,100,103,104,107,108,111,112,115,116,120,121,122,124,127,128,129,132,134,137,139,142,143,147,148,149,150,152,153,155,156,157,158,160,161,162,163,164,165
0263_00803	26,50,57,72,74,76,85,86,89,93,95,96,98,99,105,108,111,114,116,118,120,122,123,126,127,128,129,132,133,136,137,140,141,143,145,146,147,148,149,150,152,154,155,156,157,158,159,160,161,163,164,165
0263_00804	26,50,57,72,74,76,85,86,89,93,95,96,98,99,105,108,111,114,116,118,120,122,123,126,127,128,129,132,133,136,137,140,141,143,145,146,147,148,149,150,152,154,155,156,157,158,159,160,161,163,164,165
0263_00808	26,50,57,72,74,76,85,86,89,93,95,96,98,99,105,108,109,111,114,116,118,120,122,123,126,127,128,129,132,133,136,137,140,141,143,145,146,147,148,149,150,152,153,154,155,156,157,158,159,160,161,163,164,165
0263_00840	22,24,38,42,71,77,78,87,91,92,94,95,97,102,104,106,107,109,110,111,112,117,119,124,125,126,132,134,142,144,145,150,151,153,154,155,156,157,158,159,161,162,163,164,165
0263_00874	41,50,65,76,77,80,89,92,93,97,98,99,110,113,117,120,121,123,125,126,127,137,140,142,143,144,145,146,149,150,152,154,156,157,159,160,161,162,163,164,165
0263_00884	24,29,41,48,67,71,73,78,79,81,88,94,95,97,102,106,109,112,114,119,124,126,128,130,138,142,146,148,149,153,155,156,157,159,160,161,162,163,164,165
0263_00888	50,57,72,75,76,85,86,87,92,93,95,98,99,100,103,107,109,110,111,113,117,118,120,121,122,125,126,127,129,132,134,137,138,140,143,144,145,146,147,148,149,150,152,153,154,156,157,158,159,160,161,162,163,164,165
0263_00905	17,26,50,66,76,96,99,105,108,112,115,116,118,123,126,127,128,129,132,136,143,145,146,147,149,150,152,154,157,159,160,163,164,165
0263_00921	37,52,65,69,75,77,78,79,80,90,94,95,98,100,106,110,111,115,117,119,120,121,122,124,127,130,133,137,142,143,145,148,150,151,153,154,156,158,160,161,162,163,164,165
0263_00925	34,50,57,72,76,83,89,93,96,98,99,105,109,113,116,120,125,126,127,132,137,140,141,143,144,145,146,149,150,152,153,154,157,159,160,162,163,164,165
0263_00929	24,25,28,36,47,49,52,57,63,65,70,71,75,77,78,79,80,81,83,85,86,87,88,93,94,96,97,98,100,102,103,106,107,108,109,110,115,117,119,120,121,122,124,128,130,133,134,137,138,142,146,148,150,153,155,156,157,158,159,160,161,162,163,164,165
0263_00952	24,71,78,79,89,92,93,94,95,97,102,108,109,110,113,117,119,124,125,126,127,141,142,143,144,145,146,149,150,151,152,153,154,155,156,157,158,159,160,161,162,163,164,165
0263_00964	26,50,53,66,72,76,82,89,90,91,96,99,104,105,108,109,112,115,116,118,127,128,129,131,132,136,139,140,143,145,146,147,149,150,152,153,154,155,157,159,160,163,164,165
0263_00974	26,50,66,72,76,89,90,91,96,99,104,105,108,109,112,115,116,118,123,126,127,128,129,131,132,136,139,140,141,143,145,146,147,149,150,152,153,154,155,157,159,160,163,164,165
0263_00975	85,92,99,100,108,110,114,117,122,133,135,141,144,148,149,150,153,154,155,156,158,160,161,162,163,164,165
0263_00978	19,37,54,72,75,77,84,85,97,105,106,110,117,121,122,125,127,131,135,137,139,142,143,144,145,146,148,150,151,152,154,156,157,158,159,161,162,163,164,165
0263_00982	42,50,65,76,89,92,93,98,99,106,107,109,110,112,113,117,121,123,125,126,127,134,137,140,143,144,145,146,149,150,153,154,155,156,157,159,160,161,162,163,164,165
0263_00991	57,66,72,75,83,85,86,91,93,96,98,99,100,101,105,111,112,113,115,116,120,121,122,126,127,128,129,137,139,143,144,145,146,147,148,149,152,153,156,157,158,159,160,161,162,163,164,165
0263_00994	36,38,50,65,75,76,77,79,81,83,85,88,90,96,99,100,111,114,115,116,118,120,121,122,123,128,129,131,136,137,139,140,142,144,146,147,148,150,153,154,155,156,157,158,159,160,161,162,163,164,165
0263_01001	8,11,24,34,36,45,47,50,65,71,72,76,77,78,79,80,81,83,84,85,88,89,91,92,94,95,96,97,98,99,101,102,104,105,106,109,110,111,117,119,120,121,122,123,124,126,127,131,132,133,135,136,137,138,139,140,142,143,146,148,150,151,153,154,155,156,157,158,159,161,162,163,164,165
0263_01008	30,49,74,85,86,89,93,95,100,104,108,112,115,122,123,132,139,141,146,148,149,152,153,154,155,157,158,159,160,161,164
0263_01021	62,65,75,80,83,85,86,93,96,98,100,108,111,115,116,118,120,121,122,137,142,147,148,150,153,156,158,160,161,162,163,165
0263_01035	24,50,57,62,71,76,78,86,89,91,94,97,98,99,102,103,104,109,111,114,118,119,124,126,127,128,129,132,134,137,138,139,140,143,145,146,147,150,152,153,154,155,156,157,159,160,161,163,164,165
0263_01036	24,50,57,62,71,76,78,86,89,91,94,97,98,99,102,103,104,109,111,114,118,119,124,126,127,128,129,132,134,137,138,139,140,143,145,146,147,150,152,153,154,155,156,157,159,160,161,163,164,165
0263_01047	26,50,53,57,66,72,76,83,89,90,91,93,96,98,99,105,108,109,112,114,115,116,120,123,126,127,128,131,132,137,139,140,141,143,145,146,149,150,152,153,154,155,157,159,160,163,164,165
0263_01050	53,54,57,66,72,74,79,80,82,84,87,89,90,91,92,93,95,97,98,103,104,105,107,108,109,110,111,112,113,115,116,117,120,121,123,125,126,127,131,132,133,134,136,137,139,140,141,142,143,144,145,146,149,150,151,152,153,154,155,156,157,158,159,160,161,162,163,164,165
0263_01051	8,11,36,37,45,47,50,52,54,59,64,65,70,72,75,76,77,79,80,81,83,85,86,88,89,90,91,92,93,94,95,96,97,98,99,100,101,105,106,108,110,111,113,114,116,117,120,121,122,123,124,127,129,130,131,133,136,137,138,139,140,142,143,144,145,146,147,148,149,150,151,152,153,154,155,156,157,158,159,160,161,162,163,164,165
0263_01053	23,24,71,78,79,81,88,93,94,95,102,106,110,117,119,123,124,126,141,142,149,151,154,156,157,158,159,160,161,164
0263_01055	50,54,57,66,72,74,76,85,86,89,90,93,95,97,98,99,104,108,109,112,114,115,116,120,122,123,126,127,128,129,131,132,133,136,137,139,140,141,143,145,146,148,149,150,152,153,154,155,156,157,158,159,160,161,163,164,165
0263_01057	38,50,53,54,57,65,72,76,77,79,80,83,85,89,92,93,95,96,97,98,99,105,110,112,113,117,120,121,122,123,125,126,127,131,135,136,137,139,140,141,142,143,144,145,146,148,149,150,151,152,154,156,157,158,159,160,161,162,163,164,165
0263_01058	26,50,57,72,74,76,85,86,89,93,95,96,98,99,105,108,111,114,116,118,120,122,123,126,127,128,129,132,133,136,137,140,141,143,145,146,147,148,149,150,152,154,155,156,157,158,159,160,161,163,164,165
0263_01059	26,50,53,57,66,72,76,83,89,90,91,93,95,96,98,99,105,108,109,112,114,115,116,120,123,126,127,128,131,132,133,137,139,140,141,143,145,146,149,150,151,152,153,154,155,156,157,158,159,160,161,163,164,165
0263_01060	26,50,53,57,66,72,76,83,89,90,91,93,96,98,99,105,108,109,112,114,115,116,120,123,126,127,128,131,132,137,139,140,141,143,145,146,149,150,152,153,154,155,157,159,160,163,164,165
0263_01061	54,57,62,66,72,82,83,89,90,91,93,96,98,104,105,108,109,112,115,116,118,120,123,126,127,128,129,131,132,137,139,140,141,143,145,146,147,149,150,152,153,154,155,157,159,160,163,164,165
0263_01062	26,50,53,57,66,72,76,83,89,90,91,93,96,98,99,105,108,109,112,114,115,116,120,123,126,127,128,129,131,132,137,139,140,141,143,145,146,147,149,150,152,153,154,155,157,159,160,163,164,165
0263_01087	66,91,96,105,108,112,113,115,116,118,127,128,129,132,139,143,144,145,147,150,152,154,157,159,160,162,163,164,165
0263_01091	17,66,90,91,96,104,105,108,112,113,115,116,118,127,128,129,131,132,139,143,144,145,147,150,152,157,159,160,162,163,164,165
0263_01092	54,66,72,90,91,96,104,105,108,112,113,115,116,118,127,128,129,131,132,139,143,144,145,146,147,150,152,157,159,160,162,163,164,165
0263_01093	17,66,90,91,93,96,104,105,108,112,113,115,116,118,126,127,128,129,132,139,143,144,145,147,149,150,152,157,159,160,162,163,164,165
0263_01113	27,53,54,72,82,87,89,90,92,95,104,107,109,110,111,117,131,133,134,135,136,138,139,140,142,144,146,150,151,152,153,154,155,156,157,158,159,160,161,162,163,164,165
0263_01117	50,57,76,83,89,90,91,93,96,99,104,105,108,109,113,115,116,123,126,127,128,129,131,132,136,137,139,140,141,143,144,146,147,149,150,152,153,154,155,157,159,160,162,163,164,165
0263_01119	53,54,57,64,72,75,79,81,83,85,86,88,89,90,91,92,93,95,96,97,98,100,108,110,111,114,115,116,117,120,121,122,127,129,131,137,139,140,141,142,143,146,147,148,149,150,151,152,153,154,155,156,157,158,159,160,161,163,164,165
0263_01131	39,40,48,51,55,58,59,60,61,62,64,67,69,73,81,88,99,102,106,112,124,125,130,131,136,139,140,144,145,146,148,150,159,162,163,164,165
0263_01156	24,37,49,52,56,57,63,70,71,72,75,77,78,79,80,83,89,90,92,94,95,96,97,100,102,104,106,110,111,117,119,120,121,122,124,127,130,132,133,135,136,137,140,142,143,146,148,150,151,152,153,154,156,158,159,161,162,164,165
0263_01160	85,86,90,91,95,100,104,111,122,123,128,129,131,132,136,138,139,140,146,147,148,153,154,155,156,157,158,159,161,164
0263_01179	39,40,48,51,55,58,60,61,67,69,73,85,88,89,92,95,97,102,104,106,108,110,111,112,114,117,122,123,124,130,131,132,133,135,136,139,140,141,144,146,148,149,150,153,154,155,156,157,158,159,160,161,162,163,164,165
0263_01194	54,57,66,72,74,85,86,89,90,91,93,95,97,98,104,108,111,112,114,115,116,120,122,123,126,127,131,132,133,136,137,139,140,141,143,145,146,148,149,150,152,154,155,156,157,158,159,160,161,163,164,165
0263_01212	24,42,71,78,89,93,94,95,102,106,107,108,109,111,112,119,123,124,125,126,130,134,140,141,142,144,145,146,149,150,153,154,155,156,157,159,160,161,162,163,164,165
0263_01231	24,25,49,52,63,65,70,71,75,77,78,79,80,82,83,85,86,87,90,91,94,96,97,98,100,102,103,104,106,107,111,117,119,120,121,122,124,128,129,130,133,134,137,138,142,147,148,150,151,153,155,156,158,159,161,162,163,164,165
0263_01245	57,66,74,75,85,86,95,98,100,108,112,115,120,121,122,128,132,137,138,141,145,148,149,152,153,155,157,158,160,161,162,163,164,165
0263_01275	17,26,50,66,76,90,91,96,99,104,105,108,112,115,116,118,127,128,129,132,139,143,145,147,150,152,154,157,159,160,163,164,165
0263_01276	26,50,66,76,96,99,105,108,112,115,116,118,127,128,129,132,136,141,143,145,147,149,150,152,154,159,160,163,164,165
0263_01277	17,24,26,50,66,69,71,76,78,90,91,94,96,99,102,105,108,111,112,114,116,118,119,123,124,126,127,128,129,132,133,139,143,145,146,147,149,150,152,154,155,156,157,159,160,161,163,164,165
0263_01293	24,28,54,57,66,71,72,74,78,85,86,89,90,91,93,94,95,97,98,102,104,108,109,111,112,114,115,116,119,120,122,123,124,126,127,129,131,132,133,137,138,139,140,141,142,143,145,146,147,148,149,150,152,153,154,155,156,157,158,159,160,161,163,164,165
0263_01294	21,24,38,43,45,49,56,57,63,70,71,74,76,77,79,82,83,85,86,88,90,91,93,94,95,96,97,99,100,102,104,108,111,115,119,122,124,128,129,130,131,132,137,138,141,142,146,147,148,149,151,152,153,155,156,158,159,160,161,162,164,165
0263_01298	26,42,50,53,66,72,76,82,87,89,90,91,96,99,104,105,107,108,109,112,115,116,127,128,129,131,132,134,136,139,140,141,143,145,146,147,149,150,152,153,154,155,157,159,160,163,164,165
0263_01304	36,41,47,65,75,77,78,80,81,83,85,86,87,88,96,98,100,103,106,107,111,119,120,121,122,128,129,133,134,137,138,142,147,148,150,153,155,156,158,161,162,163,165
0263_01319	57,62,65,72,75,77,79,83,85,86,87,89,92,95,96,98,100,103,107,108,109,110,111,112,113,116,117,118,120,121,122,123,125,126,127,128,129,132,133,134,135,137,138,140,142,143,144,145,146,147,148,150,152,153,154,155,156,157,158,159,160,161,162,163,164,165
0263_01335	62,66,74,85,86,90,91,93,97,100,104,108,112,113,115,118,122,126,127,128,129,132,139,141,143,145,147,148,149,150,152,153,155,157,158,159,160,161,162,163,164,165
0263_01336	50,57,76,83,89,90,91,93,96,99,104,105,108,109,113,115,116,123,126,127,128,129,131,132,136,137,139,140,141,143,144,146,147,149,150,152,153,154,155,157,159,160,162,163,164,165
0263_01338	25,38,53,54,65,77,79,80,84,85,86,90,91,92,93,95,98,100,104,105,106,110,111,115,117,120,121,122,123,125,131,132,133,135,136,137,139,140,142,145,146,147,148,151,153,154,155,156,157,158,159,160,161,162,163,164,165
0263_01339	25,38,53,54,65,77,79,80,84,85,86,90,91,92,93,95,97,98,100,104,105,106,110,111,113,115,117,120,121,122,123,125,127,131,132,133,135,136,137,139,140,142,143,144,145,146,147,148,150,151,153,154,155,156,157,158,159,160,161,162,163,164,165
0263_01341	62,65,75,80,83,85,92,93,96,98,108,110,111,116,117,120,121,122,127,132,137,142,143,147,148,150,154,156,158,160,161,162,163,164,165
0263_01343	53,54,57,64,72,75,79,81,83,85,86,88,89,90,91,92,93,95,96,97,98,100,108,110,111,114,115,116,117,120,121,122,127,129,131,137,139,140,141,142,143,146,147,148,149,150,151,152,153,154,155,156,157,158,159,160,161,163,164,165
0263_01346	85,92,99,100,108,110,114,117,122,133,135,141,144,148,149,150,153,154,155,156,158,160,161,162,163,164,165
0263_01360	26,50,66,76,90,91,96,99,104,105,108,112,115,116,118,127,128,129,132,139,143,145,147,149,150,152,154,157,159,160,163,164,165
0263_01363	26,50,57,66,76,83,96,99,105,108,112,115,116,118,123,127,128,129,132,136,137,143,145,146,147,149,152,154,157,159,160,163,164,165
0263_01364	26,50,66,76,96,99,105,108,112,115,116,118,127,128,129,132,136,143,145,147,149,150,152,154,159,160,163,164,165
0263_01368	66,74,90,91,92,96,98,99,104,105,108,110,111,112,115,116,117,118,121,127,128,129,131,136,137,141,142,143,145,147,149,150,151,154,156,158,159,160,161,163,164,165
0263_01381	45,62,66,75,76,83,85,93,96,99,108,111,112,115,116,121,122,125,137,141,145,148,149,150,156,158,160,161,162,163,165
0263_01395	62,87,90,93,103,104,105,107,108,111,116,125,133,134,144,145,147,150,151,156,158,160,161,162,163,165
0263_01418	27,49,87,95,104,107,111,113,123,125,126,127,131,134,139,140,143,144,145,146,150,151,152,154,155,156,157,158,159,161,162,163,164,165
0263_01428	8,11,19,36,47,54,66,74,79,81,83,84,85,88,92,95,96,97,105,110,112,113,117,120,121,122,123,127,131,133,136,137,139,140,142,143,146,148,149,150,151,152,154,156,157,158,159,160,161,162,163,164,165
0263_01429	26,42,50,66,72,76,87,90,91,96,99,103,104,105,107,108,112,115,116,127,128,129,131,132,134,136,139,140,141,143,145,146,147,149,150,152,153,154,155,157,159,160,163,164,165
0263_01430	26,42,50,53,66,72,76,82,87,89,90,91,96,99,104,105,107,108,109,112,115,116,127,128,129,131,132,134,136,139,140,141,143,145,146,149,150,152,153,154,155,157,159,160,163,164,165
0263_01431	17,66,74,85,86,93,99,100,105,112,115,122,125,138,141,145,148,149,153,155,158,160,161,162,163,165
0263_01435	26,42,50,53,54,66,72,76,82,87,89,90,91,96,99,104,105,107,108,109,112,115,116,127,128,129,131,132,134,136,139,140,143,145,146,147,149,150,152,153,154,155,157,159,160,163,164,165
0263_01436	50,74,76,85,86,93,95,99,100,109,111,113,114,115,116,122,125,126,127,132,138,141,143,145,147,148,149,152,153,155,157,158,160,161,162,163,164,165
0263_01440	26,34,50,66,76,96,99,105,108,112,115,116,118,127,128,129,132,136,143,145,147,149,150,152,154,159,160,163,164,165
0263_01442	26,50,66,72,76,90,91,96,99,104,105,108,112,115,116,118,127,128,129,132,136,139,141,143,145,146,147,149,150,152,154,157,159,160,163,164,165
0263_01443	17,26,50,66,76,90,91,96,99,105,108,112,114,116,118,127,128,129,132,139,143,145,147,150,152,154,155,157,159,160,163,164,165
0263_01444	19,22,26,50,57,66,76,83,96,99,105,108,112,115,116,118,123,127,128,129,132,136,137,143,145,146,147,149,152,154,157,159,160,163,164,165
0263_01445	26,50,53,66,72,76,82,89,90,91,96,99,104,105,108,109,112,115,116,118,127,128,129,131,132,136,139,140,143,145,146,147,149,150,152,153,154,155,157,159,160,163,164,165
0263_01446	26,42,50,53,66,72,76,82,87,89,90,91,96,99,104,105,107,108,109,112,115,116,127,128,129,131,132,134,136,139,140,141,143,145,146,147,149,150,152,153,154,155,157,159,160,163,164,165
0263_01447	26,50,53,66,72,76,82,89,90,91,96,99,104,105,108,109,112,115,116,118,127,128,129,131,132,136,139,140,143,145,146,147,149,150,152,153,154,155,157,159,160,163,164,165
0263_01448	26,50,57,66,72,76,82,83,89,91,96,99,101,104,105,108,109,112,114,115,116,118,120,123,127,128,129,131,132,136,137,139,140,141,143,145,146,147,149,150,152,153,154,155,157,159,160,163,164,165
0263_01451	75,79,83,85,90,91,92,95,96,100,104,108,109,110,111,114,117,118,121,122,123,126,128,131,136,137,138,139,140,142,146,147,148,149,150,151,153,154,155,156,157,158,159,160,161,162,163,164,165
0263_01452	19,22,26,50,66,72,76,87,90,91,96,99,103,104,105,107,108,112,115,116,118,127,128,129,132,134,136,139,141,143,145,146,147,149,150,152,154,157,159,160,163,164,165
0263_01453	26,42,50,66,72,76,87,90,91,96,99,104,105,107,108,112,115,116,127,128,129,131,132,134,136,139,140,141,143,145,146,147,149,150,152,154,157,159,160,163,164,165
0263_01454	26,42,50,57,66,72,74,76,82,83,87,89,91,96,99,101,104,105,107,108,109,112,115,116,120,123,127,128,129,131,132,134,136,137,139,140,141,143,145,146,149,150,152,153,154,155,157,159,160,163,164,165
0263_01457	26,42,50,66,72,76,82,87,91,96,99,104,105,107,108,109,112,115,116,127,128,129,131,132,134,136,139,140,141,143,145,146,147,149,150,152,153,154,155,157,159,160,163,164,165
0263_01458	26,50,66,76,90,91,96,99,104,105,108,112,116,118,127,128,129,132,139,143,145,147,150,152,154,157,159,160,163,164,165
0263_01460	26,42,50,57,66,72,76,83,87,89,91,96,99,101,104,105,107,108,109,112,115,116,118,120,123,126,127,128,129,132,134,136,137,139,140,141,143,145,146,147,149,150,152,153,154,155,157,159,160,163,164,165
0263_01467	42,50,65,76,89,92,93,98,99,106,107,109,110,112,113,117,121,123,125,126,127,134,137,140,143,144,145,146,149,150,153,154,155,156,157,159,160,161,162,163,164,165
0263_01469	26,50,66,72,76,89,90,91,96,99,104,105,108,109,112,115,116,118,123,126,127,128,129,131,132,136,139,140,141,143,145,146,147,149,150,152,153,154,155,157,159,160,163,164,165
0263_01480	24,42,57,65,71,72,77,78,79,80,87,89,92,93,94,95,97,98,102,103,107,109,110,111,113,117,119,120,121,124,125,126,127,130,132,134,137,138,140,142,143,144,145,146,147,150,152,153,156,157,159,160,161,162,163,164,165
0263_01487	36,37,47,65,75,77,78,80,81,83,84,85,86,87,88,96,97,98,100,103,106,107,110,111,117,119,120,121,122,128,129,133,134,137,138,142,147,148,150,151,153,154,155,156,158,161,162,163,164,165
0263_01488	24,25,28,36,47,49,52,57,63,65,70,71,75,77,78,79,80,81,83,85,86,87,88,93,94,96,97,98,100,102,103,106,107,108,109,110,115,117,119,120,121,122,124,128,130,133,134,137,138,142,146,148,150,153,155,156,157,158,159,160,161,162,163,164,165
0263_01491	24,37,49,52,56,57,63,70,71,72,75,77,78,79,80,83,89,90,92,94,95,96,97,100,102,104,106,110,111,117,119,120,121,122,124,127,130,132,133,135,136,137,140,142,143,146,148,150,151,152,153,154,156,158,159,161,162,164,165
0263_01507	26,50,66,72,76,96,99,105,108,112,115,116,118,123,126,127,128,129,132,136,140,141,143,145,146,147,149,150,152,154,157,159,160,163,164,165
0263_01508	26,50,66,72,76,96,99,105,108,112,115,116,118,123,126,127,128,129,132,136,140,141,143,145,146,147,149,150,152,154,157,159,160,163,164,165
0263_01521	24,42,71,78,89,93,94,95,102,106,107,108,109,111,112,119,123,124,125,126,130,134,139,140,142,144,145,146,149,150,153,154,155,156,157,159,160,161,162,163,164,165
0263_01528	24,71,78,79,89,92,93,94,95,97,102,108,109,110,113,117,119,124,125,126,127,141,142,143,144,145,146,149,150,151,152,153,154,155,156,157,158,159,160,161,162,163,164,165
0263_01531	23,28,37,42,52,57,66,72,75,77,78,79,85,87,89,93,94,95,96,97,98,100,103,105,106,107,108,109,110,111,112,113,117,119,120,121,122,123,124,125,126,127,129,132,133,134,135,136,137,140,142,143,144,145,146,148,149,152,153,154,156,157,158,159,160,161,162,163,164,165
0263_01535	26,50,66,76,90,91,96,99,104,105,108,112,115,116,118,127,128,129,132,139,141,143,145,147,149,150,152,154,157,159,160,163,164,165
0263_01536	26,50,57,66,72,74,76,82,83,89,91,96,99,101,104,105,108,109,112,115,116,120,123,127,128,129,131,132,136,137,139,140,141,143,145,146,147,149,150,152,153,154,155,157,159,160,163,164,165
0263_01537	26,28,42,50,66,72,76,81,87,88,91,96,99,104,105,107,108,112,114,115,116,123,126,127,128,129,132,134,136,139,140,141,143,145,146,149,150,152,153,154,155,157,159,160,163,164,165
