id	bits.on
0008_00001	29,30,48,49,72,74,85,86,89,93,95,100,102,104,106,108,109,111,112,114,115,116,118,122,123,124,126,128,129,130,132,136,138,139,140,141,146,147,148,149,152,153,154,155,157,158,159,160,161,164
0008_00002	29,30,48,49,72,74,85,86,89,93,95,100,102,104,106,108,109,111,112,114,115,116,118,122,123,124,126,128,129,130,132,136,138,139,140,141,146,147,148,149,152,153,154,155,157,158,159,160,161,164
0008_00003	29,30,48,49,72,74,85,86,89,93,95,99,100,102,104,106,108,109,111,112,114,115,116,118,122,123,124,126,128,129,130,132,136,138,139,140,141,146,147,148,149,152,153,154,155,157,158,159,160,161,164
0008_00004	29,30,48,49,72,74,85,86,89,93,95,100,102,106,108,109,111,112,114,115,116,118,122,123,124,126,128,129,130,132,136,138,140,141,146,147,148,149,152,153,154,155,157,158,159,160,161,164
0008_00005	29,30,48,49,72,74,85,86,89,93,95,99,100,102,104,106,108,109,111,112,114,115,116,118,122,123,124,126,128,129,130,132,136,138,139,140,141,146,147,148,149,152,153,154,155,157,158,159,160,161,164
0008_00006	29,30,48,49,72,74,85,86,89,93,95,99,100,102,104,106,108,109,111,112,114,115,116,118,122,123,124,126,128,129,130,132,136,138,139,140,141,146,147,148,149,152,153,154,155,157,158,159,160,161,164
0008_00007	29,30,48,49,72,74,85,86,89,93,95,99,100,102,104,106,108,109,111,112,114,115,116,118,122,123,124,126,128,129,130,132,136,138,139,140,141,146,147,148,149,152,153,154,155,157,158,159,160,161,164
0008_00008	29,30,48,49,72,74,85,86,89,93,95,99,100,102,104,106,108,109,111,112,114,115,116,118,122,123,124,126,128,129,130,132,136,138,139,140,141,146,147,148,149,152,153,154,155,157,158,159,160,161,164
0008_00009	29,30,48,49,72,74,85,86,89,93,95,99,100,102,104,106,108,109,111,112,114,115,116,118,122,123,124,126,128,129,130,132,136,138,139,140,141,146,147,148,149,152,153,154,155,157,158,159,160,161,164
0008_00010	29,30,48,49,72,74,85,86,89,93,95,99,100,102,104,106,108,109,111,112,114,115,116,118,122,123,124,126,128,129,130,132,136,138,139,140,141,146,147,148,149,152,153,154,155,157,158,159,160,161,164
0008_00011	29,30,48,49,72,74,85,86,89,93,95,99,100,102,104,106,108,109,111,112,114,115,116,118,122,123,124,126,128,129,130,132,136,138,139,140,141,146,147,148,149,152,153,154,155,157,158,159,160,161,164
0008_00012	29,30,48,49,72,74,85,86,89,93,95,99,100,102,106,108,109,111,112,114,115,116,118,122,123,124,126,128,129,130,132,136,138,140,141,146,147,148,149,152,153,154,155,157,158,159,160,161,164
0008_00013	29,30,48,49,72,74,85,86,89,93,95,99,100,102,106,108,109,111,112,114,115,116,118,122,123,124,126,128,129,130,132,136,138,140,141,146,147,148,149,152,153,154,155,157,158,159,160,161,164
0008_00014	29,30,48,49,72,74,85,86,89,93,95,99,100,102,106,108,109,111,112,114,115,116,118,122,123,124,126,128,129,130,132,136,138,140,141,146,147,148,149,152,153,154,155,157,158,159,160,161,164
0008_00015	29,30,48,49,72,74,85,86,89,93,95,99,100,102,106,108,109,111,112,114,115,116,118,122,123,124,126,128,129,130,132,136,138,140,141,146,147,148,149,152,153,154,155,157,158,159,160,161,164
0008_00016	29,30,48,49,72,74,85,86,89,93,95,99,100,102,106,108,109,111,112,114,115,116,118,122,123,124,126,128,129,130,132,136,138,140,141,146,147,148,149,152,153,154,155,157,158,159,160,161,164
0008_00017	29,30,48,49,72,74,85,86,89,93,95,99,100,102,106,108,109,111,112,114,115,116,118,122,123,124,126,128,129,130,132,136,138,140,141,146,147,148,149,152,153,154,155,157,158,159,160,161,164
0008_00018	29,30,48,49,69,72,74,85,86,89,90,91,93,95,99,100,102,106,108,109,111,112,114,115,116,118,122,123,124,126,128,129,130,132,136,138,139,140,141,146,147,148,149,152,153,154,155,157,158,159,160,161,164
0008_00019	29,30,48,49,72,74,85,86,89,93,95,99,100,102,106,108,109,111,112,114,115,116,118,122,123,124,126,128,129,130,132,136,138,140,141,146,147,148,149,152,153,154,155,157,158,159,160,161,164
0008_00020	29,30,48,49,72,74,85,86,89,93,95,99,100,102,106,108,109,111,112,114,115,116,118,122,123,124,126,128,129,130,132,136,138,140,141,146,147,148,149,152,153,154,155,157,158,159,160,161,164
0008_00021	29,30,48,49,72,74,85,86,89,93,95,99,100,102,106,108,109,111,112,114,115,116,118,122,123,124,126,128,129,130,132,136,138,140,141,146,147,148,149,152,153,154,155,157,158,159,160,161,164
0008_00022	29,30,48,49,72,74,85,86,89,93,95,99,100,102,106,108,109,111,112,114,115,116,118,122,123,124,126,128,129,130,132,136,138,140,141,146,147,148,149,152,153,154,155,157,158,159,160,161,164
0008_00023	29,30,48,49,72,74,85,86,89,93,95,99,100,102,106,108,109,111,112,114,115,116,118,122,123,124,126,128,129,130,132,136,138,140,141,146,147,148,149,152,153,154,155,157,158,159,160,161,164
0008_00024	29,30,48,49,72,74,85,86,89,93,95,99,100,102,106,108,109,111,112,114,115,116,118,122,123,124,126,128,129,130,132,136,138,140,141,146,147,148,149,152,153,154,155,157,158,159,160,161,164
0008_00025	29,30,48,49,72,74,85,86,89,93,95,99,100,102,106,108,109,111,112,114,115,116,118,122,123,124,126,128,129,130,132,136,138,140,141,146,147,148,149,152,153,154,155,157,158,159,160,161,164
0008_00026	29,30,48,49,72,74,85,86,89,93,95,99,100,102,106,108,109,111,112,114,115,116,118,122,123,124,126,128,129,130,132,136,138,140,141,146,147,148,149,152,153,154,155,157,158,159,160,161,164
0008_00027	29,30,48,49,72,74,85,86,89,93,95,99,100,102,106,108,109,111,112,114,115,116,118,122,123,124,126,128,129,130,132,136,138,140,141,146,147,148,149,152,153,154,155,157,158,159,160,161,164
0008_00028	29,30,48,49,72,74,85,86,89,91,93,95,100,102,104,106,108,109,111,112,114,115,116,118,122,124,126,128,129,130,132,138,139,140,141,146,147,148,149,152,153,155,157,158,159,160,161,164
0008_00030	29,30,48,49,72,74,85,86,89,91,93,95,99,100,102,104,106,108,109,111,112,114,115,116,118,122,124,126,128,129,130,132,138,139,140,141,146,147,148,149,152,153,155,157,158,159,160,161,164
0008_00031	29,48,69,72,82,84,89,90,91,95,100,102,104,106,108,109,111,112,114,115,116,118,123,124,126,128,129,130,131,132,136,138,139,140,146,147,148,151,152,153,154,155,157,158,159,160,161,164
0008_00032	29,48,69,72,82,84,89,90,91,95,99,100,102,104,106,108,109,111,112,114,115,116,118,123,124,126,128,129,130,131,132,136,138,139,140,146,147,148,151,152,153,154,155,157,158,159,160,161,164
0008_00033	29,48,69,72,82,84,89,90,91,95,99,100,102,104,106,108,109,111,112,114,115,116,118,123,124,126,128,129,130,131,132,136,138,139,140,146,147,148,151,152,153,154,155,157,158,159,160,161,164
0008_00034	29,30,48,49,54,74,85,86,89,90,91,92,93,95,99,100,102,104,106,108,109,110,111,112,114,115,116,117,118,122,124,126,128,129,130,131,132,136,138,139,140,141,142,146,147,148,149,151,152,153,154,155,156,157,158,159,160,161,164
