id	bits.on
0175_00001	10,15,20,39,89,94,134,199,201,217,245,264,331,411,462,506,508,540,553,560,617,626,662,677,707,712,727,981,1022
0175_00003	4,35,50,63,67,85,89,94,127,132,134,137,139,145,153,159,175,197,209,212,304,311,316,319,326,351,352,387,390,401,405,422,442,461,524,576,626,631,675,686,710,719,743,772,783,801,804,814,924,936,948,968,974,982
0175_00006	15,35,57,89,109,127,128,134,139,153,173,245,266,283,314,346,347,405,413,442,452,460,461,465,481,508,523,524,555,560,588,596,615,626,657,687,692,716,743,763,765,814,816,824,833,887,894,924,928,932,936,952,954,964,968,974,980
0175_00009	15,20,39,89,94,134,164,176,240,242,245,303,338,378,401,456,508,513,540,626,656,727,799,920,936,953,968,1009
0175_00011	4,19,20,91,94,107,134,141,153,175,201,207,226,242,270,281,347,353,408,481,482,508,515,528,549,550,626,640,666,705,706,727,776,778,789,808,858,948,968,977,989,1008
0175_00012	19,20,91,94,107,134,138,141,153,207,226,270,281,304,353,412,417,453,474,481,482,508,515,528,550,626,640,657,697,710,727,766,776,789,808,819,937,968,971,977,989
0175_00016	19,56,65,89,134,139,153,155,159,167,172,197,212,244,319,351,387,401,405,422,436,442,461,481,486,524,525,558,566,580,621,625,626,629,653,658,678,690,711,719,728,755,783,785,791,881,887,915,935,936,948,960,968,974,975,990,1015,1017
0175_00021	20,28,44,58,65,90,94,108,120,125,126,129,134,153,154,191,207,220,223,245,248,251,266,278,306,332,355,356,367,418,446,457,480,494,506,508,530,554,567,579,582,592,626,662,689,697,727,752,756,783,786,802,807,840,841,850,886,917,923,942,946,948,971,972,1010
0175_00022	5,20,21,22,56,77,88,94,107,117,134,153,195,207,281,338,366,387,395,405,468,479,481,508,516,530,611,626,655,662,668,727,739,757,787,806,829,866,913,950,968,989
0175_00024	85,89,100,134,138,139,153,171,183,212,217,244,245,252,292,299,311,326,335,387,405,442,452,460,461,465,481,499,508,512,523,524,539,560,591,596,615,626,631,657,681,716,765,816,833,868,873,887,928,952,968,974,1003,1009,1020
0175_00026	15,19,56,57,65,89,109,127,128,134,139,153,172,173,266,283,314,319,347,405,413,422,436,442,461,480,481,486,508,524,525,555,558,566,580,588,625,626,629,678,687,690,692,717,728,743,755,763,781,783,794,814,816,824,887,932,936,954,960,964,968,974,975,980,1021
0175_00027	15,20,23,138,153,207,323,326,378,387,390,438,508,533,538,562,572,576,626,701,727,769,839,978,1015
0175_00028	35,86,125,141,146,153,207,223,236,278,292,316,347,390,425,481,508,533,538,593,609,626,655,684,701,706,724,743,818,850,882,917,967
0175_00030	20,94,118,144,145,153,207,270,313,326,360,390,423,467,480,482,502,508,516,530,535,541,554,626,669,681,688,727,752,763,857,888,917,948,977
0175_00031	4,20,94,95,134,141,148,177,188,201,226,268,304,347,353,362,469,508,510,515,549,550,551,626,640,666,705,712,727,735,778,825,850,858,931,948,968,990,999
0175_00032	10,11,14,20,26,38,56,64,88,93,94,97,107,134,136,141,152,153,159,202,203,207,231,245,261,274,289,297,306,310,321,357,367,374,393,405,410,426,475,480,481,506,508,511,516,518,530,550,580,582,588,593,606,613,615,625,626,635,655,662,676,727,739,752,789,810,821,860,866,879,887,889,893,896,897,943,968,1005,1017
0175_00034	15,20,94,107,141,153,176,207,302,323,326,346,390,481,508,533,538,562,576,616,626,701,727,734,815,926
0175_00035	4,5,15,20,26,35,39,49,60,64,76,85,87,89,94,118,120,128,152,153,159,163,170,180,207,222,228,231,252,270,278,281,285,290,316,326,351,366,368,370,391,401,408,420,424,437,439,480,499,501,508,516,524,530,552,584,594,602,609,626,664,690,726,727,753,758,759,772,802,818,860,871,927,936,948,949,964,976,999,1009
0175_00036	64,67,85,89,120,129,132,134,139,145,153,159,163,168,197,209,212,245,304,309,311,319,326,337,351,387,390,401,405,422,442,461,481,486,506,508,524,582,615,626,631,662,669,710,719,722,743,783,792,860,868,887,889,936,968,974,1004
0175_00037	15,48,64,67,89,120,129,132,134,139,145,146,152,163,168,212,245,252,267,269,288,304,309,318,319,337,369,401,405,422,427,461,481,486,506,508,524,525,539,540,547,557,582,615,626,631,662,669,691,711,719,722,741,747,754,769,783,792,816,817,860,868,887,889,936,968,974,979,1004,1009
0175_00041	67,77,85,89,132,134,137,139,145,153,159,168,197,209,212,245,304,311,315,317,319,326,351,387,390,401,405,422,436,442,461,479,486,508,524,544,582,614,626,631,662,699,704,710,719,743,783,787,804,836,866,936,968,974
0175_00042	20,92,94,107,141,146,153,207,236,481,508,514,609,626,671,700,723,727,776,789,964
0175_00047	20,47,51,64,94,96,107,134,153,207,272,292,303,372,383,389,398,407,479,487,503,508,516,521,550,603,626,654,662,714,727,739,762,778,786,797,812,827,893,896,927,948,960,968,989
0175_00048	20,56,94,107,134,153,207,263,480,508,511,516,564,626,647,655,672,727,739,762,797,857,948,960,981
0175_00049	20,39,49,56,61,94,107,153,207,255,500,508,516,527,555,626,647,655,687,727,739,762,797,802,948,960
0175_00050	20,56,62,94,96,107,134,145,153,207,230,270,421,487,508,516,550,558,588,626,647,655,727,731,739,741,762,797,820,948,950,960,968,978,989,992
0175_00051	8,15,20,26,89,94,153,178,207,216,243,263,323,326,390,393,413,429,457,461,474,492,508,516,570,576,594,626,691,701,727,750,758,760,762,770,819,829,833,837,848,855,936,948,960,981,1000,1008
0175_00053	20,56,94,107,153,207,263,279,293,341,353,440,481,508,511,516,626,647,655,727,737,739,762,797,948,960,981
0175_00059	15,20,26,39,89,94,187,193,213,502,508,548,570,599,626,675,719,727,819,855,936,974,976
0175_00060	19,20,51,52,56,65,69,81,89,94,107,121,134,139,141,153,155,159,172,197,206,207,212,217,231,310,319,351,363,387,401,405,417,422,436,442,461,481,486,508,524,525,540,558,566,580,621,625,626,629,653,658,678,690,701,711,719,727,728,755,776,783,789,819,887,915,935,936,960,968,974,975,990,1017
0175_00062	15,34,57,89,127,128,134,138,139,153,173,180,185,220,242,245,260,283,300,301,303,314,340,342,347,379,385,413,417,442,449,453,461,475,477,492,506,508,524,533,550,555,569,575,582,626,636,637,638,649,657,662,663,671,675,687,692,697,763,771,792,806,812,814,824,874,895,918,921,932,936,942,948,954,964,968,974,980,989
0175_00064	85,89,134,139,153,159,167,169,197,212,227,236,245,277,285,311,326,351,361,387,390,401,434,442,452,461,506,508,524,569,626,630,657,662,710,719,743,766,806,936,952,968,974
0175_00067	85,89,96,103,125,132,134,139,153,159,164,197,212,223,245,307,311,319,326,337,351,368,387,388,390,401,405,422,442,461,506,508,524,582,585,626,631,645,662,696,710,719,727,731,743,783,848,867,936,968,974,981,990,1007
