id	bits.on
0226_00001	20,52,88,94,107,117,118,134,141,151,153,195,207,270,369,387,395,405,479,481,508,626,635,662,727,787,863,866,968,989
0226_00002	20,93,94,107,118,141,153,207,231,250,259,261,341,441,481,490,508,626,635,642,657,659,679,698,704,727,756,778,833,915
0226_00003	20,138,153,232,324,387,508,575,700,727,777,833,919,948,982
0226_00004	153,326,626,666,700,718,833,916,919,932,948
0226_00005	20,94,96,128,134,138,145,153,206,256,270,297,298,359,374,421,445,480,487,508,510,516,550,626,727,818,871,897,898,927,968
0226_00006	15,63,109,134,157,201,245,439,506,508,524,526,662,675,686,727,741,849,940,948
0226_00007	12,20,94,96,134,153,248,272,334,372,383,389,479,480,487,503,508,516,522,550,603,626,654,662,684,692,714,727,762,778,786,797,812,893,896,953,968
0226_00008	15,20,32,89,94,123,139,233,237,276,404,427,451,473,474,508,590,614,626,662,677,727,770,772
0226_00009	20,77,94,107,118,141,153,185,207,225,231,250,424,436,441,458,481,508,626,635,679,727,778,913,916
0226_00010	20,81,116,123,134,170,272,341,385,393,405,432,481,487,508,550,585,725,727,850,880,897,898,922,968
0226_00011	15,44,102,134,151,152,153,182,195,220,234,264,326,328,387,393,405,420,475,580,596,605,626,640,708,719,746,920,948,968
0226_00012	41,93,95,134,153,182,201,202,220,227,234,257,285,326,347,393,400,405,408,436,476,481,482,512,535,539,568,569,580,605,613,621,626,666,675,678,687,719,758,773,786,821,826,843,853,887,922,948,968,1016
0226_00013	21,134,153,176,220,261,326,400,405,408,422,549,568,626,666,706,751,773,786,800,922,948,959,968
0226_00014	20,52,64,94,96,107,118,134,141,153,182,207,272,372,383,389,407,479,481,487,503,508,550,603,626,635,654,662,714,727,762,778,786,797,812,849,893,896,921,951,968,989
0226_00015	19,62,153,170,283,556,606,662,700,718,755,778,781,826,833,919,923,932,948,994
0226_00016	20,31,62,68,96,134,151,153,211,242,312,345,347,391,430,487,508,544,550,727,778,805,826,855,865,879,889,948,949,968,994,1006
0226_00017	20,153,269,308,409,481,530,545,558,670,707,713,820,832,852,915,948,994,1014
0226_00018	15,20,94,96,134,144,225,245,272,371,420,456,487,503,506,508,513,533,542,550,553,591,626,654,662,672,714,727,731,741,786,797,803,866,899,968,983
0226_00019	15,20,89,170,210,237,294,473,492,508,516,575,628,727,750,754,772,788,867,870,900,999
0226_00020	20,62,80,137,153,159,270,283,326,360,366,392,442,480,497,508,516,530,556,626,662,666,727,734,755,778,781,826,845,918,932,948,994,1007
0226_00021	20,44,134,138,158,191,235,369,387,487,508,550,577,590,638,700,701,708,727,790,810,843,897,898,917,946,948,968
0226_00022	1,12,15,20,26,29,60,68,85,89,134,158,222,251,276,285,315,325,336,350,449,454,467,492,493,499,515,550,563,566,567,618,626,640,676,698,716,733,763,769,772,830,879,908,936,947,948,954,968,996,1008,1011,1022
0226_00023	15,26,60,75,89,104,134,159,214,222,244,245,254,285,288,292,400,401,414,417,453,492,499,508,566,586,605,609,626,655,659,666,676,690,692,698,703,746,757,762,772,782,783,818,851,936,948,949,951,952,964,1022
0226_00024	15,26,60,75,89,104,134,159,214,222,244,245,254,285,288,292,400,401,414,417,453,492,499,508,566,586,605,609,626,655,659,666,676,690,692,698,703,746,757,762,772,782,783,818,851,936,948,949,951,952,964,1022
0226_00025	20,52,72,94,107,118,134,141,153,182,207,270,281,424,481,508,550,558,620,626,635,640,676,697,727,733,819,947,968,970,989
0226_00026	20,39,49,94,107,118,141,153,207,297,481,508,527,626,635,727,802,852,948,949
0226_00027	20,94,107,118,141,153,188,207,214,231,250,363,396,447,481,508,626,635,727,881,915,948,949,992,1015
0226_00028	20,52,62,72,94,96,107,118,134,141,145,153,182,207,230,270,421,424,481,487,508,550,558,588,626,635,727,864,968,989
0226_00029	84,96,134,146,196,261,354,400,405,422,487,550,553,577,596,751,773,800,835,846,872,968,985
0226_00030	31,67,113,119,128,134,220,245,255,326,377,452,461,464,496,508,626,640,642,717,869,899,948,968,991
0226_00031	20,26,38,57,62,77,81,84,89,94,96,128,134,145,153,233,245,270,295,327,338,366,406,421,422,487,492,499,508,516,522,524,550,575,581,588,589,626,642,648,677,702,727,767,773,807,817,843,853,876,887,901,948,968,1007,1014
0226_00032	10,11,14,20,26,38,64,88,93,94,107,113,134,136,141,152,153,159,199,203,207,231,245,247,261,274,289,297,306,310,321,349,357,374,383,393,405,410,426,461,475,480,481,506,508,511,512,516,518,530,550,580,582,593,602,606,613,615,625,626,635,662,673,676,727,739,752,789,821,860,866,879,887,889,893,897,943,960,968,1017
0226_00033	20,94,107,141,199,207,241,406,481,508,544,626,727,750,802,948
0226_00034	20,52,94,107,141,153,207,236,254,406,454,465,481,508,544,626,727,802,868,948,994
0226_00035	20,61,62,144,153,230,264,270,345,347,373,374,391,409,426,430,434,479,508,520,544,626,636,640,668,704,721,727,767,778,797,826,865,946,948,994
0226_00036	57,62,153,183,198,217,309,345,346,347,430,508,525,605,606,640,754,763,776,778,826,867,948,954,973,994,1000
0226_00037	15,20,26,44,45,58,60,77,80,89,92,99,136,146,153,159,161,173,175,207,222,229,231,236,243,244,270,276,285,314,318,332,343,360,366,371,382,401,453,479,480,492,499,508,516,530,605,609,618,621,626,655,670,686,690,726,727,746,758,762,769,772,795,802,806,808,818,836,883,922,933,936,941,948,957,964,970,971,983,1009
0226_00038	9,15,20,31,44,63,68,70,71,84,96,101,134,135,138,153,166,195,202,211,218,223,245,263,272,316,349,356,360,381,387,433,442,444,452,459,461,467,469,487,491,508,513,515,529,550,566,609,638,649,654,656,669,670,681,698,706,714,721,727,732,737,748,795,809,844,852,874,905,921,922,948,968,989,991,994
0226_00039	4,20,31,62,68,96,134,151,153,157,211,242,283,312,347,391,430,487,508,544,550,556,662,674,727,755,778,781,826,855,860,879,889,948,949,968,994,1006
0226_00040	38,63,96,115,134,201,215,299,413,449,481,487,495,515,518,550,577,606,609,716,746,787,887,921,935,968
0226_00041	54,61,85,96,134,145,249,304,334,335,405,421,441,481,487,497,529,550,613,713,756,785,852,887,968,987
0226_00042	62,142,153,190,271,425,433,545,670,778,826,844,948,987,994
0226_00043	20,37,62,78,153,165,207,231,254,292,308,347,370,497,508,530,542,544,567,589,625,640,652,727,728,778,826,866,948,977,994,1008,1017,1019
0226_00044	15,60,134,201,204,226,233,237,245,295,404,508,662,665,786,788,933,983,1022
0226_00045	22,62,115,153,163,165,207,208,227,231,254,425,516,589,778,788,826,866,897,920,948,977,994,1017
0226_00046	104,134,220,260,318,405,429,468,481,550,553,580,585,613,643,713,771,852,887,936,948,968
0226_00047	10,20,62,153,345,347,370,391,430,497,508,530,542,544,556,640,662,727,748,778,797,826,865,897,918,946,948,994,1019
0226_00048	19,62,153,170,283,556,606,662,700,718,755,778,781,826,833,919,923,932,948,994
0226_00049	52,57,96,109,134,145,260,270,347,421,449,487,508,550,575,616,636,685,699,766,954,968,994
0226_00050	20,31,45,62,68,96,134,151,153,159,165,207,211,231,242,254,292,347,436,487,508,544,550,567,589,652,727,778,807,826,855,866,889,948,968,977,994,1006,1008,1017
0226_00051	4,20,31,62,68,96,134,151,153,157,211,242,283,312,347,391,430,487,508,544,550,556,662,674,727,755,778,781,826,855,860,879,889,948,949,968,994,1006
0226_00052	56,120,125,134,152,174,220,404,405,449,452,513,543,555,591,638,662,702,760,768,794,932,948,960,968
0226_00053	20,49,92,153,193,207,292,308,347,370,497,508,530,542,544,553,625,640,727,728,778,802,948,955,1019
0226_00054	53,59,61,96,127,134,146,222,224,245,272,273,366,392,405,442,483,487,503,506,508,518,530,542,550,596,615,626,640,654,662,681,706,709,710,714,725,741,753,786,797,827,841,870,872,929,968,1002
0226_00055	13,15,25,26,44,53,60,85,89,99,115,134,144,184,205,214,216,222,269,274,280,285,288,351,400,454,458,473,492,499,540,547,566,603,618,626,676,690,696,698,757,763,769,772,782,793,818,822,874,936,948,954,968,996
0226_00056	15,26,60,67,85,89,93,134,201,222,245,285,288,399,414,416,440,453,454,469,485,492,499,508,540,566,603,609,618,626,637,639,641,676,679,697,698,746,763,765,769,772,780,851,936,948,949,954,963,996,1022
0226_00057	68,418,461,575,675,684,948,973,986,998
0226_00058	15,26,60,67,85,89,93,134,201,222,245,285,288,399,414,416,440,453,454,469,485,492,499,508,540,566,603,609,618,626,637,639,641,676,679,697,698,746,763,765,769,772,780,851,936,948,949,954,963,996,1022
0226_00059	35,57,96,134,145,302,374,421,444,468,487,508,550,626,825,843,901,954,968
0226_00060	15,60,98,105,134,201,204,226,233,237,245,295,349,377,404,508,568,662,665,724,786,788,933,963,983,1022
0226_00061	131,134,223,232,236,258,260,347,397,398,405,421,487,494,505,515,521,549,550,577,580,585,605,708,725,760,765,778,810,812,820,832,935,948,966,968
0226_00062	62,77,153,283,299,424,436,481,556,662,755,778,781,826,864,913,948,994
0226_00063	62,77,153,283,299,424,436,481,556,662,755,778,781,826,864,913,948,994
0226_00064	134,137,264,265,301,349,465,481,487,550,574,616,699,725,781,837,887,968
0226_00065	5,20,94,107,118,134,141,153,180,207,231,250,259,341,375,376,441,480,481,490,508,511,516,522,602,626,635,642,657,659,668,673,679,698,727,739,778,825,913,915,916,989
0226_00066	19,62,153,162,170,283,365,400,457,516,526,556,662,718,755,778,781,826,833,919,948,994
0226_00067	20,62,94,107,118,141,153,207,231,250,335,441,481,494,508,626,635,679,727,778,826,948,994,1017
0226_00068	57,62,153,183,271,345,347,430,492,508,525,763,778,789,815,826,948,954,973,994
0226_00069	20,80,94,107,118,141,153,207,209,242,348,481,508,552,575,626,635,662,727,915,1005
0226_00070	20,62,153,247,283,341,440,481,497,508,530,556,569,659,662,727,755,778,781,826,918,940,948,994
0226_00071	20,77,94,153,299,391,424,436,480,481,497,508,530,556,626,662,727,752,778,803,864,913,918,976
0226_00072	20,39,47,49,94,107,153,167,207,508,516,527,602,623,626,655,673,727,739,762,797,802,842,948,960,987
0226_00073	40,57,96,134,145,153,266,374,421,468,487,489,508,538,548,550,618,830,901,948,954,964,968,994
0226_00074	20,62,153,247,283,341,440,481,497,508,530,556,569,659,662,727,755,778,781,826,918,940,948,994
0226_00075	57,62,153,240,283,389,405,465,508,556,624,626,662,692,755,757,778,781,826,835,857,948,954,994
0226_00076	134,144,147,211,213,214,244,347,383,504,515,550,552,575,579,659,665,682,705,708,709,791,806,821,831,863,924,942,948,968,972,977
0226_00077	15,20,62,89,122,134,145,153,218,234,245,251,256,283,300,302,310,340,347,356,375,425,448,508,547,549,630,640,724,727,760,772,778,789,818,826,914,924,933,948,994,1008,1022
0226_00078	20,124,138,153,171,207,272,282,294,347,362,387,423,434,497,508,511,526,536,575,627,640,700,727,776,827,833,888,916,919,948,994,1022
0226_00079	15,20,32,79,89,94,139,233,237,474,508,590,614,626,662,677,727,772
0226_00080	15,26,60,75,89,104,134,159,214,222,244,245,254,285,288,292,400,401,414,417,453,492,499,508,566,586,605,609,626,655,659,666,676,690,692,698,703,746,757,762,772,782,783,818,851,936,948,949,951,952,964,1022
0226_00081	20,26,62,74,89,94,96,128,134,145,153,187,224,270,287,292,321,366,421,487,499,508,514,516,522,550,563,588,598,620,626,652,662,666,667,677,698,702,727,761,762,773,776,782,807,840,887,901,913,948,968,1004,1007
0226_00082	112,134,137,184,189,190,252,278,349,390,395,427,452,479,487,490,508,524,531,550,662,664,781,786,797,850,855,881,949,968
0226_00083	20,77,153,302,331,413,481,508,544,545,649,670,707,727,795,852,948,994
0226_00084	15,26,60,75,89,104,134,159,214,222,244,245,254,285,288,292,400,401,414,417,453,492,499,508,566,586,605,609,626,655,659,666,676,690,692,698,703,746,757,762,772,782,783,818,851,936,948,949,951,952,964,1022
0226_00085	20,94,177,265,469,508,511,551,626,727,850
0226_00086	20,50,64,94,153,186,312,321,332,382,396,480,508,522,530,586,588,611,626,641,715,723,727,741,752,804,850,897,948,994
0226_00087	20,50,62,64,94,153,154,163,283,312,361,391,480,481,497,508,530,556,558,599,626,662,727,752,755,778,803,826,850,864,918,948,976,994
0226_00088	4,10,20,94,96,112,134,145,177,222,252,283,304,353,469,487,500,508,509,510,550,551,626,640,675,689,727,850,968,991,992
0226_00089	20,94,134,141,177,188,213,260,261,304,347,469,505,508,510,549,550,551,626,666,712,720,727,741,778,812,825,850,948,968,980,1013
0226_00090	15,20,26,44,45,60,80,89,92,99,146,153,159,161,207,222,229,231,236,243,244,270,285,314,343,360,366,371,379,401,414,417,453,479,489,492,499,508,516,530,566,605,609,613,618,621,623,626,655,659,670,674,686,690,726,727,758,762,769,772,793,795,802,806,808,818,851,873,883,936,948,949,952,964,970,971,983,1009,1022
0226_00091	44,62,64,105,141,142,153,154,207,263,283,312,326,361,390,411,481,487,556,576,599,626,662,698,724,729,755,778,781,826,850,883,936,948,977,994
0226_00092	20,50,62,64,153,154,247,283,312,341,361,440,481,497,508,530,556,558,569,599,659,662,727,755,778,781,826,850,864,918,940,948,994
0226_00093	20,50,62,64,153,154,247,283,312,341,361,440,481,497,508,530,556,558,569,599,659,662,727,755,778,781,826,850,864,918,940,948,994
0226_00094	20,39,94,96,134,177,272,304,324,383,389,402,427,439,469,479,487,503,508,510,550,551,626,654,662,713,714,727,762,786,797,798,803,824,850,871,896,909,938,968
0226_00095	20,50,60,64,94,153,154,186,295,312,321,361,391,396,480,481,497,508,522,530,556,586,588,611,626,715,727,741,752,778,803,804,850,864,897,948,976,994
0226_00096	20,50,62,64,153,154,163,283,312,343,347,361,370,411,455,481,497,505,508,530,542,544,556,558,599,640,662,663,727,748,755,778,826,850,864,918,948,994,1019
0226_00097	10,14,15,49,76,89,134,153,175,199,207,237,245,264,320,371,438,453,508,524,540,570,640,658,662,663,677,686,694,741,764,772,794,802,816,836,881,948,953,978,1006
0226_00098	20,61,62,144,153,202,207,213,225,264,270,345,347,367,373,375,391,430,453,479,508,544,573,575,581,626,640,647,706,721,727,762,767,778,797,798,816,826,863,865,886,892,904,919,924,946,948,990,994
0226_00099	47,96,134,145,202,211,244,245,310,330,355,357,374,405,421,481,486,487,490,504,506,508,513,524,550,572,582,585,620,626,638,640,662,681,697,725,744,758,765,805,815,842,887,913,943,965,968,1018
