id	bits.on
0070_00002	15,73,81,89,116,134,175,183,237,272,298,371,380,385,393,405,419,487,524,543,550,585,620,651,666,683,686,725,752,772,928,929,937,948,968
0070_00003	20,48,57,62,84,124,138,140,153,167,171,207,267,283,292,306,308,320,347,358,370,429,430,497,508,530,540,542,544,556,565,600,625,640,648,662,685,698,700,718,727,734,746,747,748,755,763,778,781,826,833,857,877,911,918,919,921,932,948,954,994,1019
0070_00006	4,35,50,63,67,85,89,94,127,132,134,137,139,145,153,159,175,197,209,212,304,311,316,319,326,351,352,387,390,401,405,422,442,461,524,576,626,631,675,686,710,719,743,772,783,801,804,814,924,936,948,968,974,982
0070_00008	20,50,62,64,96,153,154,183,207,283,292,308,312,326,347,361,370,390,474,481,497,508,530,542,544,556,558,576,599,625,626,636,640,662,727,748,755,778,779,781,807,826,845,850,864,918,948,994,1019
0070_00014	19,20,91,93,94,107,134,141,153,207,226,262,270,281,353,369,381,476,481,482,508,515,528,550,601,604,626,640,727,776,789,808,968,977,989
0070_00015	19,20,24,38,87,94,107,134,141,147,153,158,190,207,215,256,260,270,307,319,347,389,481,482,508,515,528,550,579,605,616,620,626,640,676,727,733,744,776,789,812,871,904,945,947,968,989,1003
0070_00016	19,20,24,64,87,94,107,113,134,141,153,158,207,215,270,328,414,481,482,508,515,528,533,626,640,727,733,776,789,820,904,968,989,1003
0070_00018	4,19,20,91,94,107,134,141,153,175,201,207,226,242,270,281,347,353,408,481,482,508,515,528,549,550,626,640,666,705,706,727,776,778,789,808,858,948,968,977,989,1008
0070_00022	19,20,91,94,107,134,138,141,153,207,226,270,281,304,353,412,417,453,474,481,482,508,515,528,550,626,640,657,697,710,727,766,776,789,808,819,937,968,971,977,989
0070_00024	20,72,94,134,141,177,188,261,304,469,508,510,550,551,620,626,640,676,712,720,727,733,741,763,825,850,947,968
0070_00029	20,57,76,89,109,134,139,153,159,162,173,177,190,194,197,212,266,274,319,341,347,351,387,401,405,422,432,442,461,481,508,524,555,574,588,626,647,680,692,719,727,738,743,763,783,874,887,935,936,954,959,968,974,980,997,1003
0070_00031	19,20,29,50,58,64,94,107,134,141,153,207,214,269,354,372,383,479,481,506,508,515,522,541,550,626,640,654,662,676,727,762,776,778,789,797,812,833,849,893,896,947,968,974,989,991
0070_00033	19,56,65,89,134,139,153,155,159,167,172,197,212,244,319,351,387,401,405,422,436,442,461,481,486,524,525,558,566,580,621,625,626,629,653,658,678,690,711,719,728,755,783,785,791,881,887,915,935,936,948,960,968,974,975,990,1015,1017
0070_00038	20,28,39,58,65,66,73,77,82,94,126,129,134,153,154,180,191,207,220,223,236,245,248,266,293,299,332,356,357,367,391,405,418,457,468,480,490,494,495,506,508,525,530,541,567,571,579,582,592,614,615,620,626,627,662,687,689,727,752,756,772,783,786,802,840,841,850,853,885,911,918,941,942,946,947,948,949,963,997
0070_00039	15,18,20,79,89,94,134,153,190,245,264,356,381,429,480,497,508,510,530,547,553,562,605,623,626,651,662,671,683,719,726,727,752,773,778,789,795,803,827,835,946,972,976,981,1008
0070_00043	5,20,21,22,56,77,88,94,107,117,134,153,195,207,281,338,366,387,395,405,468,479,481,508,516,530,611,626,655,662,668,727,739,757,787,806,829,866,913,950,968,989
0070_00045	15,20,25,26,36,61,72,85,89,102,129,134,139,141,148,153,205,211,222,233,245,255,305,315,326,350,351,357,358,399,408,413,469,499,508,513,517,523,527,566,603,610,626,640,681,704,727,730,755,766,768,772,774,790,801,819,822,836,852,855,862,898,926,936,948,968,1009,1019,1022
0070_00046	15,20,25,26,36,72,85,89,102,129,134,141,146,148,153,182,205,211,222,233,245,255,305,315,347,350,351,357,358,372,399,408,413,421,469,499,508,513,517,523,527,544,566,603,610,626,681,704,727,730,746,755,762,766,768,772,774,782,790,801,810,819,822,836,852,855,862,886,936,948,968,975,989,1009,1019,1022
0070_00047	15,20,21,25,26,36,61,72,85,89,117,129,134,139,141,148,153,208,216,222,245,255,302,305,313,315,326,351,357,358,399,401,408,449,458,472,499,508,513,566,603,626,627,648,649,681,713,727,733,749,751,755,768,772,782,801,836,852,855,862,898,926,948,968,973,1019,1022
0070_00049	85,89,100,134,138,139,153,171,183,212,217,244,245,252,292,299,311,326,335,387,405,442,452,460,461,465,481,499,508,512,523,524,539,560,591,596,615,626,631,657,681,716,765,816,833,868,873,887,928,952,968,974,1003,1009,1020
0070_00050	20,57,84,89,134,138,139,153,159,173,177,197,210,212,245,257,267,269,274,300,347,351,364,387,401,402,405,430,442,445,452,460,461,465,481,492,508,523,524,540,555,560,596,600,615,626,631,657,681,692,700,716,718,719,763,765,807,833,846,860,874,877,887,911,919,928,932,936,948,952,954,965,968,974,980,994,997
0070_00052	15,16,20,25,26,49,60,72,85,87,89,116,134,141,148,153,182,222,245,255,258,280,285,291,297,311,315,347,351,357,371,393,399,400,452,471,477,499,508,513,544,560,566,581,595,603,727,746,751,755,762,768,772,801,821,836,849,875,886,908,944,948,968,969,971,989,1019,1022
0070_00054	57,72,76,89,109,153,166,173,177,187,266,347,351,442,461,481,508,553,555,588,626,634,647,687,692,719,743,763,830,839,917,936,954,963,967,974,982
0070_00055	35,86,125,141,146,153,207,223,236,278,292,316,347,390,425,481,508,533,538,593,609,626,655,684,701,706,724,743,818,850,882,917,967
0070_00058	20,94,118,144,145,153,207,270,313,326,360,390,423,467,480,482,502,508,516,530,535,541,554,626,669,681,688,727,752,763,857,888,917,948,977
0070_00060	4,20,94,95,134,141,148,177,188,201,226,268,304,347,353,362,469,508,510,515,549,550,551,626,640,666,705,712,727,735,778,825,850,858,931,948,968,990,999
0070_00061	10,11,14,20,26,38,56,64,88,93,94,97,107,134,136,141,152,153,159,202,203,207,231,245,261,274,289,297,306,310,321,357,367,374,393,405,410,426,475,480,481,506,508,511,516,518,530,550,580,582,588,593,606,613,615,625,626,635,655,662,676,727,739,752,789,810,821,860,866,879,887,889,893,896,897,943,968,1005,1017
0070_00062	15,20,94,107,141,153,176,207,302,323,326,346,390,481,508,533,538,562,576,616,626,701,727,734,815,926
0070_00066	64,67,85,89,120,129,132,134,139,145,153,159,163,168,197,209,212,245,304,309,311,319,326,337,351,387,390,401,405,422,442,461,481,486,506,508,524,582,615,626,631,662,669,710,719,722,743,783,792,860,868,887,889,936,968,974,1004
0070_00067	15,48,64,67,89,120,129,132,134,139,145,146,152,163,168,212,245,252,267,269,288,304,309,318,319,337,369,401,405,422,427,461,481,486,506,508,524,525,539,540,547,557,582,615,626,631,662,669,691,711,719,722,741,747,754,769,783,792,816,817,860,868,887,889,936,968,974,979,1004,1009
0070_00068	57,64,67,76,89,109,120,129,132,134,139,145,153,159,163,168,173,177,197,209,212,245,266,304,309,319,337,347,351,387,401,405,422,442,461,481,486,506,508,524,555,582,588,615,626,631,662,669,692,719,722,743,763,783,792,860,868,874,887,889,936,954,968,974,980,997,1004
0070_00076	20,21,77,94,104,107,141,153,207,481,508,626,727,776,789,849
0070_00077	5,20,56,77,94,107,134,153,207,221,247,274,281,319,326,338,366,387,395,405,434,468,481,508,516,524,530,576,626,630,655,668,686,727,739,757,829,913,925,947,948,950,968,986,989
0070_00078	20,93,94,107,141,153,202,207,217,231,259,261,341,463,481,508,545,626,642,659,698,704,727,756,771,776,778,789,833,915
0070_00079	20,62,124,128,138,140,153,171,207,224,272,283,306,319,347,358,370,387,434,437,497,508,511,526,530,556,575,627,640,662,700,727,733,748,755,778,781,826,827,833,918,919,948,994
0070_00080	20,138,153,207,266,387,390,434,508,511,526,575,615,626,627,682,700,707,725,727,779,833,919,932,948
0070_00081	20,52,69,94,107,126,141,153,206,207,217,231,242,310,363,379,409,481,508,540,626,682,727,776,789,915,923,930,969
0070_00082	20,94,107,141,153,207,209,242,293,379,383,481,508,552,626,727,776,789,846,915,999
0070_00083	20,94,105,107,113,141,153,207,210,217,231,246,341,440,481,508,530,583,626,727,776,789,940
0070_00084	19,20,65,88,94,107,117,127,134,141,153,195,207,387,395,405,479,481,508,562,626,662,727,776,787,789,866,968,989,1022
0070_00085	88,117,134,141,153,195,207,326,365,387,395,405,423,479,481,557,576,625,626,662,787,819,866,867,960,968,989
0070_00086	20,94,107,141,153,165,207,217,231,481,508,515,545,626,727,771,776,778,789,982
0070_00087	20,77,94,107,141,153,207,217,225,231,409,424,436,458,481,508,545,626,727,771,776,778,789,913,929
0070_00088	20,34,45,94,107,141,146,153,168,197,207,217,231,236,255,481,508,522,626,675,727,743,776,789,875,889,948,1009
0070_00089	19,20,62,94,96,107,134,141,145,153,207,230,270,421,449,481,482,487,508,528,550,558,588,626,727,747,776,789,968,989
0070_00090	20,64,96,134,141,153,207,256,269,272,287,341,372,383,389,407,479,481,487,503,508,530,550,601,603,615,654,662,714,727,762,776,778,786,797,812,893,896,947,968,989
0070_00091	19,20,40,94,107,134,141,153,207,270,281,481,482,508,528,550,558,620,626,640,676,727,733,747,776,789,819,947,968,970,989
0070_00095	15,20,66,89,120,134,153,161,165,172,184,196,245,251,254,300,302,309,312,324,343,347,453,498,508,515,522,549,611,630,640,717,727,760,772,786,804,815,850,914,938,948,994,1022
0070_00097	19,20,94,107,134,141,153,207,213,247,319,326,387,395,405,481,486,508,524,576,626,686,705,727,741,776,789,925,947,948,968,986,989
0070_00100	20,47,51,64,94,96,107,134,153,207,272,292,303,372,383,389,398,407,479,487,503,508,516,521,550,603,626,654,662,714,727,739,762,778,786,797,812,827,893,896,927,948,960,968,989
0070_00101	20,56,62,94,96,107,134,145,153,207,230,270,421,487,508,516,550,558,588,626,647,655,727,731,739,741,762,797,820,948,950,960,968,978,989,992
0070_00104	20,56,77,94,107,153,207,225,231,424,436,458,481,508,516,621,626,647,655,727,734,739,762,764,778,797,862,896,913,948,960,984
0070_00105	20,94,107,126,134,151,153,207,209,259,295,316,341,382,480,481,508,511,626,727,756,847,917,995,999
0070_00106	19,20,138,141,153,202,207,225,231,269,387,438,481,508,547,606,688,700,713,718,727,771,776,778,813,833,919,932,948
0070_00108	20,44,57,71,72,75,89,123,134,138,153,173,177,235,276,297,341,347,351,359,406,432,442,443,461,481,487,508,528,550,555,612,626,627,669,692,719,721,727,745,763,769,795,810,841,842,843,850,854,871,877,881,897,898,899,918,936,954,968,974,1005
0070_00110	20,56,94,105,107,128,129,131,141,153,207,217,231,254,257,270,365,366,375,399,480,481,508,516,530,583,612,626,674,692,727,739,757,776,789,812,829,871,917,927,947,948,994
0070_00112	20,21,82,94,107,141,153,203,207,217,231,261,347,430,475,480,481,485,508,530,544,545,626,640,727,752,776,789,797,850,950,1019,1022
0070_00119	19,20,51,52,56,65,69,81,89,94,107,121,134,139,141,153,155,159,172,197,206,207,212,217,231,310,319,351,363,387,401,405,417,422,436,442,461,481,486,508,524,525,540,558,566,580,621,625,626,629,653,658,678,690,701,711,719,727,728,755,776,783,789,819,887,915,935,936,960,968,974,975,990,1017
0070_00121	20,56,62,69,94,105,107,112,128,129,141,153,207,217,231,242,257,270,274,279,283,334,342,354,363,365,366,474,480,481,494,508,516,530,556,583,626,674,680,692,727,736,739,755,757,776,778,786,789,812,824,826,829,871,915,917,923,927,947,948,994
0070_00122	57,84,138,142,153,207,267,292,311,320,326,347,390,429,430,474,508,513,540,576,600,626,700,718,734,763,779,833,877,911,919,921,926,932,948,954,955,994
0070_00126	34,62,141,153,207,225,231,283,285,313,326,387,390,394,399,481,556,576,626,662,674,679,701,755,778,781,826,877,948,994
0070_00131	13,15,20,22,38,56,88,89,100,117,134,150,153,170,175,190,195,201,207,211,213,237,245,264,307,331,341,347,371,384,387,391,395,397,405,411,415,429,479,481,508,516,524,554,611,615,645,646,662,727,739,749,772,787,814,835,842,866,914,942,968,984,989,1009,1022
0070_00132	19,20,24,36,38,64,87,94,107,134,141,153,158,190,207,215,256,260,270,286,307,319,328,347,389,404,481,482,508,515,528,533,578,579,626,640,685,727,733,744,776,789,820,904,968,989,1003
0070_00136	20,94,134,160,177,195,252,304,366,387,395,405,445,469,479,508,510,551,611,626,662,727,787,850,968,973
