id	bits.on
0388_00001	10,15,16,17,144,146,147,256,257,284,286,300,301,366,374,376,380,390,391,394,395,397,399,400,404,419,423,448,451,454,468,485,487,488,489,492,497,505,518,520,522,523,541,561,573,636
0388_00002	10,15,16,17,19,286,287,300,376,391,394,419,421,451,452,454,488
0388_00003	10,11,15,16,144,146,147,256,257,284,285,286,300,333,341,345,346,352,356,358,359,366,371,373,374,376,377,380,388,390,391,393,394,397,400,401,404,417,419,432,436,438,442,443,446,447,448,450,451,454,473,483,485,486,488,489,491,492,496,500,503,505,507,520,522,524,528,529,539,540,541,546,547,548,557,561,570,571,573,586,593,594,597,600,608,612,614,637,644,655,658,666,675
0388_00004	10,11,15,16,144,146,147,179,180,256,257,258,284,285,286,300,301,333,341,345,352,356,358,359,371,372,377,378,385,387,388,399,417,419,423,432,435,438,442,443,447,450,465,471,478,486,491,500,503,516,517,521,523,524,525,531,539,540,546,547,548,550,553,556,557,565,570,571,577,579,583,585,593,596,600,601,604,608,609,619,634,635,641,661,665,666,669,678,679,680,684,771,834
0388_00005	10,11,15,16,19,179,181,182,256,257,284,285,286,287,300,333,334,345,346,352,353,356,357,359,366,371,372,373,374,377,385,388,391,394,397,404,417,419,421,431,435,436,440,442,443,444,446,447,448,450,452,454,465,471,473,483,491,492,494,496,503,507,517,521,522,524,525,531,536,539,540,541,546,547,550,553,554,556,557,565,571,577,578,579,580,581,583,585,586,593,594,596,598,600,601,604,608,609,614,619,624,625,629,634,635,641,657,658,661,665,666,669,672,673,674,678,679,684,685,696,709,710
0388_00006	10,11,15,38,284,285,286,295,343,344,345,346,352,362,366,375,391,392,541,610
0388_00007	10,11,15,19,20,284,285,286,287,300,309,333,339,341,345,346,352,353,366,381,394,407,417,421,435,441,442,444,447,453,465,491,517,529,536,557,580,583,593,600,618,638,641,644,681,683,685,686
0388_00008	10,11,12,15,179,180,256,284,285,286,300,333,334,339,341,345,346,352,356,357,366,371,372,375,385,394,417,431,435,442,447,471,491,517,521,525,529,553,557,565,571,579,583,585,593,596,600,604,608,609,619,635,641,644,661,665,669,678,679,680,684,689,697,709,710,711
0388_00009	10,11,12,15,19,179,180,256,284,285,286,287,300,309,333,341,342,345,346,352,353,356,366,371,372,375,377,378,382,383,385,391,393,394,407,417,435,438,442,447,450,465,471,491,496,499,503,517,521,525,529,541,542,543,546,547,549,550,553,557,565,571,574,575,579,583,585,586,591,593,596,600,601,604,607,608,609,614,618,619,620,629,634,635,638,641,642,644,652,656,657,658,661,665,666,668,669,678,679,680,681,683,684,690,722,785
0388_00010	10,11,12,15,19,179,180,256,284,285,286,287,300,309,333,334,340,342,345,346,347,352,353,356,357,366,367,371,372,385,394,407,417,431,435,442,447,471,491,517,521,525,529,549,553,557,565,567,571,572,574,575,579,583,585,593,596,600,604,608,609,618,619,620,635,638,641,642,644,656,661,665,668,669,678,679,680,681,684,689,690,697,699,709,710,711
0388_00011	10,15,19,20,31,34,284,287,294,300,305,315,367,369,375,408,412,426,457
0388_00012	10,11,15,19,34,144,146,147,179,180,256,257,258,284,285,286,287,294,300,333,341,345,352,354,356,358,359,371,372,377,378,384,385,387,388,391,393,394,397,400,401,404,413,417,419,421,422,432,435,438,442,443,447,450,452,454,465,471,472,473,474,475,476,479,481,483,490,491,496,501,503,507,508,509,512,514,517,521,524,525,528,531,532,533,534,539,540,546,547,550,553,556,557,565,571,577,579,583,585,586,587,593,596,600,601,604,608,609,614,619,629,634,635,641,644,646,658,661,665,666,669,678,679,680,684,768,831
0388_00013	10,11,12,15,19,20,179,180,256,284,285,286,287,300,309,333,341,342,345,352,353,356,371,372,375,377,378,382,383,385,391,393,394,407,417,421,435,438,440,442,444,447,450,452,465,471,491,496,499,503,517,521,525,542,543,546,547,549,550,553,557,565,571,574,575,579,583,585,586,591,593,596,600,601,604,607,608,609,614,618,619,620,629,634,635,638,641,642,644,646,652,656,657,658,661,665,666,668,669,678,679,680,681,683,684,690,722,785
0388_00014	10,11,12,15,16,179,181,182,184,185,186,256,257,284,285,286,300,333,334,339,341,345,346,352,356,357,359,366,371,372,373,374,377,385,388,391,393,394,397,404,417,419,431,435,436,442,443,446,447,448,450,454,465,471,473,483,491,492,496,503,507,517,521,522,524,525,529,531,539,540,541,546,547,550,553,556,557,565,571,577,578,579,583,585,586,593,594,596,600,601,604,608,609,614,619,629,634,635,641,644,657,658,661,665,666,669,678,679,680,684,689,709,710,711
0388_00015	10,11,12,15,16,144,146,147,179,181,182,256,257,284,285,286,333,334,339,341,345,346,352,356,357,359,366,371,372,373,374,375,377,385,388,391,392,397,404,417,419,431,435,436,442,443,446,447,448,450,454,465,471,473,483,491,492,496,503,507,517,521,522,524,525,531,539,540,541,546,547,550,553,556,557,565,571,577,578,579,583,585,586,593,594,596,600,601,604,608,609,614,619,629,634,635,641,657,658,661,665,666,669,678,679,680,684,689,697,709,710,711
0388_00016	10,11,15,16,17,116,117,179,181,182,256,257,284,285,286,300,333,339,341,345,346,352,366,376,380,390,391,393,394,397,404,419,451,454,485,488,505,520,529,541,561,573,597,614,637,644,655
0388_00017	10,11,12,15,16,19,20,144,146,147,284,285,286,287,300,333,339,341,345,346,352,353,366,375,391,392,394,421,440,444,452,536,537,541,570,580,593,603,612,614,644,646,647,657,686
0388_00018	10,11,15,16,17,38,179,181,182,256,257,284,285,286,295,300,345,346,352,366,375,376,380,390,391,393,394,397,404,419,451,454,485,488,505,520,529,541,561,573,597,637,644,655
0388_00019	10,11,12,15,16,19,144,146,147,179,181,182,256,257,284,285,286,287,333,334,339,341,345,346,352,353,356,357,359,366,371,372,373,374,375,377,385,388,391,392,397,404,417,419,421,431,435,436,440,442,443,444,446,447,448,450,452,454,465,471,473,483,491,492,496,503,507,517,521,522,524,525,531,536,539,540,541,546,547,550,553,556,557,565,571,577,578,579,580,583,585,586,593,594,596,600,601,604,608,609,614,619,629,634,635,641,646,647,657,658,661,665,666,669,678,679,680,684,685,686,689,693,697,705,709,710,711
0388_00020	10,11,12,15,19,20,144,148,150,151,179,180,256,284,285,286,287,300,333,334,339,341,342,345,346,352,353,356,357,366,367,368,371,372,381,382,383,385,394,406,417,431,435,442,447,471,477,491,499,521,525,529,542,543,545,549,553,557,564,565,566,568,571,574,575,579,583,585,590,593,595,596,600,604,605,607,608,609,611,619,620,627,631,635,638,641,642,644,652,656,661,662,663,665,667,669,678,679,680,681,684,689,690,692,697,699,700,704,709,710,711,713,715,736,756,762,778,799,819,825,843,861
0388_00021	10,11,12,15,19,20,144,150,179,180,256,284,285,286,287,300,333,334,339,341,342,345,346,352,353,356,357,366,367,368,371,372,375,381,382,383,385,394,406,417,431,435,442,447,471,477,491,499,517,521,525,529,542,543,545,549,553,557,564,565,566,568,571,574,575,579,583,585,590,593,595,596,600,604,605,607,608,609,611,619,620,627,631,635,638,641,642,644,652,656,661,662,663,665,667,669,678,679,680,681,684,689,690,692,697,699,700,704,709,710,711,715,736,762,778,799,825
0388_00022	10,11,12,15,19,20,179,180,256,284,285,286,287,300,333,341,342,345,347,352,353,356,367,371,372,375,377,378,382,383,385,391,393,394,406,417,421,435,438,440,442,444,447,450,452,465,471,477,491,496,499,503,517,521,525,542,543,546,547,549,550,553,557,565,566,571,574,575,579,583,585,586,590,593,595,596,600,601,604,605,607,608,609,614,615,619,620,621,627,629,633,634,635,638,641,642,644,646,652,656,657,658,661,665,666,667,669,678,679,680,681,683,684,690,722,785
0388_00023	10,11,12,15,179,180,186,187,193,194,284,285,286,300,333,334,335,336,337,341,345,352,375,394,583,593,644,680,684,689,697,698,709,710,711,712,798,801
0388_00024	10,11,12,15,179,180,186,187,193,194,284,285,286,300,333,334,335,336,339,341,345,346,352,366,375,394,529,583,593,644,680,684,689,697,698,709,710,711,712,798
0388_00025	10,11,15,16,17,19,20,144,146,147,179,181,182,256,257,258,259,284,285,286,287,300,333,341,352,353,356,358,359,360,366,374,375,376,377,378,379,380,382,385,387,388,389,390,391,392,393,394,397,398,400,401,404,417,419,421,432,438,439,440,442,443,444,448,450,451,452,454,465,473,483,485,486,488,489,492,494,495,496,500,505,507,520,522,524,528,531,536,537,539,541,546,548,550,554,556,561,570,573,581,586,594,597,602,603,612,614,622,625,629,637,646,647,648,651,655,658,674,675
0388_00026	10,11,15,16,17,19,20,144,146,147,179,181,182,256,257,258,259,284,285,286,287,300,333,341,352,353,356,358,359,360,366,374,375,376,377,378,379,380,382,385,387,388,389,390,391,392,393,394,397,398,400,401,404,417,419,421,432,438,439,440,442,443,444,448,450,451,452,454,465,473,483,485,486,488,489,492,494,495,496,500,505,507,520,522,524,528,529,531,536,537,539,541,546,548,550,554,556,561,570,573,581,586,594,597,602,603,612,614,622,625,629,637,646,647,648,651,655,658,674,675
0388_00027	10,11,19,20,21,31,284,285,287,315,345,347,353,367,375,408,412,426,457
0388_00028	10,11,12,15,179,180,256,284,285,286,333,334,339,341,345,346,352,356,357,366,371,372,375,385,391,392,417,418,428,429,431,435,442,447,471,491,517,521,525,541,553,557,565,571,579,583,585,593,596,600,604,608,609,614,619,635,641,657,661,665,669,678,679,680,684,689,697,709,710,711
0388_00029	10,11,15,16,19,20,34,284,285,286,287,294,300,302,333,341,345,350,352,354,366,369,375,381,391,393,394,396,413,419,421,432,443,452,453,508,529,539,540,541,560,587,647
0388_00030	10,11,12,19,20,21,179,180,256,284,285,287,333,334,345,353,356,357,367,371,372,375,381,385,406,417,421,431,435,441,442,444,447,453,471,491,494,517,521,525,536,549,553,554,557,565,571,574,575,579,580,583,585,595,596,598,600,604,605,609,619,620,624,635,638,641,642,656,661,665,667,669,672,673,678,679,680,681,682,685,687,688,689,690,693,697,699,705,709,710,711,713,756,819
0388_00031	10,11,12,15,16,17,19,20,144,146,147,179,181,182,256,257,258,259,284,285,286,287,333,341,352,353,356,358,359,360,366,374,375,376,377,378,379,380,382,385,387,388,389,390,391,392,397,398,404,417,419,421,432,438,439,440,442,443,444,448,450,451,452,454,465,473,483,485,486,488,492,494,495,496,500,505,507,520,522,524,531,536,537,539,541,546,548,550,554,556,561,570,573,581,586,594,597,602,603,612,614,622,625,629,637,646,647,648,651,655,658,674,675
0388_00032	10,11,12,19,20,21,284,285,287,309,345,347,353,367,406,407,568,572,615,663,664
0388_00033	10,11,12,19,20,179,180,256,284,285,287,309,333,334,336,345,353,356,357,371,372,375,381,385,407,417,421,431,435,441,442,444,447,453,471,491,517,521,525,536,553,557,565,571,579,580,583,585,596,598,600,604,609,618,619,635,638,641,642,656,661,665,669,678,679,680,681,685,689,690,693,697,698,699,705,709,710,711,713,714,777
0388_00034	10,11,12,15,16,19,179,180,256,284,285,286,287,300,333,334,341,345,346,352,353,356,357,366,371,372,375,377,378,385,391,393,394,417,421,431,435,438,440,442,444,447,450,452,465,471,491,496,517,521,525,529,537,541,546,550,553,557,565,570,571,579,583,585,586,593,596,600,601,603,604,608,609,612,614,619,629,634,635,641,644,646,657,658,661,665,666,669,678,679,680,684,689,698,709,710,711,735,759,798,822
0388_00035	10,11,12,15,19,20,179,180,186,187,256,258,284,285,286,287,300,333,334,342,345,352,353,356,357,371,372,382,383,385,394,406,417,421,431,435,440,442,444,447,452,465,471,477,491,494,499,517,521,525,536,542,543,549,550,553,554,557,565,566,571,574,575,579,580,582,583,585,590,593,595,596,598,600,604,605,607,608,609,615,619,620,621,624,626,627,633,634,635,638,639,641,642,643,652,656,661,665,667,669,672,673,678,679,680,681,684,685,689,690,693,699,705,709,710,711,757,820
0388_00036	10,11,12,15,16,17,38,179,181,182,256,257,284,285,286,295,300,333,339,341,345,346,352,366,375,376,380,390,391,393,394,397,404,419,451,454,485,488,505,520,529,541,561,573,597,637,644,655
0388_00037	10,11,12,15,16,19,179,180,256,284,285,286,287,300,309,333,334,339,340,341,342,345,346,347,352,353,356,357,366,367,371,372,375,377,378,385,391,393,394,407,417,420,430,431,435,438,442,447,450,465,467,471,491,503,517,521,525,529,541,546,547,549,550,553,557,565,567,569,571,572,574,575,579,583,585,593,596,600,601,604,608,609,614,618,619,620,634,635,638,641,642,644,656,657,660,661,665,666,668,669,677,678,679,680,681,684,689,690,692,697,698,699,704,709,710,711,717,735,759,780,798,822
0388_00038	10,11,19,20,21,31,38,39,284,285,287,295,315,343,345,347,353,361,367,375,408,412,417,426,447,457
0388_00039	10,11,12,15,16,19,20,144,150,179,180,181,182,186,256,284,285,286,287,300,333,334,342,345,346,352,353,356,357,366,367,368,371,372,381,382,383,385,391,392,393,394,406,417,431,435,442,447,465,471,477,491,499,517,521,525,529,541,542,543,545,549,550,553,557,564,565,566,568,570,571,574,575,579,583,585,590,593,595,596,600,604,605,607,608,609,611,612,614,619,620,627,629,631,634,635,638,641,642,644,652,656,657,661,662,663,665,667,669,678,679,680,681,683,684,689,690,692,700,703,709,710,711,715,736,762,778,799,825
0388_00040	10,11,12,19,20,21,179,180,256,284,285,287,333,334,345,347,353,356,357,367,371,372,375,381,385,406,417,421,431,435,441,442,444,447,453,471,491,494,517,521,525,536,549,553,554,557,565,571,574,575,579,580,583,585,595,596,598,600,604,605,609,615,619,620,624,635,638,641,642,656,661,665,667,669,672,673,678,679,680,681,682,685,687,688,689,690,693,697,699,705,709,710,711,713,756,819
0388_00041	10,11,12,15,19,20,179,180,256,284,285,286,287,300,302,309,333,334,342,345,347,352,353,356,357,367,371,372,375,382,383,385,394,396,406,417,421,431,435,440,442,444,447,452,471,477,491,499,515,517,521,525,536,542,543,549,553,557,565,566,571,574,575,579,580,583,585,590,593,595,596,598,600,604,605,607,608,609,615,619,620,621,627,633,635,638,641,642,644,652,656,661,665,667,669,678,679,680,681,684,685,689,690,693,697,705,709,710,711,715,778
0388_00042	10,11,12,15,19,20,34,179,180,256,284,285,286,287,294,300,333,334,342,345,350,353,354,356,357,366,369,371,372,375,381,382,383,385,391,393,394,406,413,417,421,431,435,442,447,452,453,471,477,491,499,508,517,521,525,529,541,542,543,549,553,557,560,565,566,571,574,575,579,583,585,587,590,595,596,600,604,605,607,609,613,619,620,623,627,635,638,641,642,647,652,656,659,661,665,667,669,678,679,680,681,689,690,699,709,710,711,757,820
0388_00043	10,11,12,19,20,179,180,186,187,256,258,284,285,287,309,333,334,342,345,353,356,357,367,371,372,375,382,383,385,406,407,417,421,431,433,435,442,444,447,471,477,491,494,499,517,521,525,536,542,543,549,553,554,557,565,566,571,574,575,576,579,580,582,583,585,590,591,595,596,598,600,604,605,607,609,618,619,620,624,626,627,635,638,640,641,642,643,652,654,656,661,665,667,668,669,672,673,678,679,680,681,685,689,690,691,693,694,697,698,699,701,702,705,706,709,710,711,715,741,757,778,804,820
0388_00044	10,11,12,15,19,20,179,181,182,284,285,286,287,309,333,339,340,341,342,345,346,347,352,353,366,367,375,381,391,392,406,407,421,452,453,541,572,583,593,613,614,618,638,639,646,647,657,680,681,684,689,690,699
0388_00045	10,11,12,15,24,25,179,180,256,284,285,286,288,300,333,334,339,341,345,346,352,356,357,364,366,371,372,375,385,391,393,394,417,431,435,442,447,471,491,517,521,525,529,541,553,557,565,571,579,583,585,593,596,600,604,608,609,614,619,635,641,644,657,661,665,669,678,679,680,684,689,697,698,709,710,711,735,798
0388_00046	10,11,12,15,16,19,179,180,256,284,285,286,287,300,333,334,341,345,346,352,353,356,357,366,371,372,375,377,378,385,391,392,393,394,417,421,431,435,438,440,442,444,447,450,452,465,471,491,496,517,521,525,537,541,546,550,553,557,565,570,571,579,583,585,586,593,596,600,601,603,604,608,609,612,614,619,629,634,635,641,644,646,657,658,661,665,666,669,678,679,680,684,689,698,709,710,711,735,759,798,822
0388_00047	10,11,12,15,16,34,35,144,146,147,179,180,256,257,258,284,285,286,294,333,341,345,352,354,356,358,359,369,371,372,377,378,384,385,387,388,391,397,404,413,417,419,420,422,432,435,438,442,443,447,450,454,465,471,472,473,474,475,476,480,481,483,490,491,496,501,503,507,508,509,514,517,521,524,525,531,532,533,534,539,540,546,547,550,553,556,557,565,571,577,579,583,585,586,587,593,596,600,601,604,608,609,614,619,629,634,635,641,658,661,665,666,669,678,679,680,684,768,831
0388_00048	10,11,12,15,19,20,179,180,256,284,285,286,287,300,309,333,334,337,340,341,342,345,346,347,352,353,356,357,366,367,371,372,375,382,383,385,391,393,394,407,417,431,435,442,447,471,491,499,517,521,525,529,541,542,543,549,553,557,565,567,571,572,574,575,576,579,583,585,591,593,596,600,604,607,608,609,614,618,619,620,635,638,640,641,642,644,652,656,657,660,661,665,668,669,678,679,680,681,684,689,690,691,697,698,699,702,709,710,711,715,735,757,778,798,820
0388_00049	10,11,12,15,16,19,20,144,146,147,179,180,256,257,258,284,285,286,287,300,309,333,334,339,340,341,342,345,346,347,352,353,356,357,358,359,366,367,371,372,373,374,375,377,378,382,383,385,386,387,388,391,393,394,397,400,401,404,406,407,417,419,431,432,435,436,438,442,443,446,447,448,450,454,465,471,473,477,483,491,492,496,499,503,507,517,521,522,524,525,528,529,531,539,540,541,542,543,546,547,549,550,553,556,557,565,566,567,568,571,572,574,575,577,578,579,583,585,586,590,593,595,596,600,601,604,605,607,608,609,614,615,619,620,621,627,629,633,634,635,638,639,641,642,644,652,653,656,657,658,660,661,663,664,665,666,667,669,678,679,680,681,683,684,689,690,692,697,699,703,704,709,710,711,743,757,759,806,820,822
0388_00050	10,11,12,15,19,20,179,180,186,187,256,284,285,286,287,309,333,334,336,338,342,345,346,352,353,356,357,366,371,372,375,382,383,385,391,392,407,417,431,435,442,447,471,491,499,517,521,525,541,542,543,549,553,557,565,571,574,575,579,583,585,591,593,596,600,604,607,609,614,618,619,620,635,638,639,641,642,652,656,661,665,668,669,678,679,680,681,682,684,689,690,697,698,699,700,709,710,711,713,736,799,819,820
0388_00051	10,11,12,15,16,19,20,179,180,256,284,285,286,287,300,333,334,339,341,345,346,347,352,353,356,357,366,367,371,372,375,385,391,393,394,406,417,421,431,435,440,442,444,447,452,465,471,491,517,521,525,529,536,537,541,550,553,557,565,567,570,571,579,582,583,585,593,596,600,603,604,608,609,612,614,616,619,629,634,635,639,641,643,644,646,647,657,660,661,665,669,678,679,680,684,689,709,710,711
0388_00052	10,11,12,15,16,19,20,179,180,256,284,285,286,287,333,334,339,341,342,345,346,352,353,356,357,366,371,372,375,381,382,383,385,391,392,406,417,421,431,435,442,447,452,453,465,471,477,491,499,517,521,525,541,542,543,549,550,553,557,565,566,571,574,575,579,583,585,590,593,595,596,600,604,605,607,608,609,613,614,619,620,623,627,629,634,635,638,641,642,646,647,652,656,661,665,667,669,678,679,680,681,683,684,689,690,697,699,700,709,710,711,736,799
0388_00053	10,11,12,15,16,17,34,144,146,147,256,257,284,285,286,294,300,333,341,345,346,350,352,354,356,358,359,366,369,374,375,376,377,380,388,390,391,393,394,397,400,401,404,413,417,419,420,432,438,442,443,448,450,451,454,473,483,485,486,488,489,492,496,500,505,507,508,520,522,524,525,528,529,539,540,541,546,548,561,570,573,586,587,597,612,614,637,644,655,658,659,675
0388_00054	10,11,12,15,16,17,38,39,179,180,181,182,186,256,257,258,284,285,286,295,300,301,333,334,341,343,345,352,356,357,358,359,363,371,372,376,377,379,380,385,388,390,391,394,397,404,417,419,423,431,432,435,438,439,442,443,447,450,451,454,465,468,471,473,478,483,485,486,487,488,491,496,500,502,504,505,507,516,517,518,520,521,524,525,527,530,531,539,546,548,550,551,553,556,557,561,565,570,571,573,577,579,583,585,586,592,593,596,597,599,600,604,608,609,612,614,617,619,634,635,636,641,645,655,658,661,665,666,669,675,678,679,680,684,689,697,709,710,711,739,760,774,802,823,837
0388_00055	10,11,19,20,21,31,38,39,284,285,287,293,295,309,315,343,345,347,349,353,361,367,375,407,408,412,426,457,552,572
0388_00056	10,11,12,13,15,19,20,179,180,186,187,256,258,284,285,286,287,300,309,333,334,339,340,341,342,345,346,347,352,353,356,357,366,367,371,372,375,382,383,385,386,391,393,394,406,407,417,431,435,442,447,471,477,491,499,517,521,525,529,541,542,543,549,553,557,565,566,567,568,571,572,574,575,579,583,585,590,595,596,600,604,605,607,609,614,615,619,620,621,627,633,635,638,639,641,642,644,652,656,657,660,661,663,664,665,667,669,678,679,680,681,689,690,697,699,700,709,710,711,713,736,756,757,799,819,820
0388_00057	10,11,12,15,16,17,19,20,179,180,181,182,186,256,257,258,284,285,286,287,300,333,334,342,345,346,352,353,356,357,359,366,367,371,372,373,374,375,376,377,379,380,382,383,385,388,390,391,394,397,404,406,417,419,431,435,436,439,442,443,446,447,448,450,451,454,465,471,473,477,483,485,488,491,492,496,499,505,507,517,520,521,522,524,525,531,539,541,542,543,545,546,549,550,553,556,557,561,565,566,568,571,573,574,575,577,579,583,585,586,590,593,594,595,596,597,600,602,604,605,607,609,614,619,620,622,627,629,631,635,637,638,641,642,652,655,656,658,661,663,665,666,667,669,675,678,679,680,681,684,689,690,697,698,699,700,709,710,711,715,736,762,778,799,825
0388_00058	10,11,12,15,19,20,24,179,180,181,182,184,185,186,193,256,257,258,284,285,286,287,288,309,333,334,339,341,342,345,346,352,353,356,357,358,359,365,366,371,372,373,374,375,377,378,381,382,383,385,386,387,388,391,392,397,398,404,407,417,419,421,431,432,433,435,436,438,441,442,443,444,446,447,448,450,453,454,465,471,473,483,491,492,494,496,507,521,522,524,525,531,536,539,541,546,549,550,553,554,556,557,565,571,574,575,577,578,579,580,581,582,583,585,586,589,593,596,598,600,601,604,608,609,614,618,619,620,624,625,629,634,635,638,639,641,642,643,656,657,658,661,665,666,668,669,672,673,674,678,679,680,681,684,685,689,690,692,693,696,697,698,699,703,704,705,708,709,710,711,735,759,798,822
0388_00059	10,11,12,13,15,19,20,179,180,186,187,256,284,285,286,287,309,333,334,336,338,342,345,346,352,353,356,357,366,367,371,372,375,382,383,385,391,392,406,407,417,431,435,442,447,471,477,491,499,517,521,525,541,542,543,549,553,557,565,566,571,574,575,579,583,585,590,593,595,596,600,604,605,607,609,614,618,619,620,627,635,638,639,641,642,652,656,661,665,667,668,669,678,679,680,681,682,684,689,690,697,698,699,700,709,710,711,713,736,799,819,820
0388_00060	10,11,12,15,16,17,19,20,21,144,146,147,151,154,179,181,182,256,257,258,259,284,285,286,287,300,309,333,340,341,342,345,346,347,352,353,356,358,359,360,366,367,374,376,377,378,379,380,385,387,388,389,390,391,392,394,397,398,404,406,407,417,419,432,438,439,442,443,448,450,451,454,465,473,483,485,486,488,492,496,500,505,507,520,522,524,531,539,541,546,548,550,556,561,567,568,570,572,573,583,586,593,594,597,602,612,613,614,615,618,622,629,637,638,639,640,655,657,658,660,663,664,675,681,682,683,684,691,692,703
0388_00061	10,11,12,15,19,20,179,180,256,284,285,286,287,300,309,333,334,339,340,341,342,345,346,347,352,353,356,357,366,367,371,372,375,382,383,385,391,393,394,406,407,417,431,435,442,447,471,477,491,499,517,521,525,529,541,542,543,549,553,557,565,566,567,568,571,572,574,575,579,583,585,590,595,596,600,604,605,607,609,614,615,619,620,621,627,633,635,638,639,641,642,644,652,656,657,660,661,663,664,665,667,669,678,679,680,681,689,690,697,699,709,710,711,715,778
0388_00062	10,11,12,13,15,19,20,144,150,179,180,181,182,183,186,190,193,200,256,284,285,286,287,309,333,334,335,336,339,340,341,342,345,346,347,352,353,356,357,366,367,371,372,375,382,383,385,391,392,406,407,417,431,435,442,447,471,477,491,499,517,521,525,541,542,543,545,549,553,557,565,566,568,571,572,574,575,579,583,585,590,591,593,595,596,600,604,605,607,608,609,614,615,618,619,620,621,627,631,632,633,635,638,641,642,652,656,657,661,663,664,665,667,668,669,678,679,680,681,683,684,689,690,691,692,697,698,699,700,702,703,704,709,710,711,712,713,715,736,756,757,762,777,778,780,798,799,801,819,820,822,825
0388_00063	10,11,12,13,19,20,144,145,179,180,183,186,187,193,284,285,287,309,333,334,335,336,340,342,345,347,353,367,375,407,417,421,431,433,435,442,444,447,491,525,536,554,557,572,580,583,600,618,638,641,661,672,679,680,681,685,689,690,693,697,698,699,700,705,709,710,711,712,713,777,798,819,841,861,862
0388_00064	10,11,12,15,16,17,19,20,179,180,181,182,186,256,257,258,284,285,286,287,300,333,334,342,345,346,352,353,356,357,359,366,367,371,372,373,374,375,376,377,379,380,382,383,385,388,390,391,394,397,404,406,417,419,431,435,436,439,442,443,446,447,448,450,451,454,465,471,473,477,483,485,488,491,492,496,499,505,507,520,521,522,524,525,531,539,541,542,543,545,546,549,550,553,556,557,561,565,566,568,571,573,574,575,576,577,579,583,585,586,590,593,594,595,596,597,600,602,604,605,607,609,614,619,620,622,627,629,631,635,637,638,640,641,642,652,654,655,656,658,661,663,665,666,667,669,675,678,679,680,681,684,689,690,691,697,698,699,700,701,702,709,710,711,715,736,741,762,778,799,804,825
0388_00065	10,11,12,15,16,19,20,34,144,146,147,179,180,186,187,256,257,258,260,284,285,286,287,294,300,333,341,345,352,354,356,358,359,367,371,372,375,376,377,378,380,381,384,385,387,388,390,391,393,394,397,400,401,404,406,413,417,419,421,432,435,438,442,443,447,450,451,452,453,454,465,471,473,483,485,486,488,489,491,496,500,501,503,505,507,508,517,520,521,524,525,528,531,532,533,539,540,546,547,548,550,553,556,557,560,561,565,570,571,573,577,579,583,585,586,587,593,596,597,600,601,604,608,609,612,614,619,629,630,634,635,637,641,644,648,655,658,659,661,665,666,669,675,678,679,680,684,726,747,771,789,810,834
0388_00066	10,11,12,13,15,16,19,20,144,146,147,179,180,186,187,193,194,284,285,286,287,300,309,333,334,336,337,338,339,341,342,345,346,352,353,366,391,392,393,394,407,420,421,430,440,444,452,529,537,541,569,570,583,593,603,612,614,618,638,639,644,646,647,657,677,680,681,684,689,690,692,697,698,699,700,703,704,709,710,711,798,799,801,806
0388_00067	10,11,12,13,19,20,179,180,183,185,186,193,256,284,285,287,309,333,334,336,338,342,345,353,356,357,371,372,375,382,383,385,406,407,417,431,435,442,447,471,477,491,499,521,525,542,543,549,553,557,565,566,571,574,575,576,579,583,585,590,591,595,596,600,604,605,607,609,615,618,619,620,621,627,633,635,638,640,641,642,652,654,656,661,665,667,668,669,678,679,680,681,689,690,691,697,698,699,700,701,702,709,710,711,713,714,736,741,757,777,799,804,820
0388_00068	10,11,12,15,16,17,19,20,34,179,180,181,182,186,256,257,258,284,285,286,287,294,300,306,333,341,345,352,353,354,356,358,359,371,372,375,376,377,378,380,384,385,388,390,391,393,394,397,404,415,417,419,421,432,435,438,440,442,443,444,447,450,451,452,454,458,460,465,466,471,473,483,484,485,488,491,496,503,505,507,517,520,521,524,525,531,532,533,539,540,546,547,550,553,556,557,561,565,571,573,579,583,585,586,593,594,596,597,600,601,602,604,608,609,614,619,622,629,634,635,637,641,644,646,655,657,658,661,665,666,669,675,678,679,680,684,726,789
0388_00069	10,11,12,13,15,19,20,21,179,180,256,284,285,286,287,300,309,333,334,339,340,341,342,345,346,347,352,353,356,357,366,367,371,372,375,382,383,385,391,393,394,406,407,417,431,435,442,447,471,477,491,499,517,521,525,529,541,542,543,549,553,557,565,566,567,568,571,572,574,575,579,583,585,590,595,596,600,604,605,607,609,614,615,619,620,621,627,633,635,638,639,641,642,644,652,656,657,660,661,663,664,665,667,669,678,679,680,681,689,690,691,699,701,702,709,710,711,715,778
0388_00070	10,11,12,13,19,20,21,31,179,180,186,187,193,194,256,258,260,284,285,287,315,333,342,345,353,356,371,372,382,383,385,408,412,417,426,435,442,447,457,471,491,499,517,521,525,542,543,549,553,557,565,571,574,575,579,583,585,596,600,604,607,609,619,620,635,638,641,642,652,656,661,665,669,678,679,680,681,690
0388_00071	10,11,12,13,15,16,19,20,24,116,117,179,180,181,182,186,188,189,193,256,257,258,284,285,286,287,288,300,309,333,334,339,341,342,345,346,352,353,356,357,358,359,365,366,371,372,373,374,377,378,381,382,383,385,386,387,388,391,392,393,394,397,398,404,407,417,419,421,431,432,433,435,436,438,441,442,443,444,446,447,448,450,453,454,465,471,473,483,491,492,494,496,503,507,521,522,524,525,529,531,536,539,540,541,546,547,549,550,553,554,556,557,565,570,571,574,575,577,578,579,580,581,582,583,585,586,589,593,594,596,598,601,602,604,608,609,612,614,618,619,620,622,624,625,629,634,635,638,639,641,642,643,644,656,657,658,661,665,666,668,669,672,673,674,678,679,680,681,684,685,689,690,692,693,696,697,698,699,703,704,705,708,709,710,711,717,750,759,780,813,822
0388_00072	10,11,12,13,15,19,20,179,180,186,187,256,258,284,285,286,287,333,334,336,345,347,352,353,356,357,367,371,372,375,381,385,406,417,420,421,430,431,435,441,442,444,447,453,467,471,491,517,521,525,536,553,554,557,565,569,571,574,579,583,585,595,596,600,604,609,615,619,620,635,638,641,661,665,667,669,672,678,679,680,681,689,690,697,698,709,710,711
0388_00073	10,11,12,13,19,20,21,144,145,179,180,186,187,193,194,284,285,287,309,333,334,335,336,338,340,342,345,347,353,367,375,407,421,433,444,463,536,538,572,580,583,618,638,640,680,681,685,687,689,690,693,695,697,698,699,700,705,707,709,710,711,712,713,777,778,798,799,819,840,841,861,862
0388_00074	10,11,12,13,15,16,19,20,21,179,180,256,284,285,286,287,300,309,333,334,337,340,341,342,345,346,347,352,353,356,357,366,367,371,372,375,376,377,378,382,383,385,391,392,393,394,406,407,417,421,431,433,435,438,442,444,447,450,452,465,471,477,491,494,496,499,503,517,521,525,529,536,541,542,543,546,547,549,550,553,554,557,561,565,566,567,568,571,572,574,575,579,580,582,583,585,586,590,593,595,596,598,600,601,604,605,607,608,609,614,615,619,620,621,624,626,627,629,633,634,635,637,638,639,641,642,643,644,646,647,652,655,656,657,658,660,661,663,664,665,666,667,669,672,673,675,678,679,680,681,683,684,685,686,689,690,693,697,699,705,709,710,711,722,738,757,785,801,820
0388_00075	10,11,12,13,15,19,20,21,179,180,214,215,218,221,256,258,284,285,286,287,300,333,334,339,341,342,345,346,352,353,356,357,366,367,371,372,375,382,383,385,391,393,394,406,417,421,431,433,435,440,442,444,447,452,463,465,471,477,491,494,499,517,521,525,529,536,538,541,542,543,545,549,550,553,554,557,565,566,568,571,574,575,576,579,580,583,585,590,593,595,596,598,600,604,605,606,607,608,609,614,619,620,624,627,629,631,634,635,638,640,641,642,644,646,647,652,654,656,657,661,663,665,667,669,672,673,678,679,680,681,684,685,686,689,690,691,692,693,697,698,699,700,701,702,703,704,705,709,710,711,713,715,736,741,756,757,762,778,799,804,819,820,825
0388_00076	10,11,12,13,14,15,16,17,19,20,21,179,180,181,182,186,187,193,194,200,256,258,260,284,285,286,287,300,309,333,334,336,339,340,341,342,345,346,347,352,353,356,357,366,367,371,372,375,376,382,383,385,391,392,393,394,406,407,417,421,431,435,440,442,444,447,452,463,471,477,491,499,517,521,525,529,536,537,538,541,542,549,553,557,561,565,566,567,570,571,572,574,575,579,580,583,585,590,593,594,595,596,600,603,604,605,606,607,608,609,612,614,615,616,618,619,620,621,627,633,635,637,638,639,641,642,644,646,647,652,655,656,657,660,661,665,667,669,678,679,680,681,684,689,690,697,698,699,700,709,710,711,735,757,798,820
0388_00077	10,11,12,13,15,16,17,18,19,20,21,22,34,35,130,132,133,144,146,147,179,180,181,182,184,185,186,193,256,257,258,284,285,286,287,294,300,301,309,333,334,339,341,342,345,346,350,352,353,354,356,357,366,369,371,372,375,376,380,381,382,383,385,390,391,392,393,394,397,407,413,417,419,421,423,431,435,438,440,441,442,444,447,450,451,452,453,454,465,471,476,487,488,490,491,497,499,505,508,517,518,520,521,522,525,529,536,537,541,542,543,549,550,553,554,557,561,565,567,570,571,574,575,579,580,581,583,585,587,591,593,596,598,600,603,604,607,608,609,612,614,618,619,620,629,634,635,637,638,641,642,644,646,647,648,651,652,655,656,657,659,660,661,665,668,669,672,678,679,680,681,684,685,689,690,692,693,697,703,704,705,709,710,711,715,778
0388_00078	10,11,12,13,14,15,19,20,21,22,144,145,151,152,179,180,182,186,187,193,284,285,286,287,333,334,336,339,340,341,342,345,346,347,348,352,353,366,367,368,375,381,391,392,406,421,433,441,444,453,536,541,564,567,568,580,582,583,593,611,614,615,616,638,640,643,660,662,663,680,681,682,683,685,689,690,691,693,694,695,697,698,699,700,701,702,705,707,709,710,711,713,777,778,783,798,799,804,819,820,825,840,841,861
0388_00079	10,11,12,13,14,15,16,19,20,21,22,144,146,147,150,151,179,180,181,182,186,187,193,256,257,258,259,260,262,284,285,286,287,300,309,333,334,336,340,341,342,345,346,347,352,353,356,357,358,359,360,366,367,371,372,373,374,375,376,377,378,379,380,381,382,383,385,386,387,388,389,390,391,392,393,394,397,398,404,405,406,407,417,419,421,431,432,433,435,436,438,439,440,441,442,443,444,446,447,448,450,451,452,453,454,463,465,471,473,477,483,485,486,488,491,492,494,496,499,500,503,505,507,517,520,521,522,524,525,531,536,538,539,540,541,542,544,546,547,548,549,550,553,554,556,557,561,564,565,566,567,570,571,572,573,574,575,576,578,579,580,582,583,585,586,588,590,591,593,594,595,596,597,598,600,601,602,604,605,606,607,608,609,611,612,614,615,618,619,620,621,622,624,626,627,629,633,634,635,637,638,639,640,641,642,643,646,652,653,654,655,656,657,658,660,661,662,665,666,667,668,669,672,673,675,678,679,680,681,682,683,684,685,686,689,690,691,692,693,694,696,697,698,699,700,701,702,703,704,705,706,708,709,710,711,713,714,715,717,722,735,736,738,741,743,750,756,757,759,764,771,777,778,780,785,798,799,801,804,806,813,819,820,822,827,834
0388_00080	10,11,12,13,14,19,20,21,22,144,147,179,182,183,185,186,189,193,196,200,207,284,285,287,309,333,334,336,338,340,342,345,347,348,353,367,368,375,381,406,407,417,421,431,435,441,442,444,447,453,491,517,525,536,557,564,565,568,572,574,580,582,583,595,600,611,615,618,620,638,640,641,642,643,661,662,663,664,665,667,668,679,680,681,682,685,687,689,690,691,693,694,697,698,699,701,702,705,706,709,710,711,713
0388_00081	10,11,12,13,14,19,20,21,22,144,147,179,182,183,186,189,193,196,200,203,207,284,285,287,309,333,334,336,338,340,342,345,347,348,353,367,368,375,381,406,407,417,421,431,435,441,442,444,447,453,491,517,525,536,557,564,565,568,572,574,580,582,583,595,600,611,615,618,620,638,640,641,642,643,661,662,663,664,665,667,668,679,680,681,682,685,687,689,690,691,693,694,697,698,699,701,702,705,706,709,710,711,713
0388_00082	10,11,12,13,14,15,19,20,21,22,144,147,179,182,183,185,186,189,193,196,200,207,284,285,286,287,300,309,333,334,336,338,339,340,341,342,345,346,347,348,352,353,366,367,368,375,381,391,393,394,406,407,417,421,431,435,441,442,444,447,453,491,517,525,529,536,541,557,564,565,567,568,572,574,580,582,583,593,595,600,611,614,615,616,618,620,638,640,641,642,643,644,660,661,662,663,664,665,667,668,679,680,681,682,683,685,687,689,690,691,693,694,697,698,699,701,702,705,706,709,710,711,713
0388_00083	10,11,12,13,14,15,19,20,21,22,23,179,182,186,189,193,196,284,285,286,287,309,333,334,336,338,339,340,341,342,345,346,347,348,352,353,366,367,368,375,381,391,392,406,407,417,421,431,433,435,437,441,442,444,447,449,453,491,517,525,536,541,554,557,564,565,567,568,572,580,582,583,593,600,611,614,615,616,618,638,639,640,641,642,643,660,661,662,663,664,665,672,673,679,680,681,682,685,687,689,690,691,693,694,697,698,699,701,702,705,706,709,710,711
