id	bits.on
0371_00001	54,72,90,91,104,123,131,132,136,139,140,146,147,152,154,155,157,159,164
0371_00002	72,90,91,104,123,131,132,136,139,140,146,147,152,154,155,157,159,164
0371_00013	30,49,74,85,86,89,93,95,100,108,112,114,115,122,123,126,128,132,136,140,141,146,148,149,152,153,154,155,157,158,159,160,161,164
0371_00014	53,54,66,72,89,90,91,104,112,123,131,132,136,139,140,146,152,154,155,157,159,164
0371_00030	53,54,72,89,90,91,104,123,131,132,136,139,140,146,152,154,155,157,159,164
0371_00040	29,34,43,48,69,72,76,99,102,106,112,123,124,126,130,131,136,139,140,146,148,152,154,157,159,164
0371_00042	29,43,48,53,69,72,82,89,90,91,102,106,109,112,123,124,126,130,131,132,136,139,140,146,148,152,153,154,155,157,159,164
0371_00046	90,104,123,131,132,136,139,140,146,147,154,155,157,159,164
0371_00047	29,43,48,69,72,82,89,90,102,106,109,112,124,126,130,131,132,136,138,139,140,146,148,152,153,154,155,157,159,164
