id	bits.on
0116_00001	62,65,75,80,83,85,86,93,96,98,100,108,111,115,116,118,120,121,122,137,142,147,148,150,153,156,158,160,161,162,163,165
0116_00002	29,48,69,72,82,84,89,90,91,95,100,102,104,106,108,109,111,112,114,115,116,118,123,124,126,128,129,130,131,132,136,138,139,140,146,147,148,149,151,152,153,154,155,157,158,159,160,161,164
0116_00003	38,53,54,57,62,65,72,75,77,78,79,80,82,83,85,89,90,91,92,93,95,96,97,98,105,109,110,117,119,120,121,122,127,131,132,133,135,137,139,140,142,143,144,146,148,150,151,152,153,155,156,157,158,159,160,161,162,163,164,165
0116_00004	49,65,75,80,84,85,92,93,97,98,110,117,121,122,137,142,148,151,154,156,158,160,161,162,163,164,165
0116_00005	84,105,125,133,135,145,151,156,158,161,162,163,165
0116_00006	65,92,98,110,113,117,121,127,137,143,151,154,156,161,162,163,164,165
0116_00007	72,82,84,93,100,104,111,113,126,127,131,139,143,144,147,150,151,152,153,155,157,158,159,160,161,162,163,164,165
0116_00008	38,54,65,75,77,78,79,80,83,85,93,96,98,105,119,120,121,122,131,133,135,137,142,148,151,156,158,160,161,162,163,165
0116_00009	65,75,77,79,80,82,83,84,85,93,96,100,104,108,111,116,120,121,122,137,142,144,147,148,150,151,153,155,156,158,160,161,162,165
0116_00010	25,43,77,78,84,90,91,100,104,106,111,118,119,123,131,132,139,142,147,151,153,154,155,156,157,158,159,161,164
0116_00011	54,65,95,97,98,105,113,121,123,125,127,131,136,137,139,143,145,146,151,152,154,156,157,159,161,162,163,164,165
0116_00012	29,38,43,48,53,54,57,62,65,69,72,75,77,79,80,83,84,85,89,90,91,92,95,96,97,102,106,109,110,112,117,120,121,122,124,126,127,130,131,132,133,135,136,137,139,140,142,143,144,146,148,150,151,152,153,154,155,156,157,158,159,161,162,164,165
0116_00013	37,38,43,65,77,80,84,97,98,106,110,113,117,120,121,127,131,133,135,137,142,143,144,150,151,154,156,158,160,161,162,163,164,165
0116_00014	38,54,57,62,65,72,75,77,79,80,83,84,85,86,88,89,90,91,92,93,95,96,97,98,105,110,115,117,120,121,122,127,131,132,133,135,137,139,142,143,146,148,150,151,152,153,155,156,157,158,159,160,161,162,163,164,165
0116_00015	38,54,65,77,79,80,83,84,96,98,105,120,121,131,133,135,137,142,151,156,158,161,162,163,165
0116_00016	29,38,48,53,54,57,62,65,69,72,75,77,79,80,82,83,84,85,89,90,91,92,95,96,97,98,102,105,106,109,110,112,117,120,121,122,123,124,126,127,130,131,132,133,135,136,137,138,139,140,142,143,145,146,148,150,151,152,153,155,156,157,158,159,161,162,163,164,165
0116_00017	25,43,77,78,82,84,90,91,100,104,106,111,118,119,129,131,138,142,147,151,153,155,156,158,161
0116_00018	36,37,43,54,77,79,81,83,88,90,91,96,101,104,105,106,110,111,117,118,120,121,123,127,128,129,131,132,136,137,139,142,143,146,147,151,153,154,155,156,157,158,159,161,164,165
0116_00019	53,54,65,77,79,80,82,83,84,90,92,95,96,97,100,104,110,111,117,120,121,123,128,131,132,136,137,139,142,146,147,151,153,154,155,156,157,158,159,161,162,164,165
0116_00020	30,49,74,82,85,86,93,95,100,104,109,111,112,115,116,122,132,138,139,141,147,148,149,153,155,157,158,160,161,164
0116_00021	25,43,77,78,84,85,86,90,93,95,100,104,106,115,119,122,123,131,132,139,142,148,151,153,154,155,156,157,158,159,160,161,164
0116_00022	25,29,43,48,53,69,77,78,84,85,86,90,93,94,95,97,100,102,104,106,112,115,117,119,122,123,124,130,131,132,136,139,140,142,146,148,151,153,154,155,156,157,158,159,160,161,164
0116_00023	29,37,38,48,49,57,62,65,72,75,77,80,82,83,84,85,89,92,95,96,97,98,101,102,105,106,109,110,112,113,117,120,121,122,124,127,130,131,132,133,135,136,137,139,140,142,143,144,146,148,150,151,152,153,154,155,156,157,158,159,161,162,163,164,165
0116_00024	29,30,37,38,48,49,54,57,62,65,69,72,74,75,77,80,83,84,85,86,89,90,91,92,93,95,96,97,98,100,102,106,109,110,111,112,113,115,116,117,120,121,122,124,126,127,130,131,132,133,135,136,137,138,139,140,141,142,143,144,146,147,148,149,150,151,152,153,154,155,156,157,158,159,160,161,162,163,164,165
0116_00025	37,38,43,65,77,80,84,97,98,106,110,113,117,120,121,127,131,133,135,137,142,143,151,154,156,158,161,162,163,164,165
0116_00026	29,38,43,48,57,62,65,69,72,75,77,79,80,83,84,85,89,90,92,96,97,98,102,104,105,106,109,110,111,112,117,120,121,122,124,126,127,128,129,130,131,132,133,135,137,139,140,142,143,146,148,150,151,152,153,155,156,157,158,159,161,162,163,164,165
0116_00027	37,43,54,77,79,83,90,91,96,104,106,108,110,111,116,117,118,120,121,123,127,128,129,131,132,136,137,139,142,143,146,147,150,151,154,155,156,157,158,159,160,161,164,165
0116_00028	54,82,86,91,95,100,104,109,111,118,128,129,131,132,138,139,147,151,153,155,157,158,159,161,164
0116_00029	65,77,79,83,96,105,120,121,137,142,144,149,150,151,156,160,161,162,163,165
0116_00030	25,38,43,54,65,77,79,80,82,84,90,91,92,95,97,98,100,104,105,106,110,111,113,117,120,121,123,125,127,131,132,133,135,136,137,139,140,142,143,145,146,147,151,153,154,155,156,157,158,159,161,162,163,164,165
0116_00031	25,43,77,78,84,90,95,100,104,106,119,123,131,132,139,142,151,153,154,155,156,157,158,159,161,164
0116_00032	25,29,38,43,48,57,62,65,69,72,75,77,79,80,83,84,85,89,90,91,92,95,96,97,98,102,105,106,109,110,112,113,117,120,121,122,124,127,130,131,132,133,135,136,137,139,140,142,143,145,146,148,150,151,152,153,154,156,157,158,159,161,162,163,164,165
0116_00033	25,29,38,43,48,54,57,62,65,69,72,75,77,79,80,83,84,85,89,90,91,92,95,96,97,98,102,105,106,109,110,112,113,117,120,121,122,124,126,127,130,131,132,133,135,136,137,139,140,142,143,146,148,150,151,152,153,154,155,156,157,158,159,161,162,163,164,165
0116_00034	53,65,77,79,80,82,83,84,90,96,100,104,111,120,121,131,137,142,147,151,153,155,156,158,161,162,165
0116_00035	38,54,65,77,79,80,83,92,95,96,97,98,105,110,113,117,120,121,127,131,137,142,143,151,154,156,161,162,163,164,165
0116_00036	53,54,65,75,77,79,80,82,83,84,85,90,92,93,95,96,97,100,104,110,111,116,117,120,121,122,123,128,131,132,136,137,139,142,144,146,147,148,150,151,153,154,155,156,157,158,159,160,161,162,164,165
0116_00037	25,43,54,77,78,84,90,91,95,100,104,106,111,118,119,123,131,139,142,147,151,153,154,155,156,157,158,159,161,164
0116_00038	30,49,74,85,86,89,93,95,100,108,112,114,115,116,118,122,123,126,128,129,132,136,140,141,146,147,148,149,152,153,154,155,157,158,159,160,161,164
0116_00039	30,49,74,85,86,89,93,95,100,104,108,112,115,122,123,132,139,141,146,148,149,152,153,154,155,157,158,159,160,161,164
0116_00040	54,84,90,91,92,95,104,110,111,117,123,131,132,136,139,142,146,147,151,154,155,156,157,158,159,161,164
0116_00041	53,54,65,77,79,80,83,84,90,95,96,104,111,120,121,123,131,137,139,142,151,154,155,156,157,158,159,161,162,164,165
0116_00042	53,54,65,77,79,80,82,83,84,90,91,95,96,104,109,111,120,121,131,137,139,142,151,153,155,156,157,158,161,162,164,165
0116_00043	54,65,79,83,84,90,91,92,95,96,104,105,110,111,117,121,131,137,142,151,154,155,156,158,161,162,163,164,165
0116_00044	54,84,90,95,104,111,113,123,127,131,139,143,146,151,152,154,155,156,157,158,159,161,162,163,164,165
0116_00045	37,38,43,53,65,77,79,80,89,92,95,97,98,105,106,110,113,117,120,121,125,127,131,136,137,142,143,144,145,149,150,151,154,156,159,160,161,162,163,164,165
0116_00046	25,43,77,78,84,93,106,119,131,142,151,156,158,160,161
0116_00047	54,65,75,77,79,80,83,84,85,90,93,95,96,104,111,116,120,121,122,123,131,137,139,142,144,148,150,151,154,155,156,157,158,159,160,161,162,164,165
0116_00048	38,50,54,65,74,76,77,79,80,82,83,91,96,98,99,100,105,116,120,121,131,133,135,137,142,149,151,153,155,156,158,160,161,162,163,165
0116_00049	82,84,90,91,92,100,104,108,110,111,116,117,118,129,131,138,142,147,151,153,154,155,156,158,160,161,164
0116_00050	65,82,83,90,91,92,96,100,104,105,108,110,111,113,116,117,121,127,131,137,139,142,143,147,151,152,153,154,155,156,157,158,159,160,161,162,163,164,165
0116_00051	54,82,84,90,91,92,95,100,104,108,110,111,117,118,123,129,131,136,139,142,146,147,151,153,154,155,156,157,158,159,160,161,164
0116_00052	25,43,77,78,84,90,91,95,97,104,106,111,119,123,131,132,136,139,140,142,146,151,154,155,156,157,158,159,161,164
0116_00053	30,49,74,84,85,86,90,91,93,95,100,104,108,111,112,115,116,118,122,123,129,141,142,147,148,149,151,153,154,155,156,157,158,159,160,161,164
0116_00054	65,80,84,92,97,98,110,117,121,137,142,151,154,156,158,161,162,163,164,165
0116_00055	65,82,83,86,90,91,93,96,100,104,105,111,115,116,121,131,137,142,147,151,153,155,156,158,160,161,162,163,165
0116_00056	54,79,82,84,90,91,92,95,100,104,110,111,114,117,123,128,131,132,136,139,140,142,146,147,151,153,154,155,156,157,158,159,160,161,164
0116_00057	54,84,90,91,95,97,104,109,111,118,123,126,128,129,131,132,136,139,140,146,147,151,153,154,155,156,157,158,159,161,164
0116_00058	29,30,43,48,49,69,74,85,86,90,91,93,95,100,102,106,109,111,112,115,116,122,124,126,130,131,132,138,139,140,141,146,147,148,149,153,155,157,158,159,160,161,164
0116_00059	25,38,43,65,77,79,80,84,92,95,97,98,105,106,110,113,117,120,121,125,127,131,133,135,137,142,143,145,151,154,156,158,161,162,163,164,165
0116_00060	38,65,77,79,80,83,96,98,105,120,121,137,142,151,156,161,162,163,165
0116_00061	65,98,105,121,125,137,145,156,161,162,163,165
0116_00062	37,38,53,54,65,72,75,77,79,80,82,85,89,90,91,92,95,97,98,100,104,105,106,109,110,113,117,120,121,122,127,128,131,132,136,137,138,139,140,142,143,144,145,146,148,149,150,151,152,153,154,155,156,157,158,159,160,161,162,163,164,165
0116_00063	65,82,83,84,90,91,96,100,104,105,111,113,121,127,131,137,139,142,143,147,151,152,153,155,156,157,158,161,162,163,164,165
0116_00064	54,79,82,84,86,88,90,91,92,95,100,104,108,110,111,114,115,116,117,118,123,128,129,131,132,136,138,139,140,142,146,147,151,153,154,155,156,157,158,159,160,161,164
0116_00065	29,30,48,49,54,72,74,82,85,86,89,90,93,95,100,102,104,106,109,111,112,115,116,122,124,126,128,130,131,132,138,139,140,141,146,147,148,149,152,153,155,157,158,159,160,161,164
0116_00066	53,54,82,84,89,90,91,95,104,108,109,111,114,115,116,118,128,129,131,132,139,147,151,152,153,155,156,157,158,159,160,161,164
0116_00067	29,30,48,49,54,74,85,86,89,90,91,92,93,95,99,100,102,104,106,108,109,110,111,112,114,115,116,117,118,122,124,126,128,129,130,131,132,136,138,139,140,141,142,146,147,148,149,151,152,153,154,155,156,157,158,159,160,161,164
0116_00068	36,38,47,49,65,75,77,80,81,82,83,84,85,88,90,96,98,100,104,108,109,116,120,121,122,128,131,132,133,135,137,138,139,142,144,147,148,149,150,151,153,155,156,157,158,160,161,162,163,164,165
0116_00069	29,36,38,43,47,48,49,65,69,75,77,80,81,83,84,85,88,90,91,96,98,100,102,106,108,109,112,116,120,121,122,124,126,128,130,131,132,133,135,137,138,139,140,142,144,146,147,148,149,150,151,153,155,156,157,158,159,160,161,162,163,164,165
0116_00070	38,47,59,64,65,77,79,80,81,83,88,93,96,98,105,120,121,137,142,151,156,160,161,162,163,165
0116_00071	53,54,65,75,77,79,80,83,84,85,90,91,92,95,96,100,104,110,111,117,118,120,121,122,127,128,131,132,136,137,140,142,143,146,147,148,150,151,153,154,155,156,158,159,161,162,164,165
