id	bits.on
0212_00001	13,15,25,26,49,60,72,76,85,87,89,134,141,148,153,205,207,215,222,223,231,245,255,285,291,311,312,315,351,356,357,399,452,477,499,503,508,513,515,566,594,595,603,613,755,759,768,772,778,801,802,836,849,860,875,890,904,909,944,948,964,968,969,976,992,1019,1022
0212_00004	20,94,315,449,508,626,692,719,727,755,762,850,916,930,948
0212_00005	20,50,51,62,64,101,124,137,153,154,171,172,186,207,283,295,306,312,321,326,347,358,370,384,396,481,493,497,508,530,576,588,626,640,726,727,741,778,814,826,850,864,897,948,990,994
0212_00006	15,16,20,25,26,50,62,92,94,109,134,136,141,148,163,171,211,220,222,237,304,353,451,469,484,486,499,502,508,514,526,531,539,551,576,598,603,626,645,652,727,750,762,772,801,803,850,904,948,951,1022
0212_00010	20,50,62,64,153,154,247,283,312,341,361,440,481,497,508,530,556,558,569,599,659,662,727,755,778,781,826,850,864,918,940,948,994
0212_00011	4,5,15,20,26,60,76,89,94,108,118,128,153,159,160,163,207,209,222,231,270,278,281,285,290,316,328,366,372,401,408,414,426,437,439,480,492,499,501,508,516,524,530,544,546,566,584,608,609,618,626,690,727,733,759,772,777,793,802,818,828,843,851,860,871,873,927,936,948,949,964,976,983,987,1009,1015,1022
0212_00014	20,46,62,64,126,139,153,154,207,283,312,326,334,361,390,411,445,481,500,502,508,516,556,576,599,626,650,662,673,724,727,729,739,755,762,778,781,797,826,850,905,948,955,960,993,994
0212_00015	20,30,85,89,147,153,208,212,238,261,263,284,311,326,351,442,461,474,490,492,508,516,626,643,665,719,725,727,743,762,790,936,948,960,974
0212_00022	15,19,31,56,65,85,89,127,134,139,153,172,283,311,314,319,326,405,413,422,430,436,442,461,480,481,486,524,525,558,566,580,625,626,629,678,690,717,728,742,755,781,783,794,814,824,887,936,960,964,968,974,975,980,1021
0212_00023	20,94,107,141,153,207,217,225,231,270,272,276,360,364,409,480,481,508,516,545,626,632,633,643,722,727,762,771,776,778,789,948,960
0212_00024	17,20,72,77,93,101,128,133,134,141,261,304,339,353,508,515,550,551,620,626,637,640,657,676,706,712,727,733,741,763,825,850,884,947,951,968,1011
0212_00026	4,20,21,94,134,141,148,151,177,188,197,268,303,304,347,353,371,383,469,508,510,515,549,550,551,618,626,640,650,705,709,712,727,778,825,850,948,968
0212_00028	20,93,94,107,141,153,202,207,217,231,259,261,341,463,481,508,545,626,642,659,698,704,727,756,771,776,778,789,833,915
0212_00031	18,20,25,62,64,69,94,101,131,137,153,154,158,188,277,283,312,391,395,429,440,473,480,481,497,508,514,530,551,556,626,662,727,752,778,803,826,850,918,937,948,976,992,994,1019
0212_00034	19,56,65,89,134,139,153,155,159,167,172,197,212,244,319,351,387,401,405,422,436,442,461,481,486,524,525,558,566,580,621,625,626,629,653,658,678,690,711,719,728,755,783,785,791,881,887,915,935,936,948,960,968,974,975,990,1015,1017
0212_00035	20,94,107,141,153,188,206,207,217,231,310,363,423,481,508,581,626,727,776,789,881,915,948,992,1015
0212_00036	13,15,20,89,94,107,115,141,175,190,207,208,228,237,241,307,367,371,397,415,481,508,523,524,540,626,645,677,727,772,802,814,902,948,963,1011
0212_00038	15,20,32,79,89,94,199,233,237,411,438,508,626,662,677,727,772,924
0212_00040	15,31,85,89,127,134,139,153,185,220,245,283,301,303,311,314,326,340,379,413,430,442,461,477,506,508,524,533,569,575,582,626,638,649,662,671,675,742,806,814,824,874,918,936,948,964,968,974,980
0212_00041	15,20,26,43,49,60,72,76,85,87,89,94,153,159,163,182,205,207,215,222,223,231,252,261,285,290,316,401,424,437,480,499,503,508,530,566,594,609,613,626,632,667,690,697,705,710,727,752,759,772,801,802,818,851,860,879,887,909,936,948,952,964,969,976,1011,1022
0212_00046	20,29,37,53,68,72,77,93,134,141,163,261,298,304,330,353,354,361,508,515,550,551,578,620,626,637,640,676,712,713,727,733,741,763,825,850,947,952,955,968
0212_00049	15,17,44,73,89,123,129,134,245,264,290,322,324,334,353,446,456,461,483,508,515,529,534,540,550,620,626,640,661,676,683,733,735,750,752,759,787,796,798,801,827,864,947,962,968,979
0212_00052	20,94,105,107,141,153,207,217,231,261,327,480,481,508,530,583,626,684,727,752,776,789
0212_00053	4,15,20,26,39,45,60,71,76,80,85,87,89,92,99,120,146,153,159,163,170,207,215,222,223,231,236,243,252,270,285,290,314,316,360,366,370,391,398,401,424,437,479,491,499,503,508,516,524,530,580,594,602,609,614,626,664,690,697,726,727,758,759,772,801,802,808,818,860,909,915,936,948,964,967,970,972,976
0212_00056	20,39,49,56,61,63,77,94,107,138,153,207,255,366,401,481,496,508,516,527,626,649,655,687,727,739,802,829,948,981
0212_00057	13,15,26,47,49,58,66,76,83,89,96,125,134,153,175,198,207,218,222,231,237,268,285,295,300,312,351,356,384,425,458,495,499,503,515,540,593,598,605,609,626,652,730,742,743,759,772,777,778,802,818,842,850,860,876,890,893,900,904,936,940,942,948,952,964,970,976,992,993,995,1001,1022
0212_00058	5,15,20,26,39,45,49,60,80,89,92,99,114,120,136,146,153,159,175,207,222,229,231,236,243,244,270,273,285,290,314,316,318,343,360,366,371,391,401,408,437,453,479,492,499,508,516,530,581,594,602,609,618,621,626,670,684,690,726,727,733,758,759,772,778,786,795,802,806,808,818,845,936,948,957,964,970,971,980,1009
0212_00059	19,20,62,94,96,107,134,141,145,153,207,230,270,421,449,481,482,487,508,528,550,558,588,626,727,747,776,789,968,989
0212_00060	20,77,94,107,141,153,207,217,231,235,436,481,508,545,626,688,727,771,776,778,789,877,913
0212_00061	58,62,141,153,207,225,231,253,279,283,285,322,326,347,387,390,399,481,538,556,576,626,662,674,701,755,778,781,826,948,956,994
0212_00063	20,50,62,64,94,101,137,153,154,186,283,295,312,321,361,391,396,480,481,497,508,530,556,588,599,626,727,741,752,778,803,826,850,864,897,918,948,976,994
0212_00064	85,89,134,139,153,159,197,212,245,274,311,326,351,387,390,401,405,442,452,460,461,465,481,508,523,524,560,596,615,626,631,657,681,710,716,719,743,765,807,833,887,928,936,952,968,974
0212_00065	20,138,153,207,336,387,390,434,508,511,526,560,570,575,626,627,700,707,727,779,788,833,919,932,948
0212_00066	19,20,138,141,153,202,207,225,231,269,387,438,481,508,547,606,688,700,713,718,727,771,776,778,813,833,919,932,948
0212_00067	4,15,20,26,39,60,71,76,85,87,89,94,120,128,153,159,163,170,207,215,222,223,231,252,270,278,285,290,316,366,370,391,398,401,424,437,439,480,491,499,501,503,508,516,524,530,580,584,594,602,609,614,626,664,690,697,726,727,758,759,772,801,802,818,860,871,909,915,927,936,948,964,967,972,976
0212_00069	19,20,65,88,94,107,117,127,134,141,153,195,207,387,395,405,479,481,508,562,626,662,727,776,787,789,866,968,989,1022
