id	bits.on
0024_00028	10,11,12,13,14,15,16,17,19,20,21,22,23,31,32,34,144,146,147,151,154,179,181,182,256,257,258,259,284,285,286,287,294,300,309,315,333,334,335,340,341,342,345,346,347,350,352,353,354,356,358,359,360,366,367,369,374,375,376,377,378,379,380,385,387,388,389,390,391,392,393,394,397,398,404,406,407,408,412,413,417,419,421,426,432,435,438,439,440,442,443,444,447,448,450,451,452,454,457,463,465,473,483,485,486,488,491,492,496,500,505,507,508,517,520,522,524,525,529,531,536,538,539,541,546,548,550,556,557,561,567,568,570,572,573,580,581,583,586,587,593,594,597,600,602,612,613,614,615,618,622,629,637,638,639,640,641,644,646,647,655,657,658,659,660,661,663,664,675,679,680,681,682,683,684,685,687,689,691,692,693,697,703,705,709,712
0024_00029	10,11,12,13,14,15,16,17,19,20,21,22,23,31,32,34,144,146,147,151,154,179,181,182,256,257,258,259,284,285,286,287,294,300,309,315,333,334,335,340,341,342,345,346,347,350,352,353,354,356,358,359,360,366,367,369,374,375,376,377,378,379,380,385,387,388,389,390,391,392,393,394,397,398,404,406,407,408,412,413,417,419,421,426,432,435,438,439,440,442,443,444,447,448,450,451,452,454,457,463,465,473,483,485,486,488,491,492,496,500,505,507,508,517,520,522,524,525,529,531,536,538,539,541,546,548,550,556,557,561,567,568,570,572,573,580,581,583,586,587,593,594,597,600,602,612,613,614,615,618,622,629,637,638,639,640,641,644,646,647,655,657,658,659,660,661,663,664,675,679,680,681,682,683,684,685,687,691,692,693,703,709,712
0024_00030	10,11,12,13,14,15,16,17,19,20,21,22,23,31,32,34,144,146,147,151,154,179,181,182,256,257,258,259,284,285,286,287,294,300,309,315,333,334,335,340,341,342,345,346,347,350,352,353,354,356,358,359,360,366,367,369,374,375,376,377,378,379,380,385,387,388,389,390,391,392,393,394,397,398,404,406,407,408,412,413,417,419,421,426,432,435,438,439,440,442,443,444,447,448,450,451,452,454,457,463,465,473,483,485,486,488,491,492,496,500,505,507,508,517,520,522,524,525,529,531,536,538,539,541,546,548,550,556,557,561,567,568,570,572,573,580,581,583,586,587,593,594,597,600,602,612,613,614,615,618,622,629,637,638,639,640,641,644,646,647,655,657,658,659,660,661,663,664,675,679,680,681,682,683,684,685,687,689,691,692,693,697,703,705,709,712
0024_00031	10,11,12,13,14,15,16,17,19,20,21,22,23,31,32,34,144,145,146,147,151,154,158,179,181,182,256,257,258,259,284,285,286,287,294,300,309,315,333,334,335,336,340,341,342,345,346,347,350,352,353,354,356,358,359,360,366,367,369,374,375,376,377,378,379,380,385,387,388,389,390,391,392,393,394,397,398,404,406,407,408,412,413,417,419,421,426,432,433,435,438,439,440,442,443,444,447,448,450,451,452,454,457,463,465,473,483,485,486,488,491,492,496,500,505,507,508,517,520,522,524,525,529,531,536,538,539,541,546,548,550,556,557,561,567,568,570,572,573,580,581,583,586,587,593,594,597,600,602,612,613,614,615,618,622,629,637,638,639,640,641,644,646,647,655,657,658,659,660,661,663,664,675,679,680,681,682,683,684,685,687,689,691,692,693,697,698,703,705,709,710,711,712,713,861
0024_00032	10,11,12,13,19,20,21,22,179,180,185,186,187,192,193,194,200,207,256,258,260,284,285,287,309,333,334,340,342,345,347,353,356,357,367,371,372,382,383,385,406,407,417,421,431,435,437,442,444,447,449,471,477,491,499,517,521,525,542,543,545,549,553,554,557,565,566,568,571,572,574,575,579,583,585,590,591,595,596,600,604,605,607,609,615,618,619,620,621,627,631,632,633,635,638,640,641,642,652,656,661,663,664,665,667,668,669,672,673,678,679,680,681,682,689,690,691,697,699,700,701,702,709,710,711,715,736,762,778,799,825
0024_00033	10,11,12,13,14,15,16,17,19,20,21,22,23,31,32,34,144,146,147,151,154,179,181,182,256,257,258,259,284,285,286,287,294,300,309,315,333,334,335,340,341,342,345,346,347,350,352,353,354,356,358,359,360,366,367,369,374,375,376,377,378,379,380,385,387,388,389,390,391,392,393,394,397,398,404,406,407,408,412,413,417,419,421,426,432,435,438,439,440,442,443,444,447,448,450,451,452,454,457,463,465,473,483,485,486,488,491,492,496,500,505,507,508,517,520,522,524,525,529,531,536,538,539,541,546,548,550,556,557,561,567,568,570,572,573,580,581,582,583,586,587,593,594,597,600,602,612,613,614,615,618,622,629,637,638,639,640,641,643,644,646,647,655,657,658,659,660,661,663,664,675,679,680,681,682,683,684,685,687,689,690,691,692,693,697,699,703,705,709,712
0024_00034	10,11,12,13,14,15,16,17,19,20,21,22,23,31,32,34,144,146,147,151,154,179,181,182,256,257,258,259,284,285,286,287,294,300,309,315,333,334,335,340,341,342,345,346,347,350,352,353,354,356,358,359,360,366,367,369,374,375,376,377,378,379,380,385,387,388,389,390,391,392,393,394,397,398,404,406,407,408,412,413,417,419,421,426,432,435,438,439,440,442,443,444,447,448,450,451,452,454,457,463,465,473,483,485,486,488,491,492,496,500,505,507,508,517,520,522,524,525,529,531,536,538,539,541,546,548,550,556,557,561,567,568,570,572,573,580,581,583,586,587,593,594,597,600,602,612,613,614,615,618,622,629,637,638,639,640,641,644,646,647,655,657,658,659,660,661,663,664,675,679,680,681,682,683,684,685,687,689,691,692,693,697,703,705,709,712
0024_00035	10,11,12,13,15,19,20,21,34,284,285,286,287,294,300,309,333,339,340,341,342,345,346,347,350,352,353,354,366,367,369,375,381,391,393,394,407,413,417,421,435,440,441,442,444,447,452,453,491,508,517,525,529,536,537,541,557,565,567,572,580,583,587,600,603,618,638,641,642,644,646,647,657,659,660,661,665,679,680,681,685,689,690,691,693,694,699,702,705,706
0024_00036	10,11,12,13,14,15,16,19,20,21,22,31,32,144,147,179,181,182,256,257,284,285,286,287,300,309,315,333,340,342,345,346,347,352,353,356,359,366,367,371,372,373,374,375,376,377,379,380,381,385,388,390,391,392,394,397,398,404,406,407,408,412,417,419,421,426,435,436,439,441,442,443,444,446,447,448,450,451,452,453,454,457,465,473,483,485,488,492,496,503,505,507,517,520,522,524,531,536,539,540,541,546,547,550,556,561,567,568,572,573,577,580,583,586,593,594,597,602,613,614,615,618,622,629,637,638,639,640,644,646,647,648,655,657,658,660,663,664,675,680,681,682,683,684,685,689,690,691,692,693,697,699,703,705
0024_00037	10,11,12,13,14,15,16,19,20,21,22,31,32,144,147,179,181,182,256,257,284,285,286,287,300,309,315,333,340,342,345,346,347,352,353,356,359,366,367,371,372,373,374,375,376,377,379,380,381,385,388,390,391,392,394,397,398,404,406,407,408,412,417,419,421,426,435,436,439,441,442,443,444,446,447,448,450,451,452,453,454,457,465,473,483,485,488,491,492,496,503,505,507,517,520,522,524,525,531,536,539,540,541,546,547,550,556,557,561,567,568,572,573,577,580,583,586,593,594,597,600,602,613,614,615,618,622,629,637,638,639,640,641,644,646,647,648,655,657,658,660,661,663,664,675,679,680,681,682,683,684,685,689,690,691,692,693,697,699,703,705
0024_00038	10,11,12,13,14,15,16,19,20,21,22,31,32,144,147,179,181,182,256,257,284,285,286,287,300,309,315,333,340,342,345,346,347,352,353,356,359,366,367,371,372,373,374,375,376,377,379,380,381,385,388,390,391,392,394,397,398,404,406,407,408,412,417,419,421,426,435,436,439,441,442,443,444,446,447,448,450,451,452,453,454,457,465,473,483,485,488,492,496,503,505,507,517,520,522,524,531,536,539,540,541,546,547,550,556,561,567,568,572,573,577,580,583,586,593,594,597,602,613,614,615,618,622,629,637,638,639,640,644,646,647,648,655,657,658,660,663,664,675,680,681,682,683,684,685,689,690,691,692,693,697,699,703,705
0024_00039	10,11,12,13,14,15,16,19,20,21,22,31,32,144,147,179,181,182,256,257,284,285,286,287,300,309,315,333,340,342,345,346,347,352,353,356,359,366,367,371,372,373,374,375,376,377,379,380,381,385,388,390,391,392,394,397,398,404,406,407,408,412,417,419,421,426,435,436,439,441,442,443,444,446,447,448,450,451,452,453,454,457,465,473,483,485,488,491,492,496,503,505,507,517,520,522,524,525,531,536,539,540,541,546,547,550,556,557,561,567,568,572,573,577,580,583,586,593,594,597,600,602,613,614,615,618,622,629,637,638,639,640,641,644,646,647,648,655,657,658,660,661,663,664,675,679,680,681,682,683,684,685,689,690,691,692,693,697,699,703,705
0024_00040	10,11,12,13,14,15,16,19,20,21,22,31,32,144,147,179,181,182,256,257,284,285,286,287,300,309,315,333,340,342,345,346,347,352,353,356,359,366,367,371,372,373,374,375,376,377,379,380,381,385,388,390,391,392,394,397,398,404,406,407,408,412,417,419,421,426,435,436,439,441,442,443,444,446,447,448,450,451,452,453,454,457,465,473,483,485,488,491,492,496,503,505,507,517,520,522,524,525,531,536,539,540,541,546,547,550,556,557,561,567,568,572,573,577,580,583,586,593,594,597,600,602,613,614,615,618,622,629,637,638,639,640,641,644,646,647,648,655,657,658,660,661,663,664,675,679,680,681,682,683,684,685,689,690,691,692,693,697,699,703,705
0024_00041	10,11,12,13,14,15,19,20,21,22,31,284,285,286,287,300,309,315,333,339,340,341,342,345,346,347,352,353,366,367,375,381,394,406,407,408,412,417,421,426,435,441,442,444,447,453,457,491,517,525,529,536,537,557,567,568,580,582,583,600,615,618,638,640,641,643,644,661,663,679,680,681,685,689,690,693,697,699,705
0024_00042	10,11,12,13,14,15,19,20,21,22,31,284,285,286,287,300,309,315,333,339,340,341,342,345,346,347,352,353,366,367,375,381,394,406,407,408,412,417,421,426,435,441,442,444,447,453,457,491,517,525,529,536,537,557,567,568,580,582,583,600,615,618,638,640,641,643,644,661,663,679,680,681,685,689,690,693,697,699,705
0024_00043	10,11,12,13,14,15,16,17,19,20,21,22,144,150,179,180,181,182,186,187,193,256,258,284,285,286,287,300,301,309,333,334,336,340,341,342,345,346,347,352,353,356,357,366,367,375,377,378,381,382,383,385,386,391,392,393,394,406,407,417,419,421,431,433,435,436,438,440,442,443,444,447,448,450,452,463,465,468,471,477,491,494,496,499,516,517,521,525,536,538,539,541,542,544,546,549,550,553,554,556,557,564,565,566,567,570,571,572,574,575,576,579,580,582,583,585,586,588,590,591,593,595,596,598,600,601,604,605,606,607,608,609,611,612,614,615,618,619,620,621,624,626,627,629,633,634,635,638,639,640,641,642,643,645,646,652,653,654,656,657,658,660,661,662,665,666,667,668,669,672,673,678,679,680,681,682,683,684,685,687,689,690,691,692,693,694,697,698,699,700,701,702,703,704,705,706,709,710,711,713,714,715,717,720,735,736,738,741,743,756,757,759,764,777,778,780,783,798,799,801,804,806,819,820,822,827
0024_00044	10,11,12,13,19,20,21,284,285,287,309,333,340,342,345,347,353,367,381,407,417,421,435,441,442,444,447,453,491,517,525,536,557,565,572,574,580,583,600,618,620,638,641,642,661,665,668,679,680,681,685,690,691,693,694,702,706
0024_00045	10,11,12,13,19,20,21,284,285,287,309,333,340,342,345,347,353,367,381,407,417,421,433,435,441,442,444,447,453,491,517,525,536,557,565,572,574,580,583,600,618,620,638,641,661,665,668,679,680,681,685,690,691,693,694,702,706
0024_00046	10,11,12,13,19,20,21,284,285,287,309,333,340,342,345,347,348,353,367,368,381,407,417,421,433,435,441,442,444,447,453,491,517,525,536,554,557,565,572,574,580,583,600,618,620,638,641,661,665,668,672,673,679,680,681,685,690,691,693,694,702,706
0024_00047	10,11,12,13,19,20,21,144,145,148,151,179,180,182,186,284,285,287,309,333,334,335,336,338,340,342,345,347,353,367,375,381,406,407,417,421,431,441,442,444,453,491,525,536,557,568,572,574,580,583,615,618,620,638,640,641,642,661,663,664,668,679,680,681,682,685,687,689,690,691,693,694,697,698,699,700,701,702,705,706,709,710,711,712,713,777,778,798,799,804,819,820,825,840,841,846,861,862,867
0024_00048	10,11,12,13,19,20,21,116,119,144,145,179,182,183,186,284,285,287,309,333,334,335,336,338,340,342,345,347,353,367,375,381,406,407,417,421,431,435,441,442,444,447,453,491,525,536,557,568,572,574,580,583,595,600,615,618,620,638,640,641,661,663,664,667,679,680,681,682,689,690,691,697,698,699,700,701,702,709,710,711,712,713,841,846,861,862,867
0024_00051	10,11,12,13,15,16,19,20,21,22,34,144,147,179,180,182,186,256,257,258,284,285,286,287,294,300,302,309,333,334,339,340,341,342,345,346,347,348,352,353,354,356,357,366,367,368,371,372,375,376,381,384,385,386,391,394,396,406,407,413,417,421,422,431,435,441,442,444,447,452,453,463,465,471,472,481,491,501,508,514,515,517,521,525,532,533,536,538,541,550,553,557,561,564,565,568,571,572,579,580,582,583,585,587,593,596,600,604,606,608,609,614,615,618,619,629,634,635,638,640,641,643,646,647,655,659,661,662,663,664,665,669,678,679,680,681,682,684,685,687,689,690,691,693,694,697,702,706,709,710,711,758,821
0024_00055	10,11,12,13,19,20,21,144,150,179,180,185,186,187,193,214,217,256,284,285,287,309,333,334,335,336,338,342,345,347,353,356,357,367,375,381,382,383,385,406,407,417,421,431,441,442,444,453,471,477,491,494,499,521,525,536,542,549,553,554,557,565,566,568,571,574,575,576,579,580,582,583,585,590,595,596,598,604,605,607,609,615,618,619,620,621,624,626,627,633,635,638,640,641,642,643,652,654,656,661,663,664,665,667,669,672,678,679,680,681,682,685,687,689,690,691,693,694,697,698,699,700,701,702,705,706,709,710,711,712,713,714,715,735,736,741,756,757,777,778,783,798,799,804,819,820
0024_00059	10,11,12,13,15,19,20,284,285,286,287,300,309,333,345,346,347,352,353,366,367,375,391,393,394,407,417,421,435,440,442,444,447,452,491,517,525,529,536,541,557,567,572,580,583,593,600,614,641,644,646,647,657,660,661,679,680,684,685,689,693,697,705
0024_00063	10,11,12,13,19,20,21,144,150,179,180,186,187,256,258,284,285,287,333,334,336,340,342,345,347,353,356,357,367,371,372,375,382,383,385,406,417,431,435,442,447,471,477,491,499,517,521,525,542,543,545,549,553,557,565,566,568,571,574,575,576,579,583,585,590,595,596,600,604,605,607,609,615,619,620,621,627,631,633,635,638,640,641,642,652,654,656,661,663,665,667,669,678,679,680,681,682,689,690,691,697,698,699,700,701,702,709,710,711,713,715,735,736,741,757,762,778,798,799,804,820,825
0024_00065	10,11,12,13,15,16,17,19,20,21,22,144,146,147,179,180,186,187,256,257,258,260,284,285,286,287,300,302,309,333,334,339,341,342,345,346,352,353,356,357,358,359,366,371,372,373,374,377,378,381,382,383,385,386,387,388,391,393,394,396,397,400,401,404,407,417,419,421,431,432,435,436,438,441,442,443,444,446,447,448,450,453,454,465,471,473,483,491,492,496,499,503,507,515,517,521,522,524,525,528,529,531,536,537,539,540,541,542,543,546,547,549,550,553,556,557,565,567,571,574,575,577,578,579,580,583,585,586,591,593,596,600,601,604,607,608,609,614,618,619,620,629,634,635,638,641,642,644,652,656,657,658,661,665,666,668,669,678,679,680,681,684,685,689,690,692,693,696,697,698,699,700,703,705,709,710,711,713,715,759,778,822
0024_00068	10,11,12,13,19,20,21,22,179,180,182,186,187,189,193,200,256,257,258,260,284,285,287,309,333,334,338,340,342,345,347,348,353,356,357,367,368,371,372,375,381,382,383,385,386,406,407,410,417,421,431,433,435,437,442,444,447,449,471,477,491,494,499,517,521,525,536,542,543,545,549,553,554,557,564,565,566,568,571,572,574,575,576,579,580,582,583,585,589,590,591,595,596,598,600,604,605,607,609,611,615,618,619,620,621,624,626,627,631,633,635,638,640,641,642,643,652,654,656,661,662,663,664,665,667,668,669,672,673,678,679,680,681,682,685,689,690,691,693,694,697,698,699,700,701,702,705,706,709,710,711,713,715,735,736,741,757,762,778,798,799,804,820,825
0024_00071	10,11,12,15,16,19,20,21,22,31,144,146,147,151,154,256,257,284,285,286,287,309,315,333,340,341,342,345,346,347,352,353,356,358,359,366,367,371,373,374,376,377,380,381,388,390,391,392,397,398,404,406,407,408,412,417,419,421,426,432,436,438,441,442,443,444,446,447,448,450,451,453,454,457,473,483,485,486,488,491,492,496,500,503,505,507,520,522,524,536,539,540,541,546,547,548,557,561,567,568,570,571,572,573,580,581,583,586,593,597,598,600,612,613,614,615,618,637,638,639,640,642,655,656,657,658,660,663,664,666,675,681,682,683,684,686,691,692,703
0024_00074	10,11,12,15,16,17,19,20,21,31,34,144,146,147,151,154,179,181,182,256,257,258,259,284,285,286,287,294,300,309,315,333,340,341,342,345,346,347,352,353,354,356,358,359,360,366,367,369,374,375,376,377,378,379,380,384,385,387,388,389,390,391,392,394,397,398,404,406,407,408,412,413,417,419,426,432,438,439,442,443,448,450,451,454,457,465,473,474,476,483,485,486,488,490,492,496,500,501,505,507,508,520,522,524,531,532,534,539,541,546,548,550,556,561,567,568,570,572,573,583,586,587,593,594,597,602,612,613,614,615,618,622,629,630,637,638,639,640,655,657,658,660,663,664,675,681,682,683,684,691,692,703
0024_00081	10,11,12,15,19,20,21,179,180,184,185,186,256,284,285,286,287,300,309,333,334,337,341,342,345,346,352,353,356,357,366,371,372,375,381,382,383,385,391,393,394,407,417,421,431,435,441,442,444,447,453,465,471,491,499,521,525,529,536,537,541,542,543,545,549,550,553,557,565,567,568,571,574,575,579,580,583,585,591,593,596,598,600,603,604,607,608,609,614,618,619,620,629,632,634,635,638,641,642,644,652,656,657,660,661,664,665,668,669,678,679,680,681,683,684,685,689,690,691,692,693,694,697,698,699,700,702,703,704,705,706,709,710,711,713,715,736,756,762,778,799,819,825
0024_00083	10,11,12,19,20,179,180,256,284,285,287,333,334,338,342,345,353,356,357,371,372,375,381,385,406,417,421,431,435,441,442,444,447,453,471,491,517,521,525,553,554,557,565,571,574,579,583,585,595,596,600,604,609,615,619,620,635,638,641,642,656,661,665,667,669,672,673,678,679,680,681,689,690,697,698,699,709,710,711
0024_00086	10,11,12,19,20,179,180,256,284,285,287,333,334,336,345,347,353,356,357,367,371,372,375,381,385,406,417,421,431,435,441,442,444,447,453,471,491,517,521,525,553,554,557,565,571,574,579,583,585,595,596,600,604,609,615,619,620,635,638,641,661,665,667,669,672,673,678,679,680,689,709,710,711
0024_00088	10,11,12,19,20,179,180,256,284,285,287,333,334,345,347,353,356,357,367,371,372,375,381,385,406,417,421,431,435,441,442,444,447,453,471,491,517,521,525,536,553,557,565,571,579,580,583,585,596,598,600,604,609,615,619,635,638,641,642,656,661,665,669,678,679,680,681,685,689,690,693,697,699,705,709,710,711
0024_00092	10,11,12,19,20,179,180,256,284,285,287,333,334,336,345,347,353,356,357,367,371,372,375,381,385,406,417,421,431,435,441,442,444,447,453,471,491,517,521,525,536,553,557,565,571,574,579,580,583,585,595,596,600,604,609,615,619,620,635,638,641,661,665,667,669,678,679,680,689,709,710,711
0024_00095	10,11,12,13,15,19,144,146,147,179,180,181,182,186,187,193,256,258,284,285,286,287,333,334,339,340,341,342,345,346,347,352,353,356,357,366,367,371,372,375,385,391,392,406,417,431,435,442,447,471,491,517,521,525,541,549,553,557,565,571,574,575,579,583,585,593,595,596,600,604,605,609,614,615,619,620,635,638,639,641,642,656,657,661,665,667,669,678,679,680,681,684,689,690,697,698,699,709,710,711
0024_00097	10,11,12,13,15,16,19,20,144,146,147,179,180,186,187,256,257,258,260,284,285,286,287,300,309,333,334,339,341,345,346,352,353,356,357,358,359,366,371,372,373,374,377,378,381,385,386,387,388,391,393,394,397,400,401,404,407,417,419,421,431,432,435,436,438,440,441,442,443,444,446,447,448,450,452,453,454,465,471,473,483,491,492,496,503,507,517,521,522,524,525,528,529,531,536,537,539,540,541,546,547,550,553,556,557,565,567,570,571,577,578,579,580,583,585,586,593,596,600,601,603,604,608,609,612,614,618,619,629,634,635,638,641,644,646,647,657,658,660,661,665,666,669,678,679,680,681,684,685,689,690,692,693,696,697,698,699,700,703,705,709,710,711,713,759,822
0024_00099	10,11,12,13,15,19,179,180,186,187,256,258,284,285,286,287,309,333,334,335,345,346,347,352,353,356,357,366,367,371,372,375,385,386,391,392,407,417,418,428,431,435,442,447,461,465,471,491,517,521,525,541,550,553,557,565,571,572,579,583,585,593,596,600,604,608,609,614,618,619,629,634,635,641,657,661,665,669,678,679,680,684,689,697,698,709,710,711,713,735,756,798,819
0024_00100	10,11,12,13,19,20,144,145,179,180,183,186,187,193,256,284,285,287,309,333,334,335,336,342,345,353,356,357,371,372,375,382,383,385,407,417,421,431,433,435,442,444,447,471,491,499,517,521,525,536,542,543,549,553,557,565,571,574,575,579,580,583,585,591,596,600,604,607,609,618,619,620,635,638,641,642,652,656,661,665,668,669,678,679,680,681,685,689,690,693,695,697,698,699,700,705,709,710,711,712,713,715,736,756,777,778,798,799,819,861
0024_00101	10,11,12,13,19,20,144,145,179,180,183,186,187,193,284,285,287,333,334,335,336,342,345,353,375,417,421,431,433,435,442,444,447,491,525,536,554,557,565,580,583,600,641,661,665,672,679,680,685,689,693,697,698,705,709,710,711,712,713,777,798,819,861
0024_00102	10,11,12,13,19,20,144,145,179,180,183,186,190,193,284,285,287,333,334,335,336,342,345,353,375,417,421,431,433,435,442,444,447,491,517,525,536,554,557,565,580,583,641,661,665,672,673,679,680,685,689,693,697,698,705,709,710,711,712,713,777,798,819,861
0024_00103	10,11,12,13,19,20,179,180,186,187,256,258,284,285,287,309,333,334,342,345,353,356,357,371,372,375,382,383,385,407,417,431,435,442,447,471,491,499,517,521,525,542,543,549,553,557,565,571,574,575,579,583,585,591,596,600,604,607,609,618,619,620,635,638,641,642,652,656,661,665,668,669,678,679,680,681,689,690,697,698,699,709,710,711,715,778
0024_00104	10,11,12,13,19,20,179,180,186,187,256,258,284,285,287,333,334,345,347,353,356,357,367,371,372,381,385,406,417,421,431,435,441,442,444,447,453,471,491,517,521,525,553,554,557,565,571,574,579,583,585,595,596,600,604,609,615,619,620,635,638,641,661,665,667,669,672,673,678,679,680,681,689,690,697,699,709,710,711
0024_00105	10,11,12,13,19,20,284,285,287,309,333,340,342,345,347,353,367,375,381,407,418,421,428,441,444,453,461,536,572,580,583,618,638,680,681,685,689,690,693,697,699,705
0024_00107	10,11,12,19,20,284,285,287,333,334,336,345,347,353,367,375,381,406,417,421,431,435,441,442,444,447,453,491,525,536,557,574,580,583,595,600,615,620,638,641,661,667,679,709
0024_00110	10,11,12,19,20,144,145,147,151,179,182,284,285,287,309,333,334,336,338,340,342,345,347,353,367,375,406,407,572,583,615,618,638,640,680,681,689,690,691,697,698,699,700,701,702,709,710,711,713,840,841,861,862
0024_00112	10,11,12,19,20,284,285,287,333,334,336,345,347,353,367,375,381,406,417,421,431,435,441,442,444,447,453,491,525,536,554,557,574,583,595,600,615,620,638,641,661,667,672,673,679,680,681,690,709,710,711
0024_00113	10,11,12,19,20,284,285,287,333,334,336,345,347,353,367,375,381,406,417,421,431,435,441,442,444,447,453,491,525,536,557,574,580,583,595,600,615,620,638,641,661,667,679,709
0024_00115	10,11,12,19,20,144,145,214,215,284,285,287,309,333,334,336,338,342,345,353,375,407,417,431,442,447,491,557,583,600,618,638,641,680,681,682,689,690,691,697,698,699,700,702,709,710,711,713,840,841,861,862
0024_00116	10,11,12,19,20,179,180,186,187,284,285,287,309,333,334,336,338,342,345,353,375,407,417,431,442,447,491,557,583,600,618,638,640,641,642,680,681,689,690,691,697,698,699,700,702,709,710,711,713,777,778,798,799,804,819,820
0024_00117	10,11,12,19,20,144,145,147,151,179,182,284,285,287,309,333,334,335,336,338,340,342,345,347,353,367,375,406,407,568,572,583,615,618,638,663,664,680,681,682,689,690,691,697,698,699,700,702,709,710,711,712,713,840,861,862
0024_00118	10,11,12,19,20,249,253,284,285,287,309,333,334,336,338,342,345,353,375,407,417,421,431,433,435,442,444,447,491,525,536,557,580,583,600,618,638,641,661,679,680,681,685,689,690,693,697,698,699,700,705,709,710,711,713
0024_00120	10,11,12,19,20,116,117,130,131,228,229,284,285,287,309,333,334,335,336,338,340,342,345,347,353,367,375,407,572,583,618,638,680,681,682,689,690,697,698,699,700,709,710,711,712,713
0024_00121	10,11,12,19,20,284,285,287,309,333,334,338,342,345,353,375,407,417,431,435,442,447,491,517,525,557,574,583,600,618,620,638,641,661,668,679,709,710
0024_00124	10,11,12,19,20,179,180,186,187,193,194,284,285,287,309,333,334,335,336,338,342,345,347,353,367,375,407,572,583,618,638,680,681,689,690,691,697,698,699,700,702,709,710,711,712,713,777,778,798,799,819,820
0024_00131	10,11,12,19,20,144,145,151,152,284,285,287,333,334,335,336,340,342,345,347,353,367,375,381,406,421,441,444,453,536,580,583,615,638,680,681,689,690,697,698,699,700,709,710,711,712,713,777,799,820,840,841,861,862
0024_00132	10,11,12,19,20,284,285,287,333,345,353,367,375,381,406,417,421,435,441,442,444,447,453,491,517,525,536,557,580,583,600,638,641,661,679,680,681,685
0024_00133	10,11,12,19,20,284,285,287,309,333,334,340,342,345,347,353,367,375,407,417,431,435,442,447,491,525,557,572,574,583,600,618,620,638,641,642,661,668,679
0024_00135	10,11,12,19,20,284,285,287,333,334,345,347,353,367,375,381,406,417,421,431,435,441,442,444,447,453,491,525,536,557,574,580,583,595,600,615,620,638,641,661,667,679,681,685
0024_00138	10,11,12,15,19,20,21,22,34,35,179,182,284,285,286,287,294,302,309,333,334,338,340,342,345,347,350,352,353,354,367,369,375,396,406,407,409,413,419,443,459,460,508,539,540,568,572,583,587,615,618,638,640,659,663,664,680,681,682,690,691,702,709,711
0024_00139	10,11,12,15,19,20,21,22,34,35,179,182,284,285,286,287,294,302,309,333,340,342,345,347,350,352,353,354,367,369,375,396,406,407,409,413,419,443,459,460,508,539,540,568,572,583,587,615,618,638,640,659,663,664,680,681,682,690,691,702
0024_00146	10,11,12,13,15,19,20,284,285,286,287,300,309,333,339,340,341,342,345,346,347,352,353,366,367,375,394,407,417,435,442,447,491,517,525,529,557,567,572,574,583,600,618,620,638,640,641,644,661,668,679,680,689,697
0024_00147	10,11,12,13,15,19,20,284,285,286,287,300,309,333,339,341,342,345,346,347,352,353,366,367,375,394,407,421,433,444,529,536,537,567,572,580,582,583,593,618,638,643,644,680,681,684,685,689,690,693,697,699,705
0024_00156	10,11,12,13,15,16,17,18,19,20,21,144,146,147,284,285,286,287,300,309,333,339,341,345,346,352,353,366,376,381,391,392,393,394,407,419,421,440,441,444,451,452,453,454,488,529,536,537,541,567,570,580,583,593,603,612,614,618,638,644,646,647,657,660,681,684,685,686,692,695,696
0024_00157	10,11,12,13,15,19,20,21,116,119,144,146,147,284,285,286,287,300,309,333,334,338,340,341,342,345,347,352,353,367,375,381,391,393,394,406,407,417,421,431,433,435,440,441,442,444,447,452,453,463,491,517,525,536,538,554,557,560,565,567,568,572,574,580,581,582,583,589,593,595,600,606,614,615,616,618,620,638,639,640,641,642,643,644,646,657,660,661,663,664,665,667,672,673,679,680,681,682,683,684,685,686,687,689,690,691,693,697,699,700,702,709,710,711
0024_00158	10,11,12,13,19,20,21,22,179,180,182,186,189,193,256,284,285,287,309,333,334,340,342,345,347,348,353,356,357,367,368,371,372,375,381,382,383,385,406,407,417,431,435,442,447,471,491,499,517,521,525,542,543,545,549,553,557,564,565,568,571,572,574,575,579,583,585,591,596,600,604,607,609,611,615,618,619,620,632,635,638,640,641,642,652,656,661,662,663,664,665,668,669,678,679,680,681,682,689,690,691,697,699,700,701,702,709,710,711,715,736,762,778,799,825
0024_00159	10,11,12,13,15,16,19,20,21,179,180,182,186,187,193,214,219,220,256,258,284,285,286,287,309,333,334,340,341,342,345,346,347,348,352,353,356,357,366,367,368,371,372,375,377,378,381,382,383,385,391,392,406,407,417,421,431,435,438,441,442,444,447,450,453,463,465,471,477,491,496,499,503,517,521,525,536,538,541,542,543,546,547,549,550,553,557,564,565,566,568,571,572,574,575,578,579,580,582,583,585,586,590,593,594,595,596,600,601,604,605,606,607,608,609,611,614,615,618,619,620,621,627,629,633,634,635,638,640,641,642,643,652,656,657,658,661,662,663,664,665,666,667,669,678,679,680,681,682,683,684,685,687,689,690,691,693,694,697,698,699,700,701,702,706,709,710,711,722,736,759,785,799,822
0024_00161	10,11,12,13,19,20,21,22,116,119,179,180,182,186,284,285,287,309,333,334,335,338,340,342,345,347,348,353,367,368,375,381,406,407,417,435,442,447,491,517,525,557,564,568,572,574,583,595,600,611,615,618,620,638,640,641,642,661,662,663,664,667,668,679,680,681,682,689,690,691,697,698,699,700,701,702,709,710,711,712,713,778,783,798,799,804,819,820
0024_00165	10,11,12,13,19,20,21,22,116,119,179,180,182,186,284,285,287,309,333,334,335,338,340,342,345,347,348,353,367,368,375,381,406,407,417,435,442,447,491,517,525,557,564,568,572,574,583,595,600,611,615,618,620,638,640,641,642,661,662,663,664,667,679,680,681,682,689,690,691,697,698,699,700,701,702,709,710,711,712,713,778,783,798,799,804,819,820
0024_00170	10,11,12,13,19,20,21,22,179,180,182,186,284,285,287,309,333,334,335,336,338,340,342,345,347,348,353,367,368,375,381,406,407,417,421,433,435,442,444,447,491,517,525,536,557,564,568,572,574,580,583,595,600,611,615,618,620,638,640,641,661,662,663,664,667,668,679,680,681,682,685,687,689,690,691,693,697,698,699,701,702,709,710,711,712,713,798,819,820
0024_00173	10,11,15,19,20,21,284,285,286,287,300,309,333,339,341,345,346,347,352,353,366,367,375,381,391,393,394,407,421,437,440,441,444,449,452,453,529,536,537,541,567,580,583,593,603,614,618,638,644,646,647,657,660,681,685,686,694,695
0024_00174	10,11,12,15,19,20,21,22,179,180,182,186,256,284,285,286,287,300,309,333,334,340,342,345,346,347,348,352,353,356,357,366,367,368,371,372,381,382,383,385,394,406,407,417,421,431,435,441,442,444,447,453,463,471,477,491,499,517,521,525,529,536,538,542,543,545,549,553,557,564,565,566,568,571,572,574,575,579,580,582,583,585,590,591,593,595,596,600,604,605,606,607,608,609,611,615,618,619,620,621,627,631,632,633,635,638,640,641,642,643,644,652,656,661,662,663,664,665,667,668,669,678,679,680,681,682,684,685,687,689,690,691,692,693,694,697,699,700,701,702,706,709,710,711,715,736,762,778,799,825
0024_00175	10,11,12,15,16,17,19,20,21,144,146,147,179,181,182,256,257,258,259,284,285,286,287,300,333,334,336,339,341,345,346,347,352,353,356,358,359,360,366,367,374,375,376,377,378,379,380,381,382,385,387,388,389,390,391,392,393,394,397,398,400,401,404,406,417,419,421,432,438,439,440,441,442,443,444,448,450,451,452,453,454,465,473,483,485,486,488,489,492,494,495,496,500,505,507,520,522,524,528,529,531,536,537,539,541,546,548,550,554,556,561,567,568,570,573,580,581,586,594,597,602,603,612,613,614,615,616,622,625,629,637,638,644,648,655,658,663,674,675,709
0024_00176	10,11,12,15,16,17,19,20,21,144,146,147,256,257,284,285,286,287,300,309,333,339,341,345,346,352,353,356,358,359,366,371,373,374,376,377,380,381,388,390,391,393,394,397,400,401,404,407,417,419,421,432,436,438,440,441,442,443,444,446,447,448,450,451,452,453,454,473,483,485,486,488,489,491,492,496,500,503,505,507,520,522,524,528,529,536,537,539,540,541,546,547,548,557,561,567,570,571,573,580,583,586,593,594,596,597,600,603,608,609,612,614,618,637,638,641,644,646,647,655,657,658,660,666,675,681,683,684,685,686,692,695,696,703
0024_00179	10,11,12,15,16,17,19,20,21,144,146,147,256,257,284,285,286,287,300,309,333,339,341,345,346,352,353,356,358,359,366,371,373,374,376,377,380,381,388,390,391,393,394,397,400,401,404,407,417,419,421,432,436,438,440,441,442,443,444,446,447,448,450,451,452,453,454,473,483,485,486,488,489,491,492,496,500,503,505,507,520,522,524,528,529,536,537,539,540,541,546,547,548,557,561,567,570,571,573,580,583,586,593,594,596,597,600,603,608,609,612,614,618,637,638,641,644,646,647,655,657,658,660,666,675,681,683,684,685,686,692,694,695,696,703
0024_00181	10,11,12,15,16,19,20,21,22,179,182,284,285,286,287,300,309,333,339,340,341,342,345,346,347,348,352,353,366,367,368,375,381,391,393,394,406,407,421,440,441,444,452,453,463,529,536,537,538,541,564,567,568,572,583,593,603,606,614,615,616,618,638,639,640,644,646,647,657,660,662,663,664,680,681,682,683,684,690,691,692,702,703,704
0024_00182	10,11,12,15,16,17,19,20,21,284,285,286,287,300,309,333,339,341,345,346,352,353,366,376,381,391,393,394,407,419,421,440,441,444,451,452,453,454,488,529,536,537,541,567,570,580,581,583,593,603,612,614,618,638,639,644,646,647,657,660,682,684,685,687,688,696
0024_00183	10,11,12,15,16,17,19,20,21,284,285,286,287,300,309,333,339,341,345,346,352,353,366,376,381,391,393,394,407,419,421,440,441,444,451,452,453,454,488,529,536,537,541,567,570,580,581,583,593,603,612,614,618,638,639,644,646,647,657,660,681,683,684,685,686,687,688,692,696
0024_00186	10,11,12,13,19,20,21,284,285,287,309,333,340,342,345,347,353,367,375,381,407,417,421,435,441,442,444,447,453,491,517,525,536,557,568,572,574,580,583,600,618,620,638,641,642,661,664,668,679,680,681,685,689,690,693,697,699,705
0024_00187	10,11,12,13,19,20,21,284,285,287,309,333,340,342,345,347,353,367,375,381,407,417,421,435,441,442,444,447,453,491,517,525,536,557,568,572,574,580,583,600,618,620,638,641,642,661,664,668,679,680,681,685,689,690,693,697,699,705
0024_00188	10,11,12,13,19,20,21,144,145,284,285,287,309,333,334,336,340,342,345,347,353,367,375,381,407,417,421,435,441,442,444,447,453,491,517,525,536,557,568,572,574,580,583,600,618,620,638,640,641,642,661,664,668,679,680,681,682,685,689,690,691,693,694,697,698,699,700,702,705,706,709,710,711,713,841,846,861,862
0024_00189	10,11,12,13,19,20,21,284,285,287,309,333,340,342,345,347,353,367,375,381,407,417,421,435,441,442,444,447,453,491,517,525,536,557,572,574,580,583,600,618,620,638,641,642,661,668,679,680,681,682,685,689,690,691,693,694,697,699,702,705,706
0024_00190	10,11,12,13,19,20,21,284,285,287,309,333,340,342,345,347,353,367,375,381,407,417,421,435,441,442,444,447,453,491,517,525,536,557,568,572,574,580,583,600,618,620,638,641,642,661,664,668,679,680,681,685,689,690,693,697,699,705
0024_00191	10,11,12,15,16,17,19,20,21,144,146,147,151,154,179,181,182,256,257,258,259,284,285,286,287,300,309,333,340,341,342,345,346,347,352,353,356,358,359,360,366,367,374,376,377,378,379,380,382,385,387,388,389,390,391,392,393,394,397,398,400,401,404,406,407,417,419,421,432,438,439,440,442,443,444,448,450,451,452,454,465,473,483,485,486,488,489,492,494,495,496,500,505,507,520,522,524,528,531,536,537,539,541,546,548,550,554,556,561,567,568,570,572,573,581,583,586,593,594,597,602,603,612,613,614,615,618,622,625,629,637,638,639,640,648,655,657,658,660,663,664,674,675,681,682,683,684,691,692,703
0024_00192	10,11,12,15,16,17,19,20,21,144,146,147,151,154,179,181,182,256,257,258,259,284,285,286,287,300,309,333,340,341,342,345,346,347,352,353,356,358,359,360,366,367,376,377,378,379,380,382,385,387,388,389,390,391,392,393,394,397,398,400,401,404,406,407,417,419,421,432,438,439,440,442,443,444,450,451,452,454,465,473,483,485,486,488,489,494,495,496,500,505,507,520,522,524,528,531,536,537,539,541,546,548,550,554,556,561,568,570,572,573,581,583,586,593,594,597,602,603,612,613,614,615,618,622,625,629,637,638,639,640,646,647,648,655,657,658,663,664,674,675,681,683,684,691,692,703
0024_00193	10,11,12,13,15,38,39,179,180,183,186,187,193,256,258,284,285,286,295,300,333,334,336,339,341,343,345,346,352,356,357,363,366,371,372,375,385,391,393,394,417,431,435,442,447,465,471,491,502,504,517,521,525,527,529,530,541,550,551,553,557,565,571,579,583,585,592,593,596,599,600,604,608,609,614,619,629,634,635,641,644,661,665,669,678,679,680,684,689,697,698,709,710,711,713,718,739,756,774,780,781,798,801,802,819,822,837
0024_00203	10,11,12,13,15,19,20,21,22,179,182,186,189,284,285,286,287,300,309,333,334,338,339,340,341,342,345,346,347,348,352,353,366,367,368,375,381,391,393,394,406,407,421,440,444,452,529,541,564,567,568,572,583,593,611,614,615,616,618,638,639,640,644,646,647,657,660,662,663,664,680,681,682,683,684,690,691,692,701,702,703,704,709,710
0024_00205	10,11,12,13,19,20,284,285,287,309,333,345,353,375,381,407,417,421,435,441,442,444,447,453,491,517,525,536,557,580,583,600,618,638,641,661,679,680,681,685,689,690,693,699,705
0024_00206	10,11,12,13,19,20,144,145,179,180,183,186,187,193,284,285,287,309,333,334,335,336,340,342,345,347,353,367,375,407,417,421,431,433,435,442,444,447,491,525,536,554,557,572,580,583,600,618,638,641,661,672,679,680,681,685,689,690,693,697,698,699,700,705,709,710,711,712,713,777,798,819,841,861,862
0024_00210	10,11,12,13,19,20,284,285,287,333,334,345,347,353,367,375,381,406,417,421,431,435,441,442,444,447,453,491,525,536,557,574,580,583,595,600,615,620,638,641,661,667,679,680,681,685,690,693
0024_00212	10,11,12,13,19,20,284,285,287,333,345,347,353,367,381,406,417,421,435,441,442,444,447,453,491,517,525,536,557,580,583,600,615,638,641,661,679,680,681,685,689,690,693,697,699,705
0024_00214	10,11,12,13,19,20,284,285,287,333,345,347,353,367,381,406,417,421,435,441,442,444,447,453,491,517,525,536,557,580,583,600,615,638,641,661,679,680,681,685,689,690,693,697,699,705
0024_00215	10,11,12,15,16,19,20,179,180,256,284,285,286,287,300,309,333,334,342,345,346,352,353,356,357,366,367,371,372,375,382,383,385,391,393,394,406,407,417,421,431,435,440,442,444,447,452,465,471,477,491,499,517,521,525,529,541,542,543,545,549,553,554,557,565,566,568,571,574,575,579,583,585,590,591,593,595,596,600,604,605,607,609,614,618,619,620,627,631,632,635,638,641,642,644,646,647,652,656,657,661,663,664,665,667,668,669,672,673,678,679,680,681,689,690,700,709,710,711,715,736,762,778,799,825
0024_00217	10,11,12,13,19,20,284,285,287,309,333,345,353,375,381,407,417,418,421,428,435,441,442,444,447,453,491,517,525,536,557,565,580,583,600,618,638,641,661,665,679,680,681,685,689,690,693,697,699,705
0024_00218	10,11,12,13,19,20,179,180,256,284,285,287,333,334,336,345,347,353,356,357,367,371,372,375,381,385,406,417,421,431,435,441,442,444,447,453,471,491,517,521,525,536,553,557,565,571,579,580,583,585,596,598,600,604,609,615,619,635,638,641,642,656,661,665,669,678,679,680,681,685,689,690,693,697,698,699,705,709,710,711
0024_00220	10,11,12,13,19,20,284,285,287,333,345,347,353,367,381,406,417,421,435,441,442,444,447,453,491,517,525,536,557,580,583,600,615,638,641,661,679,680,681,685,689,690,693,697,699
0024_00221	10,11,12,13,19,20,284,285,287,333,334,336,345,347,353,367,375,381,406,417,421,431,435,441,442,444,447,453,491,525,536,557,574,580,583,595,600,615,620,638,641,661,667,679,709,711
0024_00222	10,11,12,13,19,20,284,285,287,333,345,347,353,367,375,381,406,417,421,435,441,442,444,447,453,491,517,525,536,557,580,583,600,615,638,641,661,679,680,681,685
0024_00223	10,11,12,15,16,19,20,21,179,180,256,284,285,286,287,300,309,333,334,339,341,345,346,352,353,356,357,366,371,372,381,385,391,393,394,407,417,421,431,435,440,441,442,444,447,452,453,471,491,517,521,525,529,536,537,541,553,557,565,567,571,579,580,583,585,593,596,600,603,604,608,609,614,618,619,635,638,641,644,646,647,657,660,661,665,669,678,679,680,681,684,685,686,689,690,692,693,694,695,696,697,699,703,705,709,710,711
0024_00225	10,11,12,15,16,19,20,144,146,147,179,180,256,257,258,284,285,286,287,300,309,333,334,341,345,346,352,353,356,357,358,359,366,371,372,373,374,377,378,381,385,386,387,388,391,393,394,397,400,401,404,407,417,419,421,431,432,435,436,438,440,441,442,443,444,446,447,448,450,452,453,454,465,471,473,483,491,492,496,503,507,517,521,522,524,525,528,529,531,537,539,540,541,546,547,550,553,554,556,557,565,567,571,577,578,579,583,585,586,593,596,600,601,603,604,608,609,614,619,629,634,635,641,644,646,647,657,658,660,661,665,666,669,672,673,678,679,680,684,689,697,698,709,710,711,713,759,822
0024_00228	10,11,12,15,16,19,20,21,179,180,256,284,285,286,287,300,309,333,334,339,341,345,346,352,353,356,357,366,371,372,381,385,391,393,394,407,417,421,431,435,440,441,442,444,447,452,453,471,491,517,521,525,529,536,537,541,553,557,565,567,571,579,580,583,585,593,596,600,603,604,608,609,614,618,619,635,638,641,644,646,647,657,660,661,665,669,678,679,680,681,684,685,686,689,690,692,693,694,695,696,697,699,703,705,709,710,711
0024_00230	10,11,12,13,19,20,179,180,186,187,256,258,284,285,287,333,334,342,345,347,353,356,357,367,371,372,375,382,383,385,406,417,431,435,442,447,471,477,491,499,517,521,525,542,543,545,549,553,557,565,566,568,571,574,575,579,583,585,590,595,596,600,604,605,607,609,615,619,620,621,627,631,633,635,638,641,642,652,656,661,663,665,667,669,678,679,680,681,689,690,699,700,709,710,711,715,736,762,778,799,825
0024_00231	10,11,12,13,19,20,179,180,186,187,256,258,284,285,287,333,334,342,345,347,353,356,357,367,371,372,375,382,383,385,406,417,431,435,442,447,471,477,491,499,517,521,525,542,543,545,549,553,557,565,566,568,571,574,575,579,583,585,590,595,596,600,604,605,607,609,615,619,620,621,627,631,633,635,638,641,642,652,656,661,663,665,667,669,678,679,680,681,689,690,699,700,709,710,711,715,736,762,778,799,825
0024_00233	10,11,12,19,20,284,285,287,333,334,342,345,347,353,367,375,381,406,417,421,431,433,435,441,442,444,447,453,491,525,536,557,574,580,582,583,589,595,600,615,620,638,641,643,661,667,679
0024_00236	10,11,12,15,16,19,20,21,144,146,147,179,180,256,257,258,284,285,286,287,300,309,333,334,339,340,341,342,345,346,347,352,353,356,357,358,359,366,367,371,372,373,374,375,377,378,381,385,386,387,388,391,393,394,397,400,401,404,407,417,419,421,431,432,435,436,438,440,441,442,443,444,446,447,448,450,452,453,454,463,465,471,473,483,491,492,496,503,507,517,521,522,524,525,528,529,531,536,537,538,539,540,541,546,547,550,553,556,557,565,567,571,572,577,578,579,580,583,585,586,593,596,600,601,603,604,608,609,614,618,619,629,634,635,638,641,644,646,647,657,658,660,661,665,666,669,678,679,680,681,684,685,689,690,692,693,696,697,698,699,700,703,705,709,710,711,713,759,822
0024_00237	10,11,12,15,16,19,20,284,285,286,287,300,309,333,339,341,345,346,352,353,366,381,391,393,394,407,421,440,441,444,452,453,529,536,537,541,567,570,580,583,593,603,612,614,618,638,644,646,647,657,660,680,681,684,685,690,693
0024_00238	10,11,12,15,16,19,20,284,285,286,287,300,309,333,339,341,345,346,352,353,366,381,391,393,394,407,421,440,441,444,452,453,529,536,537,541,567,570,580,583,593,603,612,614,644,646,647,657,660,680,684,685,693
0024_00240	10,11,12,13,19,20,21,22,179,182,183,186,284,285,287,309,333,334,335,338,340,342,345,347,348,353,367,368,375,381,406,407,417,421,431,433,435,442,444,447,491,517,525,536,554,557,564,568,572,574,580,583,595,600,611,615,618,620,638,640,641,661,662,663,664,667,668,672,679,680,681,682,685,687,689,690,691,693,701,702,709,710,711,712,713
0024_00241	10,11,12,13,19,20,21,22,179,180,182,186,284,285,287,309,333,334,335,338,340,342,345,347,348,353,367,368,375,381,406,407,417,421,431,433,435,442,444,447,491,554,557,564,568,572,574,583,595,611,615,618,638,640,641,662,663,664,667,680,681,682,689,690,691,698,700,701,702,709,710,711,712,798,799,804
0024_00242	10,11,12,13,19,20,21,22,179,182,183,186,284,285,287,309,333,334,335,340,342,345,347,348,353,367,368,375,381,406,407,417,421,431,433,435,442,444,447,491,517,525,554,557,564,565,568,572,574,583,611,615,618,620,638,640,641,642,661,662,663,664,665,668,672,673,679,680,681,682,689,690,691,697,698,701,702,709,710,711,712
0024_00243	10,11,12,13,19,20,21,22,144,147,151,154,242,248,284,285,287,309,333,334,336,338,340,342,345,347,353,367,375,381,406,407,417,421,431,435,441,442,444,447,453,491,525,536,554,557,564,568,572,574,580,583,595,600,611,615,618,620,638,640,641,642,661,662,663,664,667,668,672,673,679,680,681,682,685,687,689,690,691,693,697,698,699,700,701,702,705,709,710,711
0024_00254	10,11,12,15,16,19,20,21,179,181,182,256,257,284,285,286,287,309,333,340,341,342,345,346,347,352,353,356,358,359,366,367,371,373,374,377,388,391,397,404,407,417,419,432,436,438,442,443,446,447,448,450,454,462,473,483,486,491,492,496,500,503,507,522,524,539,540,541,546,547,548,549,557,567,568,570,571,572,574,578,583,586,593,596,600,609,612,614,618,638,639,640,641,642,656,657,658,660,664,666,668,680,681,682,683,684,690,692,703,704
0024_00255	10,11,12,19,20,21,179,180,284,285,287,309,333,334,335,338,340,342,345,347,353,367,375,407,417,421,433,435,442,444,447,491,517,525,554,557,568,572,574,583,618,620,638,640,641,642,661,664,668,672,673,679,680,681,682,689,690,691,697,698,699,700,702,709,710,711,712,713,778,783,798,799,804,819,820,825
0024_00260	10,11,12,15,16,17,19,20,179,181,182,184,185,186,256,257,284,285,286,287,300,309,333,340,341,342,345,346,347,352,353,356,359,366,367,375,376,377,378,379,380,382,385,388,390,391,393,394,397,400,401,404,407,417,419,421,432,433,438,439,440,442,443,444,450,451,452,454,463,465,473,483,485,488,489,494,496,500,505,507,520,524,528,529,531,536,537,538,539,540,541,546,548,550,554,556,561,570,572,573,581,583,586,593,594,597,602,612,614,618,622,625,629,637,638,648,655,657,658,674,675,683,684
0024_00261	10,11,12,15,16,17,19,20,179,181,182,186,188,189,256,257,258,259,284,285,286,287,300,309,333,340,341,342,345,346,347,352,353,356,358,359,360,366,367,371,373,374,375,376,377,378,379,380,382,385,387,388,389,390,391,393,394,397,400,401,404,407,417,419,421,432,436,438,439,440,442,443,444,446,447,448,450,451,452,454,462,465,473,483,485,486,488,489,491,492,494,495,496,500,503,505,507,520,522,524,528,531,536,537,539,540,541,546,547,548,549,550,554,556,557,561,567,568,570,571,572,573,574,578,581,583,586,593,594,596,597,600,602,603,609,612,614,618,622,625,629,637,638,639,641,642,648,655,656,657,658,660,664,666,668,674,675,683,684
0024_00262	10,11,12,15,16,17,19,20,179,181,182,186,188,189,256,257,258,259,284,285,286,287,300,309,333,340,341,342,345,346,347,352,353,356,358,359,360,366,367,371,373,374,375,376,377,378,379,380,382,385,387,388,389,390,391,393,394,397,400,401,404,407,417,419,421,432,436,438,439,440,442,443,444,446,447,448,450,451,452,454,462,465,473,483,485,486,488,489,491,492,494,495,496,500,503,505,507,520,522,524,528,531,536,537,539,540,541,546,547,548,549,550,554,556,557,561,567,568,570,571,572,573,574,578,581,583,586,593,594,596,597,600,602,603,609,612,614,618,622,625,629,637,638,639,641,642,648,655,656,657,658,660,664,666,668,674,675,683,684
0024_00263	10,11,12,15,16,17,19,20,179,181,182,186,188,189,256,257,258,259,284,285,286,287,300,309,333,340,341,342,345,346,347,352,353,356,358,359,360,366,367,371,373,374,375,376,377,378,379,380,382,385,387,388,389,390,391,393,394,397,400,401,404,407,417,419,421,432,436,438,439,440,442,443,444,446,447,448,450,451,452,454,462,465,473,483,485,486,488,489,491,492,494,495,496,500,503,505,507,520,522,524,528,531,536,537,539,540,541,546,547,548,549,550,554,556,557,561,567,568,570,571,572,573,574,578,581,583,586,593,594,596,597,600,602,603,609,612,614,618,622,625,629,637,638,639,641,642,648,655,656,657,658,660,664,666,668,674,675,683,684
0024_00264	10,11,12,15,16,19,20,21,144,147,179,181,182,256,257,284,285,286,287,300,309,333,334,340,342,345,346,347,352,353,356,357,359,366,367,371,372,373,374,377,385,388,391,392,394,397,398,404,406,407,417,419,421,431,435,436,440,442,443,444,446,447,448,450,452,454,465,471,473,483,491,492,494,496,503,507,517,521,522,524,525,531,536,539,540,541,546,547,550,553,554,556,557,565,567,568,571,572,577,578,579,580,581,583,585,586,593,594,596,598,600,601,604,608,609,613,614,615,618,619,624,625,629,634,635,638,639,640,641,657,658,660,661,663,664,665,666,669,672,673,674,678,679,681,682,683,684,685,691,692,696,703,709,710
0024_00270	10,11,12,15,16,17,19,20,21,179,181,182,184,185,186,256,257,284,285,286,287,300,309,333,340,341,342,345,346,347,352,353,356,359,366,367,376,377,378,379,380,382,385,388,390,391,393,394,397,400,401,404,407,417,419,421,432,438,439,440,442,443,444,450,451,452,454,462,465,473,483,485,488,489,494,496,500,505,507,520,524,528,529,531,536,537,539,540,541,546,548,550,554,556,561,568,570,572,573,581,583,586,593,594,597,602,612,614,618,622,625,629,637,638,639,640,648,655,657,658,664,674,675,681,683,684,692,703
0024_00277	10,11,12,15,16,19,20,21,22,31,32,144,147,179,181,182,256,257,284,285,286,287,300,309,315,333,340,342,345,346,347,352,353,356,359,366,367,371,372,373,374,376,377,379,380,385,388,390,391,392,394,397,398,404,406,407,408,412,417,419,421,426,435,436,439,442,443,446,447,448,450,451,452,454,457,465,473,483,485,488,492,496,503,505,507,517,520,522,524,531,539,540,541,546,547,550,556,561,567,568,572,573,577,583,586,593,594,597,602,613,614,615,618,622,629,637,638,639,640,644,646,647,648,655,657,658,660,663,664,675,681,682,683,684,691,692,703
0024_00283	10,11,12,13,19,20,21,179,180,185,186,187,193,256,258,284,285,287,309,333,334,342,345,353,356,357,371,372,381,382,383,385,406,407,417,421,431,433,435,441,442,444,447,453,463,471,477,491,499,517,521,525,536,538,542,543,549,553,554,557,565,568,571,574,575,579,580,583,585,591,595,596,598,600,604,606,607,609,615,618,619,620,635,638,641,642,652,656,661,663,664,665,667,668,669,672,678,679,680,681,685,689,690,693,697,699,705,709,710,711,715,778
0024_00285	10,11,12,13,19,20,21,144,150,151,157,179,180,182,186,187,193,256,257,258,260,284,285,287,309,333,334,336,342,345,347,348,353,356,357,367,368,371,372,375,381,382,383,385,386,406,407,410,417,421,431,433,435,442,444,447,471,477,491,494,499,517,521,525,536,542,543,549,553,554,557,564,565,566,571,574,575,576,579,580,582,583,585,589,590,591,595,596,598,600,604,605,607,609,611,615,618,619,620,621,624,626,627,633,635,638,640,641,642,643,652,654,656,661,662,665,667,668,669,672,673,678,679,680,681,682,685,687,689,690,691,693,694,697,698,699,700,701,702,705,706,709,710,711,713,715,735,741,757,778,798,804,820
0024_00287	10,11,12,13,15,16,17,19,20,21,144,146,147,148,151,154,158,179,181,182,256,257,258,259,284,285,286,287,300,309,333,334,339,340,341,342,345,346,347,352,353,356,357,359,360,366,367,371,373,374,376,377,379,380,382,385,386,388,389,390,391,392,393,394,397,398,400,401,404,406,407,417,419,421,431,435,436,439,440,442,443,444,446,447,448,450,451,452,454,465,471,473,483,485,488,489,491,492,494,496,505,507,517,520,521,522,524,525,528,529,531,536,539,541,546,550,553,554,556,557,561,565,567,568,571,572,573,574,578,580,581,583,586,593,594,597,598,600,601,602,608,613,614,615,618,620,622,624,625,629,634,637,638,639,640,641,642,644,648,655,657,658,660,661,663,664,666,668,672,674,675,679,681,682,683,684,686,691,692,703,709,713
0024_00288	10,11,12,15,16,19,20,21,284,285,286,287,300,309,333,339,341,345,346,352,353,366,375,381,391,393,394,407,421,440,441,444,452,453,529,536,537,541,567,570,580,583,593,603,612,614,618,638,644,646,647,657,660,681,684,685,686,692,694,695,696
0024_00295	10,11,12,13,19,20,21,34,116,117,123,124,144,145,147,151,179,180,186,187,193,194,284,285,287,294,309,333,334,335,336,338,342,345,350,353,354,369,375,381,406,409,415,421,441,444,453,458,459,460,466,536,580,583,615,638,680,681,685,687,689,690,693,697,698,699,700,705,709,710,711,712,713,777,779,798,799,800,819,820,840,841,861,862
0024_00296	10,11,12,13,15,19,20,284,285,286,287,300,309,333,339,340,341,342,345,346,347,352,353,366,367,375,394,407,417,435,442,447,491,517,525,529,557,567,572,574,583,600,618,620,638,640,641,644,661,668,679,680,689,697
0024_00297	10,11,12,13,15,19,20,284,285,286,287,300,309,333,339,341,342,345,346,347,352,353,366,367,375,394,407,421,433,444,529,536,537,567,572,580,582,583,593,618,638,643,644,680,681,684,685,689,690,693,697,699,705
0024_00300	10,11,19,20,34,284,285,287,294,309,333,342,345,347,350,353,354,367,369,375,407,413,417,421,433,442,444,447,463,491,499,508,536,538,554,557,572,587,618,638,641,673
0024_00305	10,11,12,13,15,19,20,21,144,146,147,179,181,182,284,285,286,287,309,333,334,339,340,341,342,345,346,347,352,353,366,367,375,381,391,392,406,407,417,421,431,435,441,442,444,447,453,525,536,541,554,567,568,572,574,583,593,595,600,614,615,616,618,620,638,639,657,660,663,664,667,672,673,680,681,682,684,689,690,691,699,701,702
0024_00306	10,11,12,13,19,20,21,179,180,256,284,285,287,309,333,334,340,342,345,347,353,356,357,367,371,372,375,381,382,383,385,406,407,417,421,431,433,435,441,442,444,447,453,471,491,494,499,517,521,525,536,542,543,549,553,554,557,565,571,574,575,576,579,580,582,583,585,591,595,596,598,600,604,605,607,609,615,618,619,620,624,626,635,638,640,641,642,643,652,654,656,661,665,667,668,669,672,678,679,680,681,685,689,690,691,693,694,697,699,700,701,702,705,706,709,710,711,713,715,736,741,756,757,778,799,804,819,820
0024_00310	10,11,12,15,19,20,21,22,179,182,284,285,286,287,300,309,333,339,340,341,342,345,346,347,352,353,366,367,375,381,391,393,394,406,407,421,440,441,444,452,453,463,529,536,538,541,564,567,568,572,580,583,593,606,614,615,616,618,638,639,640,644,646,647,657,660,662,663,664,680,681,682,683,684,685,687,689,690,691,692,693,696,697,699,702,703,704,705,708
0024_00311	10,11,12,15,19,20,21,22,179,182,284,285,286,287,300,309,333,339,340,341,342,345,346,347,352,353,366,367,375,381,391,393,394,406,407,421,440,441,444,452,453,463,529,536,538,541,564,567,568,572,580,583,593,606,614,615,616,618,638,639,640,644,646,647,657,660,662,663,664,680,681,682,683,684,685,687,689,690,691,692,693,696,697,699,702,703,704,705,708
0024_00312	10,11,15,16,19,20,144,146,147,256,257,284,285,286,287,300,309,333,341,345,346,352,353,356,358,359,366,371,373,374,376,377,380,381,388,390,391,393,394,397,400,401,404,407,417,419,421,432,435,436,438,441,442,443,444,446,447,448,450,451,453,454,465,471,473,483,485,486,488,489,491,492,496,500,503,505,507,517,520,521,522,524,525,528,529,539,540,541,546,547,548,554,556,557,561,565,570,573,574,585,586,597,600,612,614,620,637,644,655,658,661,665,668,672,673,675,678,679
0024_00341	10,11,12,19,20,21,284,285,287,309,333,334,338,340,342,345,347,353,367,375,407,417,431,435,442,447,491,525,557,568,572,574,583,600,618,620,638,640,641,661,664,668,679,680,681,690,709,710,711
0024_00342	10,11,19,20,284,285,287,309,333,334,336,345,353,375,381,407,421,441,444,453,536,580,618,638,709
0024_00345	10,11,12,19,20,21,284,285,287,309,333,334,338,340,342,345,347,353,367,375,407,417,431,435,442,447,491,525,557,568,572,574,583,600,618,620,638,641,642,661,664,668,679,709,710
0024_00354	10,11,12,19,20,179,180,256,284,285,287,309,333,334,342,345,347,353,356,357,367,371,372,375,381,382,383,385,406,407,417,421,431,435,441,442,444,447,453,471,491,494,499,517,521,525,536,542,543,549,553,554,557,565,571,574,575,576,579,580,582,583,585,591,595,596,598,600,604,605,607,609,615,618,619,620,624,626,635,638,640,641,642,643,652,656,661,665,667,668,669,672,673,678,679,680,681,685,689,690,693,699,705,709,710,711,757,820
0024_00355	10,11,12,19,20,179,180,256,284,285,287,309,333,334,342,345,347,353,356,357,367,371,372,375,381,382,383,385,406,407,417,421,431,435,441,442,444,447,453,471,491,494,499,517,521,525,536,542,543,549,553,554,557,565,571,574,575,576,579,580,582,583,585,591,595,596,598,600,604,605,607,609,615,618,619,620,624,626,635,638,640,641,642,643,652,656,661,665,667,668,669,672,673,678,679,680,681,685,689,690,693,699,705,709,710,711,757,820
0024_00356	10,11,12,13,19,20,21,116,119,144,145,179,182,183,186,284,285,287,309,333,334,335,338,340,342,345,347,353,367,375,381,406,407,417,421,431,435,441,442,444,447,453,491,525,557,568,572,574,583,595,600,615,618,620,638,640,641,661,663,664,667,679,680,681,682,689,690,691,697,698,699,700,701,702,709,710,711,712,713,841,846,861,862,867
0024_00358	10,11,12,13,19,20,21,144,150,179,180,284,285,287,309,333,334,335,336,340,342,345,347,348,353,367,368,375,381,406,407,417,421,431,433,435,441,442,444,447,453,491,525,536,554,557,564,572,574,580,582,583,595,600,615,618,620,638,640,641,643,661,662,667,668,672,673,679,680,681,682,685,687,689,690,693,694,695,697,698,699,700,705,707,709,710,711,712,713,799,819,820
0024_00371	10,11,12,15,16,19,20,144,146,147,284,285,286,287,300,309,333,334,336,339,341,345,346,352,353,366,375,381,391,393,394,407,421,440,441,444,452,453,529,536,537,541,567,570,580,583,593,603,612,614,618,638,644,646,647,657,660,684,685,696,709
0024_00376	10,11,12,15,19,20,179,180,256,284,285,286,287,300,309,333,334,339,341,345,346,352,353,356,357,366,371,372,375,381,385,391,393,394,407,417,421,431,435,441,442,444,447,453,471,491,517,521,525,529,536,537,541,553,557,565,567,571,579,580,583,585,593,596,600,603,604,608,609,614,618,619,635,638,641,644,660,661,665,669,678,679,680,681,684,685,689,690,693,697,699,705,709,710,711
0024_00382	10,11,12,15,16,19,179,180,256,284,285,286,287,300,309,333,334,341,342,345,352,353,356,357,371,372,375,382,383,385,394,407,417,431,435,438,442,447,450,465,471,491,499,517,521,525,542,543,549,550,553,557,565,571,574,575,579,583,585,591,593,596,600,604,607,608,609,618,619,620,634,635,638,639,641,642,644,652,656,661,665,668,669,678,679,680,681,684,689,690,699,709,710,711,757,820
0024_00387	10,11,12,15,19,20,179,180,184,185,186,256,284,285,286,287,300,309,333,334,339,341,342,345,346,352,353,356,357,366,371,372,375,382,383,385,391,393,394,407,417,431,435,442,447,465,471,491,499,521,525,529,541,542,543,545,549,550,553,557,565,568,571,574,575,579,583,585,591,593,596,600,604,607,608,609,614,618,619,620,629,632,634,635,638,641,642,644,652,656,657,661,664,665,668,669,678,679,680,681,683,684,689,690,692,697,699,700,703,704,709,710,711,713,715,736,756,762,778,799,819,825
0024_00391	10,11,12,15,16,19,20,21,179,180,256,284,285,286,287,300,309,333,334,339,341,342,345,346,352,353,356,357,366,371,372,381,382,383,385,391,393,394,407,417,421,431,435,440,441,442,444,447,452,453,471,491,499,517,521,525,529,536,537,541,542,543,549,553,557,565,567,570,571,574,575,579,580,583,585,591,593,596,600,603,604,607,608,609,612,614,618,619,620,635,638,641,642,644,646,647,652,656,657,660,661,665,668,669,678,679,680,681,684,685,686,689,690,693,695,696,697,699,705,709,710,711,715,778
0024_00393	10,11,12,15,16,19,20,21,179,180,256,284,285,286,287,300,309,333,334,339,341,342,345,346,352,353,356,357,366,371,372,381,382,383,385,391,393,394,407,417,421,431,435,440,441,442,444,447,452,453,471,491,499,517,521,525,529,536,537,541,542,543,549,553,557,565,567,570,571,574,575,579,580,583,585,591,593,596,600,603,604,607,608,609,612,614,618,619,620,635,638,641,642,644,646,647,652,656,657,660,661,665,668,669,678,679,680,681,684,685,686,689,690,692,693,694,695,696,697,699,705,709,710,711,715,778
0024_00396	10,11,12,15,16,19,20,21,179,180,256,284,285,286,287,300,309,333,334,339,341,342,345,346,352,353,356,357,366,371,372,381,382,383,385,391,393,394,407,417,421,431,435,440,441,442,444,447,452,453,471,491,499,517,521,525,529,536,537,541,542,543,549,553,557,565,567,570,571,574,575,579,580,583,585,591,593,596,600,603,604,607,608,609,612,614,618,619,620,635,638,641,642,644,646,647,652,656,657,660,661,665,668,669,678,679,680,681,684,685,686,689,690,693,695,696,697,699,705,709,710,711,715,778
0024_00399	10,11,12,15,19,20,21,284,285,286,287,300,309,333,334,336,339,341,345,346,352,353,366,375,381,391,393,394,407,421,440,441,444,452,453,529,536,537,541,567,580,583,593,603,614,618,638,644,646,647,657,660,681,683,685,686,691,694,695,709
0024_00402	10,11,12,15,19,20,144,146,147,179,181,182,284,285,286,287,300,309,333,334,336,339,340,341,342,345,346,347,352,353,366,367,375,381,391,392,393,394,406,407,421,441,444,453,529,536,541,572,580,581,582,583,593,614,618,638,639,640,643,644,657,680,681,684,685,689,690,692,693,696,697,698,699,703,704,705,708,709,710,711
0024_00412	10,11,12,15,16,19,20,21,284,285,286,287,300,309,333,339,341,345,346,352,353,366,375,381,391,393,394,407,421,440,441,444,452,453,529,536,537,541,567,580,583,593,603,614,618,638,644,646,647,657,660,681,684,685,686,692,694,695,696,703
0024_00415	10,11,12,19,179,180,256,284,285,287,333,334,342,345,353,356,357,371,372,375,385,417,421,431,433,435,442,444,447,471,491,517,521,525,536,553,554,557,565,571,579,583,585,596,600,604,609,619,635,641,661,665,669,672,673,678,679,680,689,709,710,711
0024_00421	10,11,19,20,21,284,285,287,309,333,340,342,345,347,353,367,407,421,433,444,463,536,538,568,572,580,582,583,618,638,640,643,664,680,681,682,685,687,689,690,691,693,694,699,702,706
0024_00423	10,11,19,20,21,179,182,284,285,287,309,333,340,342,345,347,353,367,381,406,407,564,568,572,583,615,618,638,640,662,663,664,680,681,682,689,690,691,699,702
0024_00428	10,11,12,13,15,16,19,20,34,144,146,147,151,153,154,179,180,186,187,256,257,258,260,284,285,286,294,300,302,333,334,339,341,345,346,350,352,354,356,357,358,359,366,369,371,372,373,374,375,377,378,384,385,386,387,388,391,392,393,394,396,397,400,401,404,413,415,417,419,431,432,435,436,438,442,443,446,447,448,450,454,458,460,465,466,471,473,483,491,492,496,501,503,507,508,515,517,521,522,524,525,528,529,531,532,533,539,540,541,546,547,550,553,556,557,565,571,577,578,579,583,585,586,587,593,596,600,601,604,608,609,614,619,629,634,635,641,644,657,658,659,661,665,666,669,678,679,680,684,689,697,698,709,710,711,713,717,735,759,780,798,822
0024_00430	10,11,12,19,20,21,284,285,287,309,333,345,353,381,407,417,421,435,441,442,444,447,453,491,517,525,536,557,580,583,600,618,638,641,661,679,680,681,685,690,693
0024_00431	10,11,12,19,20,21,284,285,287,309,333,345,353,381,407,417,421,435,441,442,444,447,453,491,517,525,536,557,580,583,600,618,638,641,661,679,681,685
0024_00434	10,11,12,13,19,20,21,144,148,179,180,182,186,256,284,285,287,309,333,334,335,340,342,345,347,348,353,356,357,367,368,371,372,375,381,385,406,407,417,421,431,433,435,442,444,447,471,491,494,521,525,536,553,554,557,564,565,568,571,572,579,580,583,585,596,598,600,604,609,611,615,618,619,624,635,638,640,641,642,656,661,662,663,664,665,669,672,678,679,680,681,682,685,689,690,691,693,697,698,699,700,701,702,705,709,710,711,712,713,714,735,756,777,798,819,840,861
0024_00435	10,11,12,19,20,21,144,145,284,285,287,309,333,334,335,336,345,353,375,381,407,421,441,444,453,536,580,583,618,638,680,681,685,689,690,691,693,694,695,698,699,700,705,709,710,711,712,713,840,861
0024_00439	10,11,12,13,19,20,21,130,131,144,145,179,180,183,186,256,284,285,287,309,333,334,335,336,338,340,342,345,347,353,356,357,367,371,372,375,381,382,383,385,406,407,417,421,431,435,441,442,444,447,453,471,491,494,499,521,525,536,542,543,549,553,554,557,565,568,571,574,575,576,579,580,582,583,585,591,595,596,598,600,604,605,607,609,615,618,619,620,624,626,635,638,640,641,642,643,652,654,656,661,663,664,665,667,668,669,672,673,678,679,680,681,682,685,687,689,690,691,693,694,697,698,699,700,701,702,705,706,709,710,711,712,713,715,736,741,756,757,778,799,804,819,820,840,861
0024_00440	10,11,12,13,15,19,20,21,22,179,180,182,186,256,284,285,286,287,309,333,334,340,342,345,347,348,352,353,356,357,367,368,371,372,381,382,383,385,406,407,417,420,421,430,431,435,441,442,444,447,453,467,471,491,499,517,521,525,542,543,549,553,554,557,564,565,568,569,571,572,574,575,579,583,585,591,595,596,600,604,607,609,611,615,618,619,620,635,638,640,641,642,652,656,661,662,663,664,665,667,668,669,672,673,678,679,680,681,682,689,690,691,701,702,709,710,711,715,778
0024_00442	10,11,12,13,19,20,21,144,150,179,180,182,186,284,285,287,309,333,334,335,336,340,342,345,347,348,353,367,368,375,381,406,407,417,421,431,435,441,442,444,447,453,491,525,536,554,557,564,572,574,580,582,583,595,600,611,615,618,620,638,640,641,643,661,662,667,668,672,673,679,680,681,682,685,689,690,691,693,697,698,699,700,701,702,705,709,710,711,712,713,778,798,799,819,820
0024_00446	10,11,12,13,19,20,21,22,116,119,179,180,182,186,284,285,287,309,333,334,335,338,340,342,345,347,348,353,367,368,375,381,406,407,417,435,442,447,491,517,525,557,564,568,572,574,583,595,600,611,615,618,620,638,640,641,642,661,662,663,664,667,668,679,680,681,682,689,690,691,697,698,699,700,701,702,709,710,711,712,713,778,783,798,799,804,819,820
0024_00450	10,11,12,13,19,20,21,22,116,119,179,180,182,186,284,285,287,309,333,334,335,338,340,342,345,347,348,353,367,368,375,381,406,407,417,435,442,447,491,517,525,557,564,568,572,574,583,595,600,611,615,618,620,638,640,641,642,661,662,663,664,667,679,680,681,682,689,690,691,697,698,699,700,701,702,709,710,711,712,713,778,783,798,799,804,819,820
0024_00455	10,11,12,13,19,20,21,22,179,180,182,186,284,285,287,309,333,334,335,336,338,340,342,345,347,348,353,367,368,375,381,406,407,417,421,433,435,442,444,447,491,517,525,536,557,564,568,572,574,580,583,595,600,611,615,618,620,638,640,641,661,662,663,664,667,668,679,680,681,682,685,687,689,690,691,693,697,698,699,701,702,709,710,711,712,713,798,819,820
0024_00459	10,11,12,13,15,16,19,20,21,34,35,144,146,147,151,154,179,180,256,284,285,286,287,294,300,309,333,334,339,341,345,346,347,350,352,353,354,356,357,366,367,369,371,372,375,381,385,391,392,393,394,406,407,413,417,421,431,435,440,441,442,444,447,452,453,471,480,491,508,517,521,525,529,536,537,541,553,557,565,567,570,571,579,580,583,585,587,593,596,600,603,604,609,612,614,615,616,618,619,635,638,641,644,646,647,657,659,660,661,665,669,678,679,680,681,684,685,689,690,692,693,696,697,699,700,703,705,709,710,711
0024_00461	10,11,12,19,20,21,144,150,179,180,256,284,285,287,333,334,342,345,353,356,357,367,368,371,372,375,381,382,383,385,406,417,431,435,442,447,471,477,491,499,517,521,525,542,543,545,549,553,557,564,565,566,568,571,574,575,576,579,583,585,590,595,596,600,604,605,607,609,611,619,620,627,631,635,638,640,641,642,652,654,656,661,662,663,665,667,669,678,679,680,681,682,689,690,691,699,700,701,702,709,710,711,715,720,736,741,757,762,778,783,799,804,820,825
0024_00469	10,11,12,19,20,21,179,180,256,284,285,287,333,334,342,345,347,353,356,357,367,371,372,375,382,383,385,406,417,421,431,435,437,442,444,447,449,471,477,491,499,517,521,525,542,543,545,549,553,554,557,565,566,568,571,574,575,576,579,583,585,590,595,596,600,604,605,607,609,619,620,627,631,635,638,640,641,642,652,654,656,661,663,665,667,669,672,673,678,679,680,681,682,689,690,691,699,700,701,702,709,710,711,715,720,736,741,757,762,778,783,799,804,820,825
0024_00473	10,11,12,13,15,16,19,20,21,144,146,147,179,180,256,284,285,286,287,300,309,333,334,339,341,345,346,352,353,356,357,366,371,372,375,381,385,391,392,393,394,407,417,421,431,435,440,441,442,444,447,452,453,471,491,517,521,525,529,536,537,541,553,557,565,567,570,571,579,580,583,585,593,596,600,603,604,609,612,614,618,619,635,638,641,644,646,647,657,660,661,665,669,678,679,680,681,684,685,689,690,692,693,696,697,699,700,703,705,709,710,711
0024_00474	10,11,12,13,19,20,21,144,147,150,151,179,180,182,186,256,257,258,259,260,284,285,287,333,334,340,342,345,347,353,356,357,367,371,372,375,381,382,383,385,386,406,410,417,421,431,433,435,437,441,442,444,447,449,453,463,471,477,491,494,499,517,521,525,536,538,542,543,545,549,553,554,557,565,566,568,571,574,575,576,579,580,582,583,585,589,590,595,596,598,600,604,605,606,607,609,615,619,620,621,623,624,626,627,631,633,635,638,640,641,642,643,652,654,656,661,663,665,667,669,672,673,678,679,680,681,685,689,690,691,693,694,695,697,698,699,700,701,702,705,706,707,709,710,711,715,735,736,741,757,762,778,798,799,804,820,825
0024_00477	10,11,12,13,15,16,17,19,20,21,22,23,31,32,144,146,147,151,154,158,161,179,181,182,184,185,186,256,257,258,259,284,285,286,287,300,309,315,333,334,340,341,342,345,346,347,352,353,356,358,359,360,366,367,374,376,377,378,379,380,385,387,388,389,390,391,392,394,397,398,404,406,407,408,412,417,419,421,426,431,432,435,438,439,440,442,443,444,446,447,448,450,451,452,454,457,465,473,483,485,486,488,491,492,496,500,503,505,507,517,520,522,524,531,536,539,541,546,548,550,554,556,557,561,567,568,570,572,573,580,583,586,593,594,597,600,602,612,613,614,615,618,622,629,637,638,639,640,641,655,657,658,660,663,664,673,674,675,681,682,683,684,691,692,703
0024_00481	10,11,12,13,19,20,21,116,119,144,145,179,182,183,186,284,285,287,309,333,334,335,338,340,342,345,347,353,367,375,381,406,407,417,421,431,435,441,442,444,447,453,491,525,557,568,572,574,583,595,600,615,618,620,638,640,641,661,663,664,667,679,680,681,682,689,690,691,697,698,699,700,701,702,709,710,711,712,713,841,846,861,862,867
0024_00483	10,11,12,15,19,20,21,22,179,180,182,186,284,285,286,287,309,333,334,340,342,345,347,348,352,353,367,368,381,406,407,417,420,430,431,435,442,447,467,491,525,557,564,568,572,574,583,595,600,611,615,618,620,638,640,641,642,661,662,663,664,667,668,679,680,681,682,690,691,701,702,783,804,825
0024_00484	10,11,12,13,19,20,21,144,150,179,180,284,285,287,309,333,334,335,336,340,342,345,347,348,353,367,368,375,381,406,407,417,421,431,433,435,441,442,444,447,453,491,525,536,554,557,564,572,574,580,582,583,595,600,615,618,620,638,640,641,643,661,662,667,668,672,673,679,680,681,682,685,687,689,690,693,694,695,697,698,699,700,705,707,709,710,711,712,713,799,819,820
0024_00485	10,11,12,13,15,16,19,20,21,22,179,180,182,186,256,284,285,286,287,300,309,333,334,339,340,341,342,345,346,347,348,352,353,356,357,366,367,368,371,372,375,381,385,391,393,394,406,407,417,421,431,435,440,441,442,444,447,452,453,463,465,471,491,517,521,525,529,536,537,538,541,550,553,557,560,564,565,567,568,570,571,572,579,580,582,583,585,593,596,600,603,604,606,608,609,611,612,613,614,615,616,618,619,629,634,635,638,639,640,641,643,644,646,647,657,660,661,662,663,664,665,669,678,679,680,681,682,684,685,687,689,690,691,693,694,701,702,706,709,710,711
0024_00489	10,11,12,15,16,19,20,144,146,147,151,154,256,257,284,285,286,287,333,334,336,341,345,346,347,352,353,356,358,359,366,367,371,373,374,375,376,377,380,381,388,390,391,392,397,398,404,406,417,419,421,432,436,438,441,442,443,444,446,447,448,450,451,453,454,473,483,485,486,488,491,492,496,500,503,505,507,520,522,524,536,539,540,541,546,547,548,557,561,570,571,573,580,583,586,593,596,597,600,609,612,614,615,637,638,641,655,658,666,675,680,681,683,684,685,687,689,690,692,693,696,703,704,708,709,710,711,713
0024_00498	10,11,12,19,284,285,287,309,333,334,345,347,353,367,375,407,417,431,435,442,447,491,525,557,572,583,600,618,638,641,642,661,679,680,689
0024_00499	10,11,12,19,284,285,287,309,333,334,336,345,347,353,367,375,407,417,435,442,447,491,517,525,557,572,583,600,618,638,641,661,679,680,709
0024_00501	10,11,12,19,284,285,287,333,345,347,353,367,375,406,417,435,442,447,477,491,499,517,557,583,600,641,680,689,697
0024_00503	10,11,12,19,284,285,287,309,333,345,347,353,367,375,407,417,435,442,447,491,517,525,557,572,574,583,600,620,641,661,668,679,680,689,697
0024_00506	10,11,12,15,16,19,20,179,180,256,284,285,286,287,300,333,334,339,341,345,346,347,352,353,356,357,366,367,371,372,375,385,391,393,394,406,417,421,431,435,440,442,444,447,452,465,471,491,517,521,525,529,536,537,541,550,553,557,565,567,570,571,579,582,583,585,593,596,600,604,608,609,612,614,616,619,629,634,635,639,641,643,644,646,647,657,661,665,669,678,679,680,684,689,709,710,711
0024_00507	10,11,15,16,19,20,144,146,147,284,285,286,287,300,333,339,341,345,346,352,353,366,381,391,392,394,421,440,441,444,452,453,529,536,537,541,567,570,580,583,593,603,612,614,638,646,647,657,660,681,684,685,692,696,703
0024_00515	10,11,15,16,19,20,144,146,147,284,285,286,287,300,309,333,339,341,345,346,352,353,366,381,391,393,394,407,421,440,441,444,452,453,529,536,537,541,567,570,580,583,593,603,612,614,644,646,647,657,660,684,685,696
0024_00518	10,11,15,16,19,20,21,284,285,286,287,300,309,333,339,340,341,342,345,346,347,352,353,366,367,375,381,391,393,394,407,421,440,441,444,452,453,529,536,537,541,567,570,572,580,582,593,603,612,614,618,639,643,644,646,647,657,660
0024_00520	10,11,15,16,19,20,21,284,285,286,287,300,309,333,339,340,341,342,345,346,347,352,353,366,367,375,381,391,393,394,407,421,440,441,444,452,453,463,529,536,537,538,541,567,572,580,593,594,614,618,638,644,646,647,657,660,683,686
0024_00524	10,11,12,13,15,16,19,20,144,146,147,179,180,256,257,258,284,285,286,287,300,309,333,334,336,339,341,345,346,352,353,356,357,358,359,366,371,372,373,374,375,377,378,381,385,386,387,388,391,393,394,397,400,401,404,407,417,419,421,431,432,435,436,438,440,441,442,443,444,446,447,448,450,452,453,454,465,471,473,483,491,492,496,503,507,517,521,522,524,525,528,529,531,536,537,539,540,541,546,547,550,553,556,557,565,567,570,571,577,578,579,580,583,585,586,593,596,600,601,603,604,608,609,612,614,618,619,629,634,635,638,641,644,646,647,657,658,660,661,665,666,669,678,679,680,681,684,685,689,690,692,693,696,697,698,699,700,703,705,709,710,711,713,759,822
0024_00528	10,11,12,13,15,19,284,285,286,287,300,333,334,336,345,346,352,353,366,375,391,393,394,417,421,435,440,442,444,447,452,465,491,517,525,529,541,554,557,565,600,614,641,644,646,647,657,661,665,672,673,679
0024_00531	10,11,12,15,19,20,21,179,180,182,186,256,284,285,286,287,300,309,333,334,340,342,345,346,347,348,352,353,356,357,366,367,368,371,372,381,382,383,385,394,406,407,417,421,431,435,441,442,444,447,453,463,471,477,491,499,517,521,525,529,536,538,542,543,549,553,557,564,565,566,568,571,572,574,575,579,580,582,583,585,590,593,595,596,600,604,605,606,607,608,609,611,615,618,619,620,621,627,633,635,638,640,641,642,643,644,652,656,661,662,663,664,665,667,669,678,679,680,681,682,684,685,687,689,690,691,693,694,697,701,702,706,709,710,711,715,778
0024_00532	10,11,12,13,15,19,20,21,144,146,147,179,180,186,187,256,257,258,284,285,286,287,300,309,333,334,340,341,342,345,346,347,352,353,356,357,358,359,366,367,371,372,373,374,377,378,381,385,386,387,388,391,393,394,397,400,401,404,406,407,417,419,421,431,432,435,436,438,441,442,443,444,446,447,448,450,453,454,465,471,473,483,491,492,496,503,507,517,521,522,524,525,528,529,531,536,539,540,541,546,547,550,553,556,557,565,568,571,572,577,578,579,580,583,585,586,593,596,598,600,601,604,608,609,614,615,618,619,629,634,635,638,640,641,642,644,656,657,658,661,663,664,665,666,669,678,679,680,681,682,683,684,685,686,689,690,691,692,693,696,697,698,699,701,702,703,704,705,708,709,710,711,713,759,783,804,822,825
0024_00534	10,11,12,13,19,20,21,144,145,179,185,284,285,287,333,334,336,345,347,348,353,367,368,375,381,406,417,421,431,441,442,444,447,453,477,491,499,536,557,564,574,580,583,595,600,611,615,638,641,662,667,680,681,689,690,691,697,698,699,700,701,709,710,711,713,840,861
0024_00545	10,11,12,15,16,19,20,21,144,146,147,284,285,286,287,300,309,333,339,341,345,346,352,353,366,381,391,392,394,407,421,440,441,444,452,453,529,536,537,541,567,570,580,581,583,593,603,612,614,618,638,639,644,646,647,657,660,681,683,684,685,686,687,688,692,696,703
0024_00546	10,11,12,15,16,19,20,21,144,146,147,284,285,286,287,300,309,333,339,341,345,346,352,353,366,381,391,392,394,407,421,440,441,444,452,453,529,536,537,541,567,570,580,581,583,593,603,612,614,618,638,639,644,646,647,657,660,681,683,684,685,686,687,688,692,696,703
0024_00550	10,11,12,19,179,180,256,284,285,287,333,334,342,345,353,356,357,371,372,375,385,417,421,431,433,435,442,444,447,471,491,517,521,525,553,554,557,565,571,579,583,585,596,600,604,609,619,635,641,661,665,669,672,673,678,679,680,689,709,710,711
0024_00555	10,11,12,13,15,16,17,19,20,21,34,179,180,181,182,184,185,186,193,256,284,285,286,287,294,300,306,309,333,334,336,339,341,345,346,352,353,354,356,357,366,371,372,375,376,377,378,381,384,385,391,392,393,394,407,415,417,419,421,431,435,438,440,441,442,444,447,450,451,452,453,454,458,460,465,466,471,484,488,491,496,517,521,525,529,532,533,534,536,537,541,546,550,553,557,565,567,570,571,579,580,583,585,586,593,596,600,601,603,604,608,609,612,614,618,619,629,634,635,638,641,644,646,647,657,658,660,661,665,666,669,678,679,680,681,684,685,689,690,693,696,697,698,709,710,711,737,759,768,800,822,831
