id	bits.on
0024_00028	19,20,24,34,46,50,54,56,57,62,64,65,80,86,89,106,124,134,139,144,153,154,159,163,167,172,192,204,207,262,269,270,283,298,300,312,313,317,319,335,347,349,353,360,361,363,364,366,374,384,390,405,422,428,434,436,458,461,464,467,475,481,483,486,492,493,497,508,516,524,525,529,530,532,533,535,548,554,555,556,558,562,566,580,588,595,599,600,603,623,625,626,629,642,662,678,690,692,705,719,720,727,728,751,755,760,763,766,778,783,789,791,826,831,850,864,870,877,887,889,900,914,915,917,918,919,929,936,948,954,959,960,963,968,974,975,977,994,997,1004
0024_00029	19,20,24,34,50,56,57,64,65,80,86,89,102,106,134,139,144,153,154,155,159,167,172,173,186,204,207,212,254,269,270,275,295,298,300,312,313,317,319,321,335,345,347,349,360,363,364,366,369,384,387,390,396,401,405,422,423,436,442,461,467,475,481,486,492,497,498,499,502,508,510,516,522,524,525,526,530,531,535,548,554,555,558,562,566,580,586,588,589,599,603,611,625,626,629,642,653,678,688,690,692,715,719,727,728,741,751,755,760,763,778,783,804,831,850,855,860,864,877,887,888,889,891,897,900,912,914,915,917,929,936,948,954,960,963,968,974,975,977,990,994,1004
0024_00030	19,20,24,34,50,56,57,62,64,65,80,86,89,106,134,139,144,153,154,155,159,163,167,172,173,204,207,212,269,270,275,283,287,298,300,312,313,317,319,335,347,349,360,361,363,364,366,369,384,387,390,401,405,415,422,423,436,442,461,467,475,481,483,486,492,497,499,502,508,516,524,525,530,535,548,554,555,556,558,562,566,580,588,599,603,625,626,629,642,653,660,662,678,688,690,692,719,727,728,749,751,755,760,761,763,778,783,826,831,850,860,864,877,887,888,889,891,900,912,914,915,917,918,925,929,936,948,954,960,963,968,974,975,977,980,990,994,1004
0024_00031	15,19,20,24,34,56,57,65,80,86,89,106,134,139,144,153,155,159,167,172,173,184,204,207,212,245,262,269,270,287,298,300,302,303,309,312,313,317,319,335,347,349,353,360,363,364,366,369,384,387,390,401,405,415,422,428,434,436,442,446,461,467,469,475,481,483,486,492,493,497,499,507,508,515,516,522,524,525,529,530,532,533,535,547,548,554,555,556,558,562,566,580,588,599,603,608,611,625,626,629,630,641,642,653,660,662,672,678,690,692,717,719,720,727,728,749,751,755,760,761,763,766,772,778,783,786,791,804,831,850,860,867,877,887,889,900,910,912,914,915,917,918,925,929,930,936,948,954,960,963,968,974,975,977,980,990,994,1004,1008,1022
0024_00032	15,30,60,73,89,129,134,144,148,153,155,162,226,243,256,278,304,311,326,328,330,337,353,369,381,394,422,444,461,476,482,496,503,508,511,514,515,522,531,534,549,550,578,626,627,640,712,783,791,803,824,825,831,837,850,881,913,926,940,968,982,994,998,1007,1019,1022
0024_00033	10,13,19,20,24,34,45,50,56,57,62,64,65,67,80,89,123,134,138,139,144,153,154,155,159,163,172,173,196,202,204,207,212,221,225,231,233,257,263,267,269,270,275,282,283,287,298,312,313,317,319,335,336,347,349,360,361,363,366,369,384,387,390,399,401,405,415,422,423,436,442,459,461,467,481,486,499,502,508,511,516,524,525,530,535,548,554,555,556,558,566,580,599,600,605,625,626,629,642,653,662,678,688,690,719,727,728,734,744,749,751,755,761,763,778,779,783,826,831,833,846,849,850,851,864,872,877,887,888,889,891,915,917,925,929,936,948,954,960,968,974,975,977,990,994
0024_00034	19,20,24,34,50,56,57,62,64,65,80,86,89,106,134,139,144,153,154,155,159,163,167,172,173,204,207,212,269,270,275,283,287,298,300,312,313,317,319,335,347,349,360,361,363,364,366,369,384,387,390,401,405,415,422,423,436,442,461,467,475,481,483,486,492,497,499,502,508,516,524,525,530,535,548,554,555,556,558,562,566,580,588,599,603,625,626,629,642,653,660,662,678,688,690,692,719,727,728,749,751,755,760,761,763,778,783,826,831,850,860,864,877,887,888,889,891,900,912,914,915,917,918,925,929,936,948,954,960,963,968,974,975,977,980,990,994,1004
0024_00035	2,20,50,62,64,71,94,101,107,137,145,153,154,167,175,186,207,231,242,253,281,283,295,312,359,372,390,396,400,447,480,481,494,508,514,516,521,530,557,571,585,588,602,626,673,717,727,729,739,741,746,750,752,762,775,778,782,787,797,821,826,850,864,872,884,915,940,948,953,960,976,980,994,1019
0024_00036	20,48,57,62,89,124,134,139,140,153,167,171,173,177,207,212,229,245,257,269,274,283,292,300,306,308,324,347,358,364,370,387,401,405,442,452,460,461,465,475,481,492,497,508,523,524,525,530,542,544,555,556,560,565,596,603,615,622,625,626,631,640,648,657,662,681,685,692,698,716,719,727,741,748,755,763,765,778,781,786,826,833,857,860,874,887,900,918,926,928,936,948,952,954,968,974,994,996,997,1017,1019
0024_00037	20,48,50,57,62,64,89,108,124,134,139,153,167,171,173,177,186,207,212,229,245,257,269,274,283,292,300,306,308,312,321,324,332,345,347,364,370,387,396,401,405,434,442,452,460,461,465,475,481,492,497,508,522,523,524,525,530,542,544,555,556,560,565,586,588,596,603,611,615,622,625,626,631,640,648,657,662,681,685,692,698,715,716,719,723,727,741,748,755,763,765,778,781,786,804,826,833,850,857,860,874,887,897,900,918,926,928,936,948,952,954,968,974,994,996,997,1004,1017,1019
0024_00038	20,48,57,62,89,124,134,139,140,153,167,171,173,177,207,212,229,245,257,269,274,283,292,300,306,308,324,347,358,364,370,387,401,405,442,452,460,461,465,475,481,492,497,508,523,524,525,530,542,544,555,556,560,565,596,603,615,622,625,626,631,640,648,657,662,681,685,692,698,716,719,727,741,748,755,763,765,778,781,786,826,833,857,860,874,887,900,918,926,928,936,948,952,954,968,974,994,996,997,1017,1019
0024_00039	20,48,50,57,62,64,89,101,124,134,137,139,140,153,154,163,167,171,173,177,186,207,212,229,245,257,269,274,283,292,295,300,306,308,312,324,347,358,361,364,370,387,396,401,405,442,452,460,461,465,475,481,492,497,508,523,524,525,530,542,544,555,556,558,560,565,588,596,599,603,615,622,625,626,631,640,648,657,662,681,685,692,698,716,719,727,741,748,755,763,765,778,786,826,833,850,857,860,864,874,887,897,900,918,926,928,936,948,952,954,968,974,994,996,997,1017,1019
0024_00040	20,48,50,57,62,64,89,101,124,134,137,139,140,153,154,167,171,173,177,186,207,212,229,245,257,269,274,283,292,295,300,306,308,312,324,347,358,361,364,370,387,396,401,405,442,452,460,461,465,475,481,492,497,508,523,524,525,530,542,544,555,556,558,560,565,588,596,599,603,615,622,625,626,631,640,648,657,662,681,685,692,698,716,719,727,741,748,755,763,765,778,781,786,826,833,850,857,860,864,874,887,897,900,918,926,928,936,948,952,954,968,974,994,996,997,1017,1019
0024_00041	10,20,48,50,51,57,62,64,77,94,101,107,124,137,141,153,154,167,171,172,186,207,283,292,295,306,308,312,321,324,347,358,361,370,384,396,403,447,481,492,497,508,530,542,544,556,558,565,588,599,622,625,626,640,647,648,662,685,692,698,715,726,727,741,747,748,763,776,778,789,826,850,857,861,864,897,918,948,954,959,994,1019
0024_00042	10,20,48,50,51,57,62,64,77,94,101,107,124,137,140,141,153,154,167,171,172,186,207,283,292,295,306,308,312,321,324,347,358,361,370,396,403,447,481,492,497,508,530,544,556,558,565,588,599,613,622,625,626,640,647,648,662,685,692,698,715,726,727,741,747,748,763,776,778,789,826,850,857,861,864,897,918,948,954,959,994,1019
0024_00043	15,19,26,42,46,54,63,64,66,82,89,101,111,119,120,131,134,143,156,162,169,173,175,176,197,207,208,220,221,233,236,245,254,259,260,273,277,318,328,330,347,364,368,370,404,435,456,461,485,496,499,502,506,508,520,524,531,539,542,545,547,549,552,570,575,578,582,590,606,620,625,626,633,640,642,649,662,675,683,684,686,695,700,710,717,719,726,736,738,742,743,765,773,780,791,826,828,842,844,846,850,857,871,884,885,895,897,907,909,936,948,959,963,968,998,999,1024
0024_00044	20,50,57,64,93,94,153,154,159,177,207,229,231,254,256,281,312,361,390,480,481,486,487,497,508,514,530,549,553,571,581,610,626,627,635,727,729,744,752,759,778,787,795,803,811,850,864,884,891,969,976,980,1023
0024_00045	20,25,50,64,84,88,94,152,153,154,207,231,248,254,271,281,296,312,314,332,390,464,480,481,487,491,495,497,508,514,516,530,553,557,581,626,629,710,711,727,729,731,752,756,778,787,803,814,850,864,884,925,976,1003,1019
0024_00046	20,21,50,64,69,84,94,115,131,152,153,154,163,201,207,225,231,241,281,296,312,314,320,390,480,481,487,508,514,530,551,571,581,604,626,667,710,711,727,729,738,752,762,778,787,814,838,850,864,884,891,925,931,976,980,992,1003,1023
0024_00047	3,15,26,57,89,116,124,134,158,207,220,222,245,250,260,262,303,328,361,415,435,443,461,499,508,582,603,609,626,631,635,694,702,723,767,772,779,802,832,835,845,852,855,856,857,861,864,880,890,919,936,943,948,963,967,973,983,1020
0024_00048	2,4,15,20,26,39,49,73,89,113,134,139,153,167,207,212,220,221,308,317,326,347,371,390,413,420,461,499,508,511,526,556,563,580,589,612,626,628,635,640,727,748,759,762,767,794,799,802,819,825,828,834,835,860,871,880,883,885,936,944,948,953,968,974,996,1003,1005
0024_00051	7,8,20,37,89,94,96,104,107,109,125,134,144,151,194,195,196,204,205,207,223,247,300,341,347,364,366,369,425,461,481,484,487,493,502,508,513,526,550,562,566,594,602,626,670,677,719,727,773,779,795,799,802,811,825,846,851,865,883,936,940,948,968,971,974,978,985,1000,1006
0024_00055	3,15,26,28,40,42,89,104,120,134,140,189,193,203,220,222,224,234,243,245,270,281,308,330,338,347,355,372,408,421,423,435,437,461,464,494,499,508,517,540,549,569,572,578,585,601,606,610,621,626,646,656,666,683,716,730,744,778,790,805,855,885,895,918,948,963,968,969,970,983,1001,1012,1016,1022
0024_00059	20,50,62,64,80,137,153,154,159,163,270,283,312,326,360,361,366,392,442,480,481,497,508,516,530,556,558,599,626,662,666,727,734,755,778,826,845,850,864,918,932,948,994,1007
0024_00063	4,25,42,67,73,89,134,160,164,256,260,304,314,315,330,333,347,362,366,380,420,437,441,461,467,486,501,515,516,523,534,549,551,591,615,654,705,707,744,778,783,803,825,841,850,856,891,903,908,931,948,968,970,1009
0024_00065	20,40,44,56,64,94,96,107,114,128,134,141,148,153,155,167,168,207,235,270,272,281,331,347,372,383,389,394,407,413,446,474,479,481,484,487,503,508,516,528,550,551,558,576,603,609,620,626,627,640,643,654,655,662,676,690,714,727,733,761,762,764,776,778,781,784,786,797,809,812,816,819,863,893,896,947,968,970,988,989,1006,1007,1008
0024_00068	4,42,75,85,89,93,106,108,110,112,114,134,144,151,153,171,197,200,216,220,245,256,265,272,275,300,311,326,335,347,351,353,364,367,373,378,383,389,394,442,451,461,493,508,515,533,549,550,557,562,592,602,608,626,633,640,641,661,671,683,689,705,707,709,717,719,732,738,743,746,753,765,778,786,808,827,855,856,879,909,921,922,936,948,950,968,974,977,999
0024_00071	20,35,57,76,89,94,109,134,153,168,173,177,266,319,333,334,340,347,351,365,375,405,422,430,442,461,465,472,480,508,522,524,527,555,585,588,626,627,692,719,727,743,763,773,842,852,918,919,936,939,954,957,968,974,977,1023
0024_00074	8,45,57,65,75,76,89,109,134,139,153,159,163,173,177,197,212,247,266,319,326,347,351,387,401,405,422,431,442,460,461,481,499,508,524,529,555,559,570,588,603,609,613,626,629,653,660,692,713,719,743,763,783,789,874,887,899,915,935,936,948,954,968,974,975,980,990,997,1015
0024_00081	1,15,20,26,43,44,74,94,98,134,146,222,233,256,353,369,388,419,426,447,473,474,499,508,515,570,587,626,640,642,662,722,727,754,777,822,889,948,962,968,1014,1022
0024_00083	20,61,62,91,96,134,144,145,153,177,195,221,270,288,315,347,421,484,487,508,510,516,550,551,588,689,727,737,753,829,850,857,862,893,898,915,948,968,977,985
0024_00086	7,20,49,72,96,134,141,145,153,207,231,293,304,347,421,430,487,491,508,544,550,551,675,717,727,737,741,789,802,825,829,846,850,855,875,911,948,950,968,992,1010
0024_00088	20,50,62,64,66,96,134,139,145,153,270,312,316,347,421,430,450,487,488,491,508,522,528,544,550,566,568,588,597,611,640,702,727,797,804,829,850,901,948,968,973,994
0024_00092	5,20,49,79,80,96,134,145,153,170,188,207,271,304,312,347,407,420,421,487,491,507,508,511,544,550,563,590,640,727,741,762,802,825,829,850,878,885,914,948,968,1010
0024_00095	10,15,39,89,96,110,118,128,134,145,146,152,167,207,221,266,315,347,359,363,421,445,486,487,524,550,601,647,686,688,700,722,763,772,802,866,948,964,968
0024_00097	20,56,62,64,94,96,107,133,134,141,145,153,207,230,270,272,276,314,331,372,383,389,407,421,449,474,479,481,487,503,508,516,528,550,558,588,603,626,654,655,662,714,727,739,762,776,778,786,797,812,857,877,893,896,907,917,950,968,989,1002
0024_00099	15,37,63,84,85,96,114,123,134,144,153,155,183,223,242,254,312,326,348,423,433,434,455,456,478,482,487,489,550,560,577,616,626,644,657,670,674,681,719,725,739,763,768,781,850,880,909,925,928,929,935,936,945,948,968,977,1007
0024_00100	1,15,26,29,44,68,85,89,92,134,144,197,222,245,251,257,276,315,325,364,398,415,433,434,467,472,496,499,508,515,520,540,550,553,566,621,626,634,640,648,655,676,700,733,734,769,772,811,830,841,879,894,908,916,939,947,948,968,1022
0024_00101	15,25,26,85,89,98,109,110,134,149,159,198,222,245,250,254,266,297,315,348,368,398,400,415,426,472,477,499,508,513,520,566,567,579,586,601,620,634,635,703,772,795,796,841,878,899,913,948,968,1022
0024_00102	15,26,31,85,89,109,110,134,149,159,222,245,254,297,315,348,398,400,415,442,452,454,455,472,477,499,508,516,555,566,573,575,586,601,634,674,703,757,766,771,772,827,829,834,841,899,906,912,948,950,968,1022
0024_00103	20,25,134,315,337,449,510,550,620,626,635,640,676,710,733,850,897,914,947,948,966,967,968,998
0024_00104	7,20,32,62,72,77,96,134,141,145,153,178,193,270,293,304,347,354,391,421,430,487,491,508,510,544,550,551,588,628,717,727,737,741,778,786,825,829,850,851,855,875,911,968,977,1010
0024_00105	11,20,90,94,130,148,153,175,207,215,240,260,390,391,480,497,508,509,530,556,558,575,602,626,638,662,727,752,778,802,803,820,826,886,909,914,918,930,948,951,976,978
0024_00107	5,20,49,64,153,182,188,207,271,280,347,361,419,507,508,511,523,530,537,544,563,612,640,663,698,727,756,757,762,797,801,802,847,850,885,896,911,948,1014
0024_00110	15,26,39,56,61,89,187,188,207,220,222,233,260,297,352,412,458,461,499,517,544,548,553,555,557,566,626,640,723,736,745,751,755,802,819,855,862,879,936,948,955,964,976,988,1011
0024_00112	20,64,72,82,134,135,153,160,189,207,231,242,248,315,347,361,367,430,449,461,508,544,547,621,663,692,695,698,727,757,762,773,779,781,802,816,850,930,938,948,950
0024_00113	20,64,123,153,174,207,254,265,280,299,347,361,419,507,508,523,530,531,537,541,544,663,698,727,756,757,762,797,801,802,821,826,847,850,863,896,911,948,961,994,1014
0024_00115	9,15,20,26,56,58,85,89,115,149,213,219,222,241,280,364,373,397,454,499,530,569,626,630,692,696,708,762,772,801,855,924,939,948,964,980
0024_00116	15,26,55,58,76,81,89,100,134,207,222,241,265,280,322,328,432,458,498,499,533,545,575,576,593,626,640,654,656,762,772,778,802,831,842,855,868,884,890,948,953,973,1022
0024_00117	2,5,15,21,26,61,76,89,112,207,222,234,291,309,346,351,375,398,424,447,458,461,463,499,501,610,617,624,626,728,761,771,772,802,819,825,936,942,948,1023
0024_00118	2,15,47,89,94,123,131,132,134,144,169,185,188,220,245,260,272,274,291,302,328,373,382,399,406,410,487,508,596,609,626,707,725,753,772,802,879,898,948,968,977,1022
0024_00120	13,15,26,85,89,142,190,211,222,224,241,263,280,285,312,362,373,420,438,447,453,495,499,517,529,626,698,772,785,819,820,832,855,932,936,948,999,1018
0024_00121	20,25,30,58,64,111,121,144,147,153,173,215,225,245,279,296,312,334,373,419,430,437,473,626,682,692,735,757,762,779,844,850,888,934,946,948,977,999,1004
0024_00124	2,15,26,52,85,89,130,153,154,184,222,229,267,311,315,316,326,358,395,435,499,528,548,598,609,626,697,701,723,761,772,844,851,855,897,906,948,964,969,991,1003
0024_00131	15,20,26,49,50,89,96,108,127,153,154,180,187,207,222,271,309,316,347,358,420,499,508,511,532,563,609,612,640,685,727,762,772,802,885,948,964,969,991
0024_00132	20,50,51,62,64,101,137,153,154,172,186,251,283,295,300,312,347,370,396,481,508,530,549,588,640,726,727,741,778,806,814,826,850,864,897,948,994
0024_00133	20,24,28,64,68,92,153,172,173,207,280,284,318,326,345,372,390,415,419,438,511,521,530,537,625,626,628,663,743,757,762,770,847,850,896,948,989,1011
0024_00135	20,62,64,153,188,280,347,361,370,397,419,434,507,508,510,523,530,537,544,612,640,663,698,727,756,757,761,762,778,797,801,826,847,850,868,896,911,948,994,1014,1019
0024_00138	13,20,55,85,86,89,100,144,146,153,169,186,205,236,252,259,274,305,311,312,326,347,351,373,380,395,418,436,442,443,461,490,504,508,562,577,609,610,626,627,633,689,719,732,738,739,743,767,846,894,896,915,936,948,974,977,994,1011
0024_00139	20,55,62,73,86,89,146,153,175,186,207,219,222,231,236,259,273,274,311,326,327,330,347,369,374,390,395,407,410,443,461,476,490,508,511,514,558,562,609,626,711,712,719,732,738,773,779,791,832,849,867,894,915,924,936,948,962,974,994,1017
0024_00146	48,62,64,141,151,153,154,207,283,287,312,326,361,390,399,411,481,556,558,576,599,626,650,662,673,674,724,729,755,778,781,826,850,948,955,986,994
0024_00147	9,20,62,141,153,174,207,229,283,326,481,497,507,508,530,556,576,598,606,626,637,662,727,755,776,778,781,826,918,946,948,963,994
0024_00156	13,15,20,56,63,77,81,89,93,94,107,113,144,150,153,157,175,190,207,217,231,237,259,261,296,307,341,347,366,371,384,397,401,415,423,440,465,481,496,498,508,516,524,530,587,626,636,642,645,649,655,659,698,704,713,727,739,756,772,778,814,827,829,833,893,896,904,915,939,940,983,984
0024_00157	20,26,50,60,63,80,84,89,134,139,141,153,156,163,209,215,223,245,248,273,283,285,300,310,315,325,326,328,347,360,367,368,396,420,441,446,449,451,461,486,508,514,525,545,547,549,551,554,560,598,626,642,656,662,666,673,692,725,727,730,762,772,795,807,824,829,835,850,855,867,872,886,936,948
0024_00158	32,58,85,89,134,145,146,153,168,200,216,226,247,259,260,262,270,273,281,300,311,318,321,326,337,347,353,360,369,372,381,423,430,442,461,467,476,490,493,515,550,562,590,599,601,626,640,645,680,691,711,719,740,743,786,817,822,845,906,927,936,948,958,968,974,979,994,1001
0024_00159	1,7,15,20,37,66,67,81,89,94,96,99,103,134,144,149,153,192,195,204,219,220,247,254,260,262,263,300,309,310,314,320,347,354,461,482,487,490,493,498,507,508,513,515,524,533,550,551,557,562,612,626,655,657,658,670,677,683,719,727,734,748,778,779,797,799,812,844,847,865,923,928,931,936,948,962,968,969,974,1006,1022
0024_00161	15,26,48,61,73,89,146,153,165,170,171,207,233,240,252,260,266,311,326,327,330,346,347,369,390,399,435,450,461,472,499,512,539,562,566,577,582,593,603,626,651,660,708,719,722,729,759,787,791,802,804,819,850,893,936,948,963,974,985,986,1017,1018
0024_00165	15,26,48,61,73,89,97,153,170,171,207,223,256,266,286,311,326,327,330,346,347,369,435,461,468,472,491,498,499,529,562,577,584,602,624,625,626,660,708,719,722,729,787,791,802,818,819,822,841,850,858,867,874,915,936,948,974,979,986,1017,1018
0024_00170	15,26,49,73,79,89,97,134,153,167,170,185,207,223,245,250,256,260,261,263,282,311,326,327,330,344,346,347,369,435,436,461,491,499,508,540,562,602,614,625,626,660,679,708,719,722,729,752,769,783,787,791,802,826,850,855,858,866,867,915,936,948,973,974,979
0024_00173	20,56,64,94,107,153,175,188,207,231,278,325,508,516,588,626,647,655,727,734,739,762,797,850,896,910,948,960,1023
0024_00174	7,20,33,37,77,89,94,134,138,145,149,153,181,195,197,204,205,220,247,270,281,300,303,347,353,356,369,461,481,493,508,515,522,533,550,557,562,601,626,640,677,705,709,711,719,727,779,786,799,865,913,924,936,968,974,998
0024_00175	20,64,67,121,129,132,134,141,153,163,168,175,207,228,241,245,309,317,319,337,347,392,405,422,423,430,475,481,506,508,524,544,554,570,575,582,601,615,631,646,662,665,700,706,727,737,776,777,801,802,860,861,863,865,867,868,887,889,900,919,940,948,963,968,970,990
0024_00176	20,21,22,56,88,94,105,107,113,117,134,141,153,195,207,231,246,270,276,341,353,387,395,405,440,479,481,508,516,530,611,626,655,662,693,727,739,776,787,866,907,917,926,940,950,968,983,989
0024_00179	20,21,22,56,88,94,105,107,117,134,141,153,195,207,217,231,365,366,387,395,405,468,479,481,508,516,530,583,611,626,655,662,674,727,739,757,776,787,789,806,812,829,866,950,968,989
0024_00181	20,30,33,85,89,94,107,147,153,167,168,207,263,268,284,311,316,326,347,378,384,414,432,442,461,467,474,490,492,508,516,564,584,626,632,649,719,727,736,739,743,762,792,798,802,820,822,837,917,923,927,936,948,960,974
0024_00182	20,56,93,94,107,134,141,153,207,231,259,261,270,278,341,353,403,463,480,481,508,511,516,564,626,642,655,659,672,698,704,727,739,756,771,776,778,793,833,907,915,917,926,945,981
0024_00183	20,56,93,94,107,134,141,153,207,231,259,261,270,341,417,480,481,508,511,516,531,626,636,642,655,659,698,700,704,727,738,739,743,756,776,778,833,888,896,907,915,917,920,939,984
0024_00186	7,20,62,93,94,101,153,190,207,222,225,231,243,246,283,383,390,391,399,433,466,480,497,506,508,530,556,557,573,626,656,662,718,727,729,752,759,775,778,803,820,826,850,918,948,969,976,994,1016
0024_00187	20,62,86,94,97,101,111,153,207,211,225,228,231,283,307,390,391,399,408,414,420,437,454,480,497,508,530,556,562,626,662,664,683,704,727,729,752,770,778,803,826,850,918,929,936,948,972,976,994
0024_00188	15,20,24,39,56,62,89,93,94,101,104,111,115,153,156,171,203,207,222,225,231,247,276,283,293,377,390,413,452,466,477,479,480,508,530,546,549,608,626,688,698,704,706,712,717,727,729,752,759,778,787,816,826,832,844,850,884,936,948,964,969,976,990,994,1018
0024_00189	13,19,20,62,87,94,139,153,207,215,225,231,256,282,283,312,323,328,384,390,406,411,437,473,480,494,508,530,553,556,626,627,727,729,736,752,755,759,770,778,779,787,826,850,884,886,948,976,994,1020
0024_00190	20,62,86,93,94,97,101,111,153,207,211,225,228,231,283,307,390,391,399,408,414,437,480,481,497,508,530,556,562,626,662,664,683,704,727,729,752,770,778,803,826,850,918,929,936,948,972,976,994
0024_00191	64,67,85,89,120,129,132,134,139,145,153,159,163,168,197,209,212,245,304,309,311,319,326,337,351,387,390,401,405,422,442,461,481,486,506,508,524,582,615,626,631,662,669,710,719,722,743,783,792,860,868,887,889,936,968,974,1004
0024_00192	15,31,51,64,67,85,89,127,129,134,137,142,153,172,174,188,206,245,283,300,309,311,314,326,405,413,419,442,449,461,481,483,506,508,524,540,582,585,592,608,615,626,652,662,742,771,806,824,860,887,889,936,964,974,984
0024_00193	15,57,59,62,73,84,89,96,120,129,134,172,234,278,332,336,337,410,487,489,490,515,516,550,582,590,626,652,672,684,690,694,728,747,762,772,818,893,908,948,968,971,974,998,1008,1011
0024_00203	20,29,53,71,85,87,89,144,146,153,174,183,200,207,221,229,247,260,262,263,271,282,294,311,321,323,326,334,347,377,390,410,412,428,442,459,461,463,474,492,493,508,516,548,562,576,601,626,656,691,701,703,716,719,727,743,747,762,771,780,785,790,834,842,936,948,960,974,977,994,1015
0024_00205	20,50,60,62,64,94,101,137,153,154,186,283,295,312,361,391,396,480,481,497,508,530,556,588,626,727,741,752,778,803,826,850,864,897,948,976,994
0024_00206	5,15,26,31,49,60,69,85,87,89,130,131,134,148,199,222,245,263,279,285,315,332,333,357,370,375,499,508,509,513,533,566,577,585,603,608,626,643,657,712,761,772,782,862,881,892,893,936,945,948,950,961,964,968,1022
0024_00210	20,62,64,153,171,188,280,283,332,347,361,370,397,419,497,507,508,510,523,530,537,542,544,612,640,663,698,727,756,757,762,778,797,801,826,847,850,896,911,948,994,1014,1019
0024_00212	3,15,62,69,134,151,152,168,217,237,245,266,298,315,347,349,377,382,416,418,461,485,505,508,559,674,722,723,788,819,926,968,983,987,1012,1022
0024_00214	3,15,62,69,134,151,152,168,217,237,245,266,298,315,347,349,377,416,418,461,485,505,508,559,674,722,723,724,788,819,926,968,983,987,1012,1022
0024_00215	4,20,77,95,118,134,141,148,153,176,180,201,215,226,270,276,304,347,353,360,362,424,436,480,481,508,515,516,549,550,551,555,599,626,630,640,643,666,705,712,727,735,778,825,850,858,913,931,948,959,965,968,988,990,999
0024_00217	20,64,94,153,154,211,277,312,315,352,361,391,409,414,434,480,481,497,508,514,516,530,556,575,599,607,617,626,662,699,704,727,736,752,754,768,778,803,817,850,880,909,918,946,948,976
0024_00218	20,21,45,58,62,80,96,115,134,135,139,145,153,183,189,207,231,242,270,347,421,430,487,488,508,522,530,544,548,550,566,568,588,601,640,683,702,727,733,762,773,778,787,797,802,829,901,928,948,950,968,972
0024_00220	3,15,62,69,134,151,152,168,217,237,245,266,298,315,347,349,377,385,416,418,444,461,485,505,508,674,722,723,788,819,926,968,983,987,1012,1022
0024_00221	20,60,64,123,153,162,207,254,280,347,361,419,445,507,508,523,530,537,544,663,698,727,744,756,757,762,775,797,801,826,847,850,863,896,906,911,917,948,994,1014
0024_00222	20,50,51,62,64,101,137,153,154,172,186,283,295,312,343,347,370,396,411,455,481,505,508,530,544,588,613,640,663,726,727,741,778,826,850,864,897,948,994,1019
0024_00223	20,56,62,94,96,105,107,134,141,145,153,190,207,217,230,231,270,365,366,421,468,481,487,508,516,530,550,558,583,588,626,655,674,727,731,739,757,776,789,812,820,829,950,968,989,992
0024_00225	20,39,94,96,128,134,153,215,270,272,304,324,359,383,389,398,402,416,427,439,469,479,480,487,503,508,515,516,550,551,555,626,651,654,662,713,714,727,762,786,797,798,824,850,871,896,909,927,968,988
0024_00228	20,56,62,94,96,105,107,134,141,145,153,190,207,217,230,231,270,365,366,421,468,481,487,508,516,530,550,558,583,588,626,655,674,727,731,739,757,776,789,812,820,829,950,968,989,992
0024_00230	4,62,96,134,145,148,151,153,257,270,304,315,347,366,373,383,421,487,500,515,516,538,549,550,573,588,629,669,705,709,712,725,778,800,825,850,860,898,915,931,939,948,968,970,993,1000
0024_00231	4,62,96,134,145,148,151,153,257,270,304,315,347,366,373,383,421,487,500,515,516,538,549,550,573,588,629,669,705,709,712,725,778,800,825,850,860,898,915,931,939,948,968,970,993,1000
0024_00233	16,20,64,153,188,257,280,316,347,358,361,379,419,466,507,508,523,530,537,544,557,612,640,663,698,727,756,757,762,797,801,847,850,896,911,948,1014
0024_00236	20,56,64,94,96,107,134,150,153,164,207,272,291,331,337,372,383,389,390,407,474,479,481,487,503,508,516,550,588,603,626,654,655,662,714,727,739,762,778,786,797,802,812,877,893,896,907,917,948,950,968,989
0024_00237	20,50,56,63,77,94,107,153,207,225,231,366,401,424,436,458,463,481,496,508,516,621,626,649,655,727,739,764,778,829,896,913,984
0024_00238	20,77,94,128,141,153,196,207,225,231,257,270,278,353,424,436,458,480,481,508,516,626,692,727,771,776,778,871,872,904,913,917,927,929,941
0024_00240	15,26,73,89,97,112,134,148,153,170,183,207,220,223,227,245,256,267,274,311,315,326,327,330,346,347,369,375,435,451,461,462,491,499,508,513,562,602,625,626,660,665,704,708,719,722,729,787,791,802,850,855,858,867,900,915,926,934,936,946,948,968,973,974,979
0024_00241	15,20,26,37,85,89,93,134,153,196,200,256,286,300,301,308,311,326,347,351,352,414,433,442,452,461,484,486,491,493,499,508,528,562,563,570,571,602,613,626,689,719,727,739,743,762,799,818,819,850,881,909,924,932,936,948,974,996,1000,1006,1023
0024_00242	15,20,26,73,89,120,122,131,134,151,153,164,170,171,220,240,260,300,304,311,316,325,326,327,329,330,346,347,369,427,435,461,484,499,508,539,551,562,568,604,626,640,651,659,660,682,700,719,727,762,787,791,801,804,819,843,850,874,881,882,936,948,974,980
0024_00243	5,10,15,17,20,26,54,58,61,75,87,89,92,104,117,134,153,203,214,227,230,236,245,315,326,347,367,394,420,449,461,499,508,509,524,529,534,540,545,549,551,593,620,626,656,657,663,692,697,727,762,767,768,774,777,778,779,814,819,839,850,857,870,871,923,930,932,936,948,968,983,986,987,988,1008,1018
0024_00254	15,49,78,99,115,117,130,134,153,175,192,207,219,260,297,306,323,326,341,390,393,405,509,514,538,576,580,626,676,701,710,726,731,775,779,914,921,968,987,989,1009
0024_00255	15,20,26,66,73,89,114,131,164,228,286,322,360,417,425,472,499,508,551,583,624,626,708,718,722,727,762,810,818,819,850,855,881,922,936,948,1018
0024_00260	15,20,61,64,134,141,163,205,207,226,245,257,279,320,337,344,390,405,481,483,506,508,565,582,588,605,611,613,615,626,631,649,651,662,727,774,778,782,802,834,860,887,889,910,922,948,1018,1019
0024_00261	38,64,88,93,100,134,156,207,245,274,289,297,319,321,366,390,393,405,426,437,481,492,500,506,508,511,579,580,582,591,592,593,613,615,626,662,802,821,860,866,887,889,943,948,956,968,977,1009
0024_00262	38,64,88,93,100,134,156,207,245,274,289,297,319,321,366,390,393,405,426,437,481,492,500,506,508,511,579,580,582,591,592,593,613,615,626,662,802,821,860,866,887,889,943,948,956,968,977,1009
0024_00263	38,52,64,74,88,93,100,134,156,207,245,274,289,297,321,390,392,393,405,426,437,481,506,508,511,579,580,582,591,593,606,613,615,626,662,678,802,821,860,866,887,889,943,948,956,968,977,1009
0024_00264	20,44,71,72,75,85,89,109,123,134,153,156,235,276,297,311,326,341,351,406,432,442,461,481,487,508,550,612,626,627,669,719,721,727,743,745,795,810,843,871,881,897,898,899,918,936,968,974,1005
0024_00270	14,15,64,134,141,153,163,207,221,226,245,264,279,323,326,337,390,405,432,435,454,468,481,486,506,508,541,574,576,582,605,615,616,626,631,649,651,662,701,774,778,860,887,889,910,944,956,1018
0024_00277	57,79,89,121,134,139,153,159,173,177,197,212,245,257,269,274,300,347,351,364,387,401,405,442,452,460,461,465,481,492,508,523,524,525,555,560,566,588,596,615,626,631,657,681,692,716,719,763,765,807,833,860,874,887,928,936,952,954,968,974,980,997
0024_00283	72,134,140,152,207,239,243,245,280,323,326,335,352,355,364,398,410,461,475,499,508,535,550,567,595,620,626,640,656,674,676,680,681,694,712,733,748,765,825,827,850,936,947,954,968,1015
0024_00285	4,15,42,60,64,74,75,89,93,95,119,134,193,226,234,238,245,261,263,283,302,309,318,347,353,389,408,425,435,441,443,461,471,485,487,508,515,516,534,549,550,552,597,626,640,683,700,704,705,747,748,778,781,786,799,813,827,877,914,918,941,948,968,999,1001,1005,1011
0024_00287	64,67,79,80,85,89,129,134,139,153,159,178,197,212,244,245,253,282,285,295,309,311,318,326,340,351,371,372,381,387,390,401,405,419,434,442,461,474,481,496,506,508,516,524,527,537,552,582,606,615,626,641,662,677,681,710,719,743,764,799,815,830,860,865,887,889,913,936,950,967,968,974,978
0024_00288	20,56,94,107,113,141,153,207,224,231,341,400,440,452,465,481,508,516,530,626,655,722,727,739,802,893,896,907,917,930,940,948,964
0024_00295	3,9,15,26,52,60,64,73,85,89,97,134,146,175,184,194,222,225,227,236,237,245,249,285,288,314,316,358,398,402,416,461,465,469,492,499,500,508,517,527,553,559,566,609,626,687,703,706,714,758,772,796,797,822,837,864,873,898,900,928,948,963,964,969,989,1018,1022
0024_00296	48,62,64,141,151,153,154,207,283,287,312,326,361,390,399,411,481,556,558,576,599,626,650,662,673,674,724,729,755,778,781,826,850,948,955,986,994
0024_00297	9,20,62,141,153,174,207,229,283,326,481,497,507,508,530,556,576,598,606,626,637,662,727,755,776,778,781,826,918,946,948,963,994
0024_00300	14,20,94,120,153,188,328,353,363,383,508,530,626,702,716,720,727,745,824,850,869,881,915,927,943,948,1015
0024_00305	15,20,32,55,89,118,128,146,220,230,315,321,347,367,449,467,488,496,508,524,571,596,620,626,628,643,663,686,692,700,705,719,724,727,750,762,776,779,804,809,811,850,930,936,948,964,974
0024_00306	1,10,15,17,89,103,132,134,182,217,237,245,260,289,301,309,325,353,363,368,394,417,446,452,461,508,515,529,534,554,566,597,626,630,634,640,656,661,668,676,679,683,688,723,762,763,772,775,876,885,927,947,948,968,985,987,1009,1017,1022,1024
0024_00310	8,15,20,26,89,94,153,178,207,216,243,263,323,326,390,393,413,429,457,461,474,492,508,516,570,576,594,626,691,701,727,750,758,760,762,770,819,829,833,837,848,855,936,948,960,981,1000,1008
0024_00311	8,15,20,26,89,90,94,153,204,207,243,263,273,323,326,390,393,413,461,474,492,508,516,570,576,579,594,626,674,691,701,727,758,760,762,768,819,829,833,842,848,852,855,936,948,960,968,998,1000
0024_00312	20,94,134,160,177,195,252,304,366,387,395,405,445,469,479,508,510,551,611,626,662,727,787,850,968,973
0024_00341	20,40,64,67,144,146,153,173,207,224,326,373,390,406,419,430,484,576,626,628,631,712,740,750,757,762,830,850,898,948,957,977,998,999
0024_00342	20,38,94,107,153,207,254,500,508,626,727,731,802,948,975,994
0024_00345	6,20,38,84,144,153,192,201,207,208,256,326,373,390,471,515,531,532,576,590,626,757,762,799,850,900,948,965,977,995,998
0024_00354	1,20,31,50,64,66,68,96,128,134,151,153,181,211,283,312,347,353,422,430,450,487,491,508,522,528,530,544,550,611,626,640,643,671,675,705,727,804,850,879,948,968,973,994,1006
0024_00355	1,20,31,50,64,66,68,96,128,134,151,153,181,211,283,312,347,353,422,430,450,487,491,508,522,528,530,544,550,611,626,640,643,671,675,705,727,804,850,879,948,968,973,994,1006
0024_00356	2,15,20,26,45,55,62,89,110,134,140,153,158,167,192,211,212,220,222,243,246,317,347,348,356,396,406,410,461,477,499,508,544,566,621,622,626,634,643,659,702,719,727,762,767,774,795,851,860,880,883,886,919,936,948,959,968,974,982,989,1009,1022
0024_00358	1,15,20,26,40,57,61,81,89,131,132,134,182,184,207,220,245,260,308,315,317,347,353,367,369,449,461,471,486,497,499,501,508,534,548,557,571,580,586,626,646,656,669,692,703,709,727,749,762,772,779,836,850,859,913,917,930,932,934,935,936,948,1022
0024_00371	15,20,32,36,79,89,94,107,130,155,207,233,237,241,246,249,295,311,347,411,508,516,518,615,626,654,662,727,739,772,802,837,924,948
0024_00376	20,56,62,94,96,107,128,134,145,153,207,230,270,421,487,508,516,521,550,558,588,626,655,658,727,731,820,869,948,968,989,994,998
0024_00382	1,20,31,68,73,96,134,159,181,211,219,283,308,341,353,481,487,516,544,550,626,640,675,684,762,907,948,968
0024_00387	1,15,32,56,65,74,89,133,134,137,175,184,194,233,260,268,325,353,369,398,400,409,419,515,626,633,640,642,662,828,880,908,948,968,1006,1022
0024_00391	20,56,94,105,107,113,134,141,153,207,231,246,270,276,281,301,341,353,395,440,481,508,516,530,550,558,620,626,640,655,676,725,727,731,733,739,776,819,907,917,926,940,947,950,968,970,983,989,992
0024_00393	20,40,56,94,107,113,133,134,141,153,207,231,270,281,314,341,440,465,481,508,516,528,530,550,558,620,626,640,655,676,722,727,733,738,739,776,819,857,893,896,907,917,930,940,947,968,970,989,1002
0024_00396	20,56,94,105,107,113,134,141,153,207,231,246,270,276,281,301,341,353,395,440,481,508,516,530,550,558,620,626,640,655,676,725,727,731,733,739,776,819,907,917,926,940,947,950,968,970,983,989,992
0024_00399	20,49,56,64,94,97,101,107,149,153,207,231,261,366,367,480,508,511,516,523,530,626,655,727,739,752,802,829,833,885,893,896,948
0024_00402	11,15,20,76,89,128,136,151,204,229,272,300,310,314,323,347,352,396,401,411,413,486,493,508,549,604,626,631,727,739,768,772,821,936,948,964,1002,1003
0024_00412	20,94,105,107,141,153,207,217,231,365,366,370,472,481,508,516,530,583,626,631,657,686,727,739,741,757,776,789,802,812,948,962
0024_00415	18,20,95,96,134,145,337,421,468,487,491,508,550,612,692,705,727,749,762,768,809,825,829,838,850,948,968
0024_00421	15,20,83,153,207,278,291,323,325,326,390,393,507,508,533,538,562,576,620,626,662,665,701,727,786,898
0024_00423	26,35,85,89,90,139,153,162,214,235,311,326,327,350,351,352,373,442,461,557,590,626,643,719,812,829,855,936,988
0024_00428	15,45,89,96,134,138,145,146,151,153,172,175,191,200,214,229,236,237,270,280,281,297,302,305,317,326,372,380,383,414,421,437,462,479,487,495,505,508,509,515,522,541,550,590,623,645,646,654,662,668,711,720,762,772,778,786,797,812,823,833,896,922,948,966,968,974,983,991,1002
0024_00430	20,50,64,94,153,154,254,312,321,332,382,474,480,481,497,508,530,553,558,626,641,727,752,778,803,850,864,976
0024_00431	20,50,51,64,94,153,172,312,391,441,480,481,508,530,558,626,727,752,778,850,976
0024_00434	1,15,16,25,26,29,57,70,85,89,93,107,134,142,145,146,153,166,197,200,220,245,298,300,311,321,326,330,347,351,367,389,430,442,461,484,493,499,504,508,515,562,581,602,626,645,683,689,719,725,743,746,751,786,809,815,866,904,906,915,936,948,953,968,973,974,979,994
0024_00435	15,20,26,79,89,94,110,165,174,222,252,445,459,470,499,508,570,618,626,677,687,727,772,814,868,948,969
0024_00439	15,17,20,26,41,55,85,89,92,94,101,121,134,137,140,151,183,201,220,222,224,239,260,278,301,302,339,347,353,367,380,421,456,499,508,515,532,542,543,567,578,618,626,640,641,649,652,676,697,712,727,735,755,761,762,767,807,819,848,855,907,929,947,948,951,968,979,1024
0024_00440	7,20,39,72,73,89,105,134,141,153,159,170,182,198,237,261,270,293,304,311,326,327,330,341,346,347,369,392,420,435,459,461,507,508,516,544,550,551,562,580,596,613,620,626,640,660,663,676,702,712,717,719,727,733,734,737,741,757,763,787,791,825,835,850,855,890,894,909,936,947,968,974,994
0024_00442	5,15,20,26,32,40,81,89,129,131,132,134,184,207,220,245,254,260,287,308,309,315,346,347,353,367,381,435,449,461,471,486,492,497,499,508,534,549,580,589,591,618,626,645,646,656,685,692,699,708,709,727,749,762,772,779,824,832,850,866,867,878,930,932,935,936,939,948,950,974,1023
0024_00446	15,26,48,61,73,89,146,153,165,170,171,207,233,240,252,260,266,311,326,327,330,346,347,369,390,399,435,450,461,472,499,512,539,562,566,577,582,593,603,626,651,660,708,719,722,729,759,787,791,802,804,819,850,893,936,948,963,974,985,986,1017,1018
0024_00450	15,26,48,61,73,89,97,153,170,171,207,223,256,266,286,311,326,327,330,346,347,369,435,461,468,472,491,498,499,529,562,577,584,602,624,625,626,660,708,719,722,729,787,791,802,818,819,822,841,850,858,867,874,915,936,948,974,979,986,1017,1018
0024_00455	15,26,49,73,79,89,97,134,153,167,170,185,207,223,245,250,256,260,261,263,282,311,326,327,330,344,346,347,369,435,436,461,491,499,508,540,562,602,614,625,626,660,679,708,719,722,729,752,769,783,787,791,802,826,850,855,858,866,867,915,936,948,973,974,979
0024_00459	15,20,24,26,27,40,56,62,65,89,94,96,123,134,144,145,153,160,178,190,207,231,251,252,270,284,311,347,351,367,371,408,411,415,421,431,477,487,505,508,513,516,524,544,550,569,588,626,642,645,663,669,677,686,724,727,755,773,776,782,786,802,818,819,827,851,859,863,906,913,921,928,935,948,952,968,994
0024_00461	15,42,78,87,105,134,252,302,304,315,325,332,347,437,461,468,515,516,549,553,575,633,642,704,740,744,778,786,850,868,910,948,961,968,970,973,1012,1019
0024_00469	4,60,75,134,151,242,252,278,286,304,324,332,347,418,446,508,514,515,525,536,549,570,627,705,778,796,837,850,881,948,968,980
0024_00473	13,15,20,56,62,65,89,93,94,96,107,134,145,153,175,178,190,207,231,237,270,284,307,311,367,371,389,397,415,421,477,487,502,508,513,516,523,524,540,550,588,626,645,655,677,686,727,772,776,786,802,807,814,827,851,893,921,935,948,968,1008
0024_00474	13,20,42,89,102,119,134,153,192,220,227,239,245,248,260,261,274,287,317,319,326,347,352,400,403,419,432,452,455,461,507,508,515,534,544,566,568,571,585,625,642,647,649,656,657,664,671,681,717,724,740,744,748,757,760,762,763,767,774,794,796,800,801,827,850,872,912,948,968,997,1020
0024_00477	15,19,20,24,34,56,57,65,89,104,126,134,139,153,159,167,168,172,173,177,194,212,240,257,269,300,316,319,340,341,347,351,359,364,382,387,405,422,432,436,442,460,461,465,467,475,479,481,486,492,508,509,524,525,555,558,566,569,580,588,599,603,625,626,629,633,653,655,657,678,680,687,690,692,706,707,719,723,727,728,733,755,757,763,764,783,793,808,838,842,847,860,861,887,900,936,954,960,966,968,974,975,980,990,997
0024_00481	2,15,20,26,45,55,62,89,110,134,140,153,158,167,192,211,212,220,222,243,246,317,347,348,356,396,406,410,461,477,499,508,544,566,621,622,626,634,643,659,702,719,727,762,767,774,795,851,860,880,883,886,919,936,948,959,968,974,982,989,1009,1022
0024_00483	10,15,41,73,79,89,92,134,153,170,240,260,267,292,311,326,327,330,346,347,369,370,371,420,435,441,461,562,604,626,629,630,651,659,660,690,719,733,745,787,791,799,804,811,835,836,850,882,886,909,917,936,964,974,981,1007
0024_00484	1,15,20,26,40,57,61,81,89,131,132,134,182,184,207,220,245,260,308,315,317,347,353,367,369,449,461,471,486,497,499,501,508,534,548,557,571,580,586,626,646,656,669,692,703,709,727,749,762,772,779,836,850,859,913,917,930,932,934,935,936,948,1022
0024_00485	8,20,52,62,89,94,96,116,130,134,145,153,170,207,261,270,292,311,347,363,398,421,424,425,431,435,461,487,500,508,516,517,549,550,559,562,582,588,606,626,635,677,680,711,719,721,727,739,749,754,755,762,790,821,840,872,908,912,917,936,948,949,968,970,974,981,995,999,1006
0024_00489	15,19,20,89,97,134,153,184,214,244,245,247,319,354,387,395,405,461,508,522,524,532,548,576,636,686,701,711,763,780,896,906,908,925,947,948,955,959,968,986,994,1012
0024_00498	20,62,64,76,153,154,163,173,233,280,283,326,419,420,530,556,626,665,666,692,755,757,762,778,783,798,826,850,868,948,994
0024_00499	62,64,101,137,153,154,207,231,283,312,326,348,411,422,481,572,626,660,666,724,729,742,749,778,802,826,832,850,931,948,994,1014
0024_00501	50,60,62,64,153,154,258,283,312,347,361,481,533,549,556,599,610,662,664,755,778,781,814,826,850,916,948,994
0024_00503	50,62,64,134,153,154,283,289,298,312,326,361,481,495,556,599,626,662,743,755,778,781,826,850,864,948,994
0024_00506	20,52,62,96,103,134,141,145,153,196,205,207,261,270,292,311,347,376,397,421,481,487,508,516,549,550,588,606,669,702,727,820,821,840,912,917,948,949,968,981
0024_00507	13,15,20,61,89,135,138,153,175,194,237,291,298,371,387,397,415,508,524,636,645,692,727,772,809,814,851,892,929,1004,1018
0024_00515	13,15,20,32,79,89,94,128,153,155,233,237,270,347,411,443,445,480,496,508,516,626,662,727,772,855,871,924,927
0024_00518	20,94,107,141,207,228,242,370,390,436,481,500,508,516,626,657,686,705,715,727,739,768,770,802,876,879,917,948
0024_00520	20,94,97,107,141,153,200,207,217,231,247,270,283,313,360,390,419,481,488,495,508,516,626,655,727,776,785,789,802,909,917,948
0024_00524	20,56,64,84,94,96,107,112,134,141,145,153,156,207,228,238,242,254,272,331,372,383,389,407,474,479,481,487,503,508,516,550,603,626,654,655,662,714,727,739,762,778,786,797,802,812,877,881,893,896,907,917,927,948,950,968,989,994
0024_00528	10,20,25,48,49,64,109,153,207,215,219,227,270,277,312,315,324,369,458,508,514,516,551,555,574,575,586,689,706,727,802,817,838,850,948,953,980,988,992,993,1019
0024_00531	7,20,37,77,89,94,134,149,153,178,181,195,204,220,227,247,260,270,281,300,320,335,347,356,461,481,493,508,533,550,557,562,626,667,677,719,727,749,779,786,799,812,817,865,876,913,927,936,968,974
0024_00532	7,20,87,89,96,134,153,186,248,272,347,368,372,383,388,389,437,459,467,479,487,503,508,516,522,550,562,603,626,640,654,662,684,691,714,719,727,746,762,777,778,786,797,812,876,893,896,906,936,962,968,972
0024_00534	13,15,18,20,34,49,89,116,118,134,138,153,207,213,248,260,269,299,311,347,376,400,420,461,471,493,508,511,535,544,556,563,594,612,613,625,634,640,654,656,669,725,727,758,762,772,802,829,855,885,886,913,948,950,964,968,989,1016
0024_00545	13,15,20,55,89,94,134,141,153,175,190,207,237,307,367,371,397,415,427,457,480,481,508,511,523,524,540,626,645,677,682,727,743,748,772,776,814,844
0024_00546	13,15,20,55,89,94,134,141,153,175,190,207,237,307,367,371,397,415,427,457,480,481,508,511,523,524,540,626,645,677,682,727,743,748,772,776,814,844
0024_00550	20,67,96,129,134,145,164,300,304,421,487,491,508,514,522,550,551,623,727,741,762,811,825,829,850,867,881,948,968,992,1010
0024_00555	1,15,20,52,56,89,93,94,134,146,153,160,175,186,188,190,196,202,207,224,226,231,236,243,259,260,261,282,341,359,376,381,384,398,400,401,413,415,426,461,481,484,487,498,508,516,520,521,524,540,550,565,566,626,636,642,654,659,662,677,698,699,704,716,727,744,756,769,772,776,778,781,786,813,828,831,832,833,844,854,855,873,879,890,915,930,940,948,954,960,964,968,984
