id	bits.on
0005_00001	10,11,12,19,20,21,179,180,185,186,187,193,256,258,284,285,287,309,333,334,340,342,345,347,353,356,357,367,371,372,382,383,385,406,407,417,431,435,442,447,471,477,491,499,521,525,542,543,545,549,553,557,565,566,568,571,572,574,575,576,579,583,585,590,591,595,596,600,604,605,607,609,615,618,619,620,621,627,632,633,635,638,640,641,642,652,654,656,661,663,664,665,667,668,669,678,679,680,681,682,689,690,691,697,698,699,700,701,702,709,710,711,715,736,741,757,762,778,799,804,820,825
0005_00002	10,11,12,15,16,284,285,286,300,333,345,346,352,366,394,529,583,593,644,680,684,689,697
0005_00003	10,11,12,15,144,146,147,179,180,256,257,258,284,285,286,300,333,334,341,345,346,352,356,357,358,359,366,371,372,373,374,377,378,385,386,387,388,391,393,394,397,400,401,404,417,419,431,432,435,436,438,442,443,446,447,448,450,454,465,471,473,483,491,492,496,503,507,517,521,522,524,525,528,529,531,539,540,541,546,547,550,553,556,557,565,571,577,578,579,583,585,586,593,596,600,601,604,608,609,614,619,629,634,635,641,644,657,658,661,665,666,669,678,679,680,684,689,697,709,710,711,759,822
0005_00004	10,11,12,15,19,20,144,146,147,179,180,256,257,258,284,285,286,287,309,333,334,341,345,346,352,353,356,357,358,359,366,371,372,373,374,377,378,381,385,386,387,388,391,392,397,398,404,407,417,419,421,431,432,435,436,438,441,442,443,444,446,447,448,450,453,454,465,471,473,483,491,492,496,503,507,517,521,522,524,525,531,537,539,540,541,546,547,550,553,556,557,565,567,571,577,578,579,583,585,586,593,596,600,601,603,604,608,609,614,619,629,634,635,641,657,658,660,661,665,666,669,678,679,680,684,689,697,709,710,711,759,822
0005_00006	10,11,12,15,16,19,20,144,146,147,179,180,256,257,258,284,285,286,287,300,309,333,334,339,341,345,346,352,353,356,357,358,359,366,371,372,373,374,375,377,378,381,385,386,387,388,391,392,394,397,398,404,407,417,419,421,431,432,435,436,438,441,442,443,444,446,447,448,450,453,454,465,471,473,483,491,492,496,503,507,517,521,522,524,525,529,531,536,537,539,540,541,546,547,550,553,556,557,565,567,571,577,578,579,580,583,585,586,593,596,600,601,604,608,609,614,618,619,629,634,635,638,641,644,657,658,661,665,666,669,678,679,680,681,684,685,689,690,692,693,696,697,698,699,700,703,705,709,710,711,713,759,822
0005_00007	10,11,15,19,20,21,284,285,286,287,300,309,333,339,341,345,346,352,353,366,381,394,407,421,441,444,453,529,536,537,567,580,583,593,618,638,644,680,681,684,685,690,692,693,696,704,708
0005_00008	10,11,15,19,20,179,180,256,284,285,286,287,300,309,333,334,341,345,352,353,356,357,371,372,377,378,381,385,394,407,417,421,431,435,438,441,442,444,447,450,453,465,471,491,494,503,517,521,525,536,546,547,549,550,553,554,557,565,571,574,575,579,580,583,585,593,596,598,600,601,604,608,609,618,619,620,624,634,635,638,641,642,644,656,661,665,666,668,669,672,673,678,679,680,681,683,684,685,686,689,690,693,699,705,709,710,711,738,801
0005_00009	10,11,12,15,16,17,19,20,21,31,144,146,147,151,154,179,181,182,256,257,258,259,284,285,286,287,300,309,315,333,340,341,342,345,346,347,352,353,356,358,359,360,366,367,374,376,377,378,379,380,385,387,388,389,390,391,392,394,397,398,404,406,407,408,412,417,419,426,432,438,439,442,443,448,450,451,454,457,465,473,483,485,486,488,492,496,500,505,507,520,522,524,531,539,541,546,548,550,556,561,567,568,570,572,573,583,586,593,594,597,602,612,613,614,615,618,622,629,637,638,639,640,655,657,658,660,663,664,675,681,682,683,684,691,692,703
0005_00010	10,11,15,16,19,20,284,285,286,287,300,309,333,345,346,352,353,366,376,381,391,394,407,419,421,441,444,451,453,454,488,536,580,593,618,638,683,686
0005_00011	10,11,19,20,179,180,256,284,285,287,309,333,334,342,345,353,356,357,371,372,381,382,383,385,407,417,421,431,435,441,442,444,447,453,471,491,494,499,517,521,525,536,542,543,549,553,554,557,565,571,574,575,579,580,583,585,591,596,598,600,604,607,609,618,619,620,624,635,638,641,642,652,656,661,665,668,669,672,673,678,679,680,681,685,689,690,691,693,694,699,702,705,706,709,710,711,715,778
0005_00012	10,11,12,15,16,17,19,20,34,144,146,147,151,154,179,181,182,256,257,258,259,284,285,286,287,294,300,309,333,340,341,342,345,346,347,350,352,353,354,356,358,359,360,366,367,369,374,375,376,377,378,379,380,385,387,388,389,390,391,392,394,397,398,404,406,407,413,417,419,432,438,439,442,443,448,450,451,454,465,473,483,485,486,488,492,496,500,505,507,508,520,522,524,531,539,541,546,548,550,556,561,567,568,570,572,573,583,586,587,593,594,597,602,612,613,614,615,618,622,629,637,638,639,640,655,657,658,660,663,664,675,681,683,684
0005_00013	10,11,12,15,19,179,180,181,182,186,256,257,258,284,285,286,287,333,334,341,342,345,346,352,353,356,357,358,359,366,367,371,372,373,374,375,377,378,382,383,385,386,387,388,391,397,404,406,417,419,431,432,435,436,438,442,443,446,447,448,450,454,465,471,473,477,483,491,492,496,499,503,507,517,521,522,524,525,531,539,540,541,542,543,546,547,549,550,553,556,557,565,566,571,574,575,577,578,579,583,585,586,590,593,595,596,600,601,604,605,607,608,609,614,619,620,627,629,634,635,638,641,642,652,656,657,658,661,665,666,667,669,678,679,680,681,683,684,689,690,697,699,700,709,710,711,722,736,759,785,799,822
0005_00014	10,11,12,15,16,17,19,20,21,144,146,147,151,154,179,181,182,256,257,258,259,284,285,286,287,300,309,333,340,341,342,345,346,347,352,353,356,358,359,360,366,367,374,375,376,377,378,379,380,382,385,387,388,389,390,391,392,393,394,397,398,400,401,404,406,407,417,419,421,432,438,439,440,442,443,444,448,450,451,452,454,465,473,483,485,486,488,489,492,494,495,496,500,505,507,520,522,524,528,531,536,537,539,541,546,548,550,554,556,561,567,568,570,572,573,581,583,586,593,594,597,602,603,612,613,614,615,618,622,625,629,637,638,639,640,648,655,657,658,660,663,664,674,675,681,682,683,684,691,692,703
0005_00015	10,11,12,15,16,17,19,20,21,144,146,147,151,154,179,181,182,256,257,258,259,284,285,286,287,300,309,333,334,340,341,342,345,346,347,352,353,356,358,359,360,366,367,374,375,376,377,378,379,380,385,387,388,389,390,391,392,393,394,397,398,404,406,407,417,419,431,432,435,438,439,442,443,447,448,450,451,454,465,473,483,485,486,488,492,496,500,505,507,520,522,524,525,529,531,539,541,546,548,550,556,561,567,568,570,572,573,574,583,586,593,594,597,600,602,612,613,614,615,618,620,622,629,637,638,639,640,644,655,657,658,660,663,664,668,675,681,682,683,684,691,692,703
0005_00016	10,11,15,16,17,19,20,144,146,147,284,285,286,287,300,345,346,352,353,366,376,391,393,394,421,440,444,452,529,537,541,561,570,603,612,637,644,646,647,648,651,655
0005_00017	10,11,12,19,20,21,179,180,182,186,187,193,256,257,258,260,284,285,287,309,333,334,342,345,353,356,357,371,372,382,383,385,386,406,407,410,417,421,431,433,435,442,444,447,471,477,491,494,499,517,521,525,536,542,543,549,553,554,557,565,566,571,574,575,576,579,580,582,583,585,589,590,591,595,596,598,600,604,605,607,609,615,618,619,620,621,624,626,627,633,635,638,640,641,642,643,652,654,656,661,665,667,668,669,672,673,678,679,680,681,685,689,690,691,693,694,697,698,699,701,702,705,706,709,710,711,715,741,757,778,804,820
0005_00018	10,11,12,15,16,19,20,34,144,146,147,151,154,284,285,286,287,294,300,309,333,339,341,345,346,350,352,353,354,366,369,376,381,391,393,394,407,413,421,441,444,452,453,508,529,536,541,561,570,580,583,587,593,612,614,618,637,638,644,646,647,655,659,680,681,684,685,689,690,693,697,699,705
0005_00019	10,11,15,16,19,20,284,285,286,287,300,309,333,339,341,345,346,352,353,366,376,381,391,393,394,407,421,441,444,452,453,529,536,537,541,561,567,580,583,593,614,618,638,644,646,647,655,681,684,685,692,696,703
0005_00020	10,11,15,16,19,20,21,34,284,285,286,287,294,300,309,333,339,341,345,346,350,352,353,354,366,369,381,394,407,413,421,441,444,453,508,529,536,537,567,580,587,618,638,644,659
0005_00021	10,11,12,15,16,19,20,21,144,147,179,181,182,256,257,284,285,286,287,300,309,333,340,342,345,346,347,352,353,356,359,366,367,371,372,373,374,376,377,379,380,385,388,390,391,392,394,397,398,404,406,407,417,419,421,435,436,439,442,443,446,447,448,450,451,452,454,465,473,483,485,488,492,496,503,505,507,517,520,522,524,531,539,540,541,546,547,550,556,561,567,568,572,573,577,583,586,593,594,597,602,613,614,615,618,622,629,637,638,639,640,644,646,647,648,655,657,658,660,663,664,675,681,682,683,684,691,692,703
0005_00022	10,11,15,16,19,179,181,182,256,257,284,285,286,287,300,333,345,346,352,356,359,366,371,372,373,374,376,377,379,380,385,388,390,391,393,394,397,400,401,404,417,419,421,435,436,439,442,443,446,447,448,450,451,452,454,465,473,483,485,488,489,492,496,503,505,507,517,520,522,524,528,531,539,540,541,546,547,550,556,561,573,577,586,594,597,602,614,622,629,637,644,646,647,648,655,658,675
0005_00023	10,11,19,20,21,284,285,287,309,333,340,342,345,347,353,367,407,568,572,583,618,638,640,664,681,682,691
0005_00024	10,11,12,19,20,144,145,147,151,214,215,284,285,287,333,334,336,340,342,345,347,353,367,381,406,417,421,431,441,442,444,447,453,491,536,554,557,574,580,583,595,600,615,638,641,642,667,673,680,681,685,687,689,690,693,697,698,699,700,705,709,710,711,713,861
0005_00025	10,11,15,16,19,20,179,184,185,284,285,286,287,300,309,333,339,341,345,346,352,353,366,375,376,381,391,393,394,407,419,421,439,441,443,444,451,453,454,488,520,529,536,537,540,541,567,580,593,594,597,603,614,618,638,644,657,660,683,686
0005_00026	10,11,12,19,20,21,179,180,182,186,256,257,258,284,285,287,309,333,334,342,345,353,356,357,371,372,381,382,383,385,386,406,407,410,417,421,431,433,435,441,442,444,447,453,471,477,491,494,499,517,521,525,536,542,543,545,549,553,554,557,565,566,568,571,574,575,576,579,580,582,583,585,590,591,595,596,598,600,604,605,607,609,615,618,619,620,621,623,624,626,627,632,633,635,638,640,641,642,643,652,654,656,661,664,665,667,668,669,672,673,678,679,680,681,682,685,687,689,690,691,693,694,695,697,699,700,701,702,705,706,707,709,710,711,715,720,736,741,757,762,778,783,799,804,820,825
0005_00027	10,11,12,19,20,21,22,179,180,182,186,189,193,256,257,258,284,285,287,309,333,334,340,342,345,347,348,353,356,357,367,368,371,372,381,382,383,385,386,406,407,410,417,421,431,433,435,441,442,444,447,453,471,477,491,494,499,517,521,525,536,542,543,545,549,553,554,557,564,565,566,568,571,572,574,575,576,579,580,582,583,585,590,591,595,596,598,600,604,605,607,609,611,615,618,619,620,621,623,624,626,627,631,632,633,635,638,640,641,642,643,652,654,656,661,662,663,664,665,667,668,669,672,673,678,679,680,681,682,685,687,689,690,691,693,694,695,697,699,700,701,702,705,706,707,709,710,711,715,720,736,741,757,762,778,783,799,804,820,825
0005_00028	10,11,15,19,20,284,285,286,287,345,346,352,353,366,375,381,391,392,421,441,444,453,537,541,567,603,660
0005_00029	10,11,15,16,17,19,144,146,147,179,181,182,256,257,258,259,284,285,286,287,300,333,341,352,353,356,358,359,360,366,374,376,377,378,379,380,382,385,387,388,389,390,391,393,394,397,400,401,404,417,419,421,432,438,439,440,442,443,444,448,450,451,452,454,465,473,483,485,486,488,489,492,494,495,496,500,505,507,520,522,524,528,529,531,536,537,539,541,546,548,550,554,556,561,570,573,581,586,594,597,602,603,612,614,622,625,629,637,648,655,658,674,675
0005_00030	10,11,12,19,20,21,179,180,182,186,187,193,256,257,258,260,284,285,287,309,333,334,342,345,353,356,357,371,372,382,383,385,386,406,407,410,417,421,431,433,435,442,444,447,463,471,477,491,494,499,517,521,525,536,538,542,543,545,549,553,554,557,565,566,568,571,574,575,576,579,580,582,583,585,589,590,591,595,596,598,600,604,605,607,609,615,618,619,620,621,624,626,627,631,632,633,635,638,640,641,642,643,652,654,656,661,663,664,665,667,668,669,672,673,678,679,680,681,682,685,687,689,690,691,693,694,697,698,699,701,702,705,706,709,710,711,715,741,757,778,804,820
0005_00031	10,11,15,16,19,20,284,285,286,287,300,333,339,341,345,346,352,353,366,375,381,391,393,394,421,440,441,444,452,453,529,536,537,541,567,570,603,612,614,644,646,647,657,660
0005_00032	10,11,15,16,19,20,284,285,286,287,300,309,333,339,341,345,346,352,353,366,381,394,407,421,441,444,453,529,536,537,567,580,583,593,618,638,644,680,681,684,685,690,693
0005_00033	10,11,15,16,19,20,34,284,285,286,287,294,300,309,333,339,341,345,346,350,352,353,354,366,369,381,394,407,413,421,441,444,453,508,529,536,537,567,587,618,644,659
0005_00034	10,11,12,19,20,144,145,284,285,287,333,334,336,342,345,353,367,375,381,406,417,421,433,435,441,442,444,447,453,491,517,525,536,557,580,583,600,638,641,661,679,680,681,685,689,690,693,694,695,697,699,705,707,709,710,711,713,861
0005_00035	10,11,15,16,19,179,181,182,256,257,284,285,286,287,300,333,334,345,346,352,353,356,357,359,366,371,372,373,374,377,385,388,391,394,397,404,417,419,421,431,435,436,440,442,443,444,446,447,448,450,452,454,465,471,473,483,491,492,494,496,503,507,517,521,522,524,525,531,536,539,540,541,546,547,550,553,554,556,557,565,571,577,578,579,580,581,583,585,586,593,594,596,598,600,601,604,608,609,614,619,624,625,629,634,635,641,657,658,661,665,666,669,672,673,674,678,679,684,685,696,709,710
0005_00036	10,11,15,19,20,179,181,182,256,257,284,285,286,287,333,334,345,346,352,353,356,357,359,366,371,372,373,374,375,377,381,385,388,391,392,397,398,404,417,419,421,431,435,436,441,442,443,444,446,447,448,450,453,454,465,471,473,483,491,492,494,496,503,507,517,521,522,524,525,531,536,539,540,541,546,547,549,550,553,554,556,557,565,571,574,575,577,578,579,580,581,583,585,586,593,596,598,600,601,604,608,609,614,619,620,624,625,629,634,635,638,639,641,642,656,657,658,661,665,666,669,672,673,674,678,679,681,684,685,692,696,703,709,710
0005_00037	10,11,15,19,20,144,146,147,284,285,286,287,300,309,333,339,341,345,346,352,353,366,381,391,393,394,407,421,441,444,453,529,536,537,541,567,580,583,593,603,614,618,638,644,657,660,681,684,685,692,696
0005_00038	10,11,12,19,20,21,179,180,182,186,187,193,256,257,258,260,284,285,287,309,333,334,342,345,353,356,357,371,372,382,383,385,386,406,407,410,417,421,431,433,435,442,444,447,463,471,477,491,494,499,517,521,525,536,538,542,543,545,549,553,554,557,565,566,568,571,574,575,576,579,580,582,583,585,589,590,591,595,596,598,600,604,605,607,609,615,618,619,620,621,624,626,627,631,632,633,635,638,640,641,642,643,652,654,656,661,663,664,665,667,668,669,672,673,678,679,680,681,682,685,687,689,690,691,693,694,697,698,699,700,701,702,705,706,709,710,711,715,736,741,757,762,778,799,804,820,825
0005_00039	10,11,12,15,19,179,180,181,182,186,256,257,258,284,285,286,287,309,333,334,341,342,345,346,352,353,356,357,358,359,366,371,372,373,374,377,378,382,383,385,386,387,388,391,397,404,407,417,419,431,432,435,436,438,442,443,446,447,448,450,454,462,465,471,473,483,491,492,496,498,499,503,507,517,521,522,524,525,531,539,540,541,542,543,544,546,547,549,550,553,556,557,565,567,571,574,575,577,578,579,583,585,586,588,591,593,596,600,601,604,607,608,609,614,618,619,620,629,634,635,638,641,642,652,656,657,658,660,661,665,666,668,669,678,679,680,681,684,689,690,697,699,700,709,710,711,736,759,764,799,822,827
0005_00040	10,11,12,15,16,17,19,144,146,147,179,181,182,256,257,258,259,284,285,286,287,300,309,333,334,341,345,346,347,352,353,356,358,359,360,366,367,374,375,376,377,378,379,380,385,387,388,389,390,391,393,394,397,400,401,404,407,417,419,431,432,435,438,439,442,443,447,448,450,451,454,465,473,483,485,486,488,489,492,496,500,505,507,520,522,524,525,528,529,531,539,541,546,548,550,556,561,570,572,573,574,586,594,597,600,602,612,614,618,620,622,629,637,644,655,657,658,668,675
0005_00041	10,11,12,15,16,19,20,21,144,147,179,181,182,256,257,284,285,286,287,300,309,333,340,342,345,346,347,352,353,356,359,366,367,371,372,373,374,376,377,380,382,385,388,390,391,392,393,394,397,398,400,401,404,406,407,417,419,421,435,436,440,442,443,444,446,447,448,450,451,452,454,465,473,483,485,488,489,492,494,496,503,505,507,517,520,522,524,528,531,536,539,540,541,546,547,550,554,556,561,567,568,572,573,577,581,583,586,593,594,597,602,613,614,615,618,622,625,629,637,638,639,640,644,646,647,648,651,655,657,658,660,663,664,673,674,675,681,682,683,684,691,692,703
0005_00042	10,11,12,19,20,21,179,180,185,186,187,193,256,258,284,285,287,309,333,334,340,342,345,347,353,356,357,367,371,372,382,383,385,406,407,417,431,435,442,447,471,477,491,499,521,525,542,543,545,549,553,557,565,566,568,571,572,574,575,576,579,583,585,590,591,595,596,600,604,605,607,609,615,618,619,620,621,627,632,633,635,638,640,641,642,652,654,656,661,663,664,665,667,668,669,678,679,680,681,682,689,690,691,697,698,699,700,701,702,709,710,711,715,736,741,757,762,778,799,804,820,825
0005_00043	10,11,12,19,20,38,179,180,256,284,285,287,295,309,333,334,342,343,345,347,353,356,357,363,367,371,372,375,381,382,383,385,406,407,417,421,431,435,441,442,444,447,453,463,471,477,491,499,502,504,517,521,525,538,542,543,549,551,553,557,565,566,568,571,574,575,579,583,585,590,592,595,596,599,600,604,605,606,607,609,615,619,620,621,627,633,635,638,641,642,652,656,661,663,664,665,667,669,678,679,680,681,689,690,699,709,710,711,723,739,757,786,802,820
0005_00044	10,11,12,13,19,20,284,285,287,309,333,340,342,345,347,353,367,375,381,407,421,441,444,453,463,536,538,568,572,580,583,618,638,664,680,681,685,689,690,693,697,699,705
0005_00045	10,11,12,15,16,17,19,20,21,31,144,146,147,151,154,179,181,182,256,257,258,259,284,285,286,287,300,309,315,333,340,341,342,345,346,347,352,353,356,358,359,360,366,367,374,376,377,378,379,380,385,387,388,389,390,391,392,394,397,398,404,406,407,408,412,417,419,426,432,438,439,442,443,448,450,451,454,457,465,473,483,485,486,488,492,496,500,505,507,520,522,524,531,539,541,546,548,550,556,561,567,568,570,572,573,583,586,593,594,597,602,612,613,614,615,618,622,629,637,638,639,640,655,657,658,660,663,664,675,681,682,683,684,691,692,703
0005_00046	10,11,12,19,20,179,180,256,284,285,287,309,333,334,342,345,353,356,357,371,372,381,382,383,385,407,417,421,431,435,441,442,444,447,453,471,491,499,517,521,525,542,543,549,553,554,557,565,571,574,575,579,583,585,591,596,600,604,607,609,618,619,620,635,638,641,642,652,656,661,665,668,669,672,673,678,679,680,681,689,690,700,709,710,711,736,799
0005_00047	10,11,19,20,179,180,256,284,285,287,309,333,334,342,345,353,356,357,371,372,381,382,383,385,407,417,421,431,435,441,442,444,447,453,471,491,494,499,517,521,525,536,542,543,549,553,554,557,565,571,574,575,579,580,583,585,591,596,598,600,604,607,609,618,619,620,624,635,638,641,642,652,656,661,665,668,669,672,673,678,679,680,681,682,685,687,689,690,693,699,700,705,709,710,711,736,799
0005_00048	10,11,19,20,284,285,287,309,333,334,336,342,345,353,375,381,407,421,433,441,444,453,463,536,538,580,583,618,638,681,685,709,711
0005_00049	10,11,15,16,19,20,284,285,286,287,300,309,333,345,346,352,353,366,376,381,391,394,407,419,421,441,444,451,453,454,488,536,580,593,618,638,683,686
0005_00050	10,11,19,20,179,180,256,284,285,287,309,333,334,342,345,347,353,356,357,367,371,372,382,383,385,407,417,421,431,435,437,442,444,447,449,471,491,494,499,517,521,525,536,542,543,549,553,554,557,565,571,574,575,579,580,583,585,591,596,598,600,604,607,609,618,619,620,624,635,638,641,642,652,656,661,665,668,669,672,673,678,679,680,681,685,689,690,693,694,705,706,709,710,711,715,778
0005_00051	10,11,19,20,179,180,256,284,285,287,309,333,334,342,345,353,356,357,371,372,381,382,383,385,407,417,421,431,435,441,442,444,447,453,471,491,494,499,517,521,525,536,542,543,549,553,554,557,565,571,574,575,579,580,583,585,591,596,598,600,604,607,609,618,619,620,624,635,638,641,642,652,656,661,665,668,669,672,673,678,679,680,681,685,689,690,691,693,694,699,702,705,706,709,710,711,715,778
0005_00052	10,11,19,20,284,285,287,309,333,334,336,342,345,353,375,381,407,421,433,441,444,453,463,536,538,580,583,618,638,681,685,709,710
0005_00053	10,11,19,20,21,284,285,287,309,333,345,353,381,407,421,441,444,453,536,580,583,618,638,680,681,685,690,693
0005_00054	10,11,12,15,16,19,20,34,144,146,147,151,154,284,285,286,287,294,300,309,333,339,341,345,346,350,352,353,354,366,369,376,381,391,393,394,407,413,421,441,444,452,453,508,529,536,541,561,570,580,583,587,593,612,614,618,637,638,644,646,647,655,659,680,681,684,685,689,690,693,697,699,705
0005_00055	10,11,19,20,21,284,285,287,309,333,334,338,342,345,353,375,381,407,421,441,444,453,463,536,538,568,580,582,618,638,640,643,664,682,687,688,709
0005_00056	10,11,15,16,19,20,21,34,284,285,286,287,294,300,309,333,339,341,345,346,350,352,353,354,366,369,381,394,407,413,421,441,444,453,508,529,536,537,567,580,587,618,638,644,659
0005_00057	10,11,12,15,16,19,20,21,144,147,179,181,182,256,257,284,285,286,287,300,309,333,340,342,345,346,347,352,353,356,359,366,367,371,372,373,374,376,377,379,380,385,388,390,391,392,394,397,398,404,406,407,417,419,421,435,436,439,442,443,446,447,448,450,451,452,454,465,473,483,485,488,492,496,503,505,507,517,520,522,524,531,539,540,541,546,547,550,556,561,567,568,572,573,577,583,586,593,594,597,602,613,614,615,618,622,629,637,638,639,640,644,646,647,648,655,657,658,660,663,664,675,681,682,683,684,691,692,703
0005_00058	10,11,19,20,21,284,285,287,309,333,340,342,345,347,353,367,407,421,437,444,449,463,536,538,568,572,580,582,583,618,638,640,643,664,680,681,682,685,687,690,691,693,694,702,706
0005_00059	10,11,19,20,21,284,285,287,309,333,340,342,345,347,353,367,407,568,572,583,618,638,640,664,681,682,691
0005_00060	10,11,19,20,21,22,31,284,285,287,309,315,333,340,342,345,347,353,367,407,408,412,421,426,433,444,457,463,536,538,568,572,580,582,583,618,638,640,643,664,680,681,682,685,687,690,691,694,702
0005_00061	10,11,15,16,19,20,179,184,185,284,285,286,287,300,309,333,339,341,345,346,352,353,366,375,376,381,391,393,394,407,419,421,439,441,443,444,451,453,454,488,520,529,536,537,540,541,567,580,593,594,597,603,614,618,638,644,657,660,683,686
0005_00062	10,11,12,19,20,21,179,180,183,186,187,193,256,258,284,285,287,309,333,334,342,345,353,356,357,371,372,375,382,383,385,407,417,421,431,433,435,442,444,447,471,491,494,499,521,525,536,542,543,549,553,554,557,565,571,574,575,576,579,580,582,583,585,591,596,598,600,604,607,609,618,619,620,624,626,635,638,640,641,642,643,652,654,656,661,665,668,669,672,673,678,679,680,681,685,687,688,689,690,691,693,694,697,698,699,700,702,705,706,709,710,711,713,714,715,735,736,741,756,757,777,778,798,799,804,819,820
0005_00063	10,11,12,19,20,21,179,180,182,186,256,257,258,284,285,287,309,333,334,342,345,353,356,357,371,372,381,382,383,385,386,406,407,410,417,421,431,433,435,441,442,444,447,453,471,477,491,494,499,517,521,525,536,542,543,545,549,553,554,557,565,566,568,571,574,575,576,579,580,582,583,585,590,591,595,596,598,600,604,605,607,609,615,618,619,620,621,623,624,626,627,632,633,635,638,640,641,642,643,652,654,656,661,664,665,667,668,669,672,673,678,679,680,681,682,685,687,689,690,691,693,694,695,697,699,700,701,702,705,706,707,709,710,711,715,720,736,741,757,762,778,783,799,804,820,825
0005_00064	10,11,12,19,20,21,22,179,182,186,189,284,285,287,309,333,340,342,345,347,348,353,367,368,381,406,407,564,568,572,583,611,615,618,638,640,662,663,664,680,681,682,690,691,701,702
0005_00065	10,11,15,16,17,19,144,146,147,179,181,182,256,257,258,259,284,285,286,287,300,333,341,352,353,356,358,359,360,366,374,376,377,378,379,380,382,385,387,388,389,390,391,393,394,397,400,401,404,417,419,421,432,438,439,440,442,443,444,448,450,451,452,454,465,473,483,485,486,488,489,492,494,495,496,500,505,507,520,522,524,528,529,531,536,537,539,541,546,548,550,554,556,561,570,573,581,586,594,597,602,603,612,614,622,625,629,637,648,655,658,674,675
0005_00066	10,11,15,16,19,20,284,285,286,287,300,333,339,341,345,346,352,353,366,375,381,391,393,394,421,440,441,444,452,453,529,536,537,541,567,570,603,612,614,644,646,647,657,660
0005_00067	10,11,12,15,16,19,20,21,144,147,179,181,182,256,257,284,285,286,287,300,309,333,340,342,345,346,347,352,353,356,359,366,367,371,372,373,374,376,377,380,382,385,388,390,391,392,393,394,397,398,400,401,404,406,407,417,419,421,435,436,440,442,443,444,446,447,448,450,451,452,454,465,473,483,485,488,489,492,494,496,503,505,507,517,520,522,524,528,531,536,539,540,541,546,547,550,554,556,561,567,568,572,573,577,581,583,586,593,594,597,602,613,614,615,618,622,625,629,637,638,639,640,644,646,647,648,651,655,657,658,660,663,664,673,674,675,681,682,683,684,691,692,703
0005_00068	10,11,12,19,20,21,179,180,256,284,285,287,309,333,334,342,345,353,356,357,367,371,372,375,381,382,383,385,406,407,417,421,431,435,441,442,444,447,453,471,477,491,494,499,517,521,525,536,542,543,545,549,553,554,557,565,566,568,571,574,575,579,580,583,585,590,591,595,596,598,600,604,605,607,609,618,619,620,624,627,631,632,635,638,641,642,652,656,661,663,664,665,667,668,669,672,673,678,679,680,681,682,685,687,689,690,691,693,694,699,700,702,705,706,709,710,711,715,736,762,778,799,825
0005_00069	10,11,12,19,20,179,180,256,284,285,287,309,333,334,342,345,347,353,356,357,367,371,372,375,382,383,385,406,407,417,421,431,435,437,442,444,447,449,471,477,491,494,499,517,521,525,536,542,543,545,549,553,554,557,565,566,568,571,574,575,579,580,583,585,590,591,595,596,598,600,604,605,607,609,618,619,620,624,627,631,632,635,638,641,642,652,656,661,663,664,665,667,668,669,672,673,678,679,680,681,685,687,689,690,693,694,700,705,706,709,710,711,715,736,762,778,799,825
