id	bits.on
0260_00011	29,48,74,76,85,86,89,92,93,97,99,102,106,110,112,117,122,124,126,130,136,140,141,146,148,149,152,154,156,157,158,159,160,161,164
0260_00026	29,48,76,89,92,93,97,99,102,106,110,112,117,124,126,130,136,140,141,146,148,149,151,152,154,156,157,158,159,160,161,164
0260_00052	74,77,78,85,86,87,93,103,107,119,122,133,134,135,141,142,144,148,149,150,156,158,160,161,162,163,165
0260_00060	93,105,113,123,125,126,127,139,143,145,146,149,152,154,157,159,160,162,163,164,165
0260_00062	24,65,71,78,87,93,94,98,102,103,107,108,111,119,121,124,125,126,134,137,142,144,145,150,155,156,157,160,161,162,163,164,165
0260_00063	29,48,76,87,99,102,103,106,107,109,112,114,124,126,128,130,134,138,140,144,146,148,149,150,152,153,155,157,159,160,162,163,164,165
0260_00068	23,72,82,92,95,100,106,108,110,114,117,123,126,131,133,135,136,142,146,149,151,152,153,154,155,156,157,158,159,160,161,162,163,164,165
0260_00075	29,48,76,85,86,89,92,93,97,99,100,102,103,106,107,110,112,114,116,117,122,124,126,130,134,136,138,140,141,146,148,149,152,153,154,155,156,157,158,159,160,161,164
0260_00077	17,42,65,72,87,92,98,103,107,108,109,110,113,117,121,123,125,126,127,134,137,140,143,144,145,146,150,152,153,154,155,156,157,159,160,161,162,163,164,165
0260_00083	24,71,78,89,93,94,95,102,108,109,113,119,123,124,125,126,127,140,141,143,144,145,146,149,150,152,153,154,155,156,157,159,160,161,162,163,164,165
0260_00088	23,24,66,71,74,78,79,81,88,93,94,95,102,106,110,112,117,119,123,124,126,141,142,149,151,154,156,157,158,159,160,161,164
0260_00100	41,50,65,76,77,80,89,92,93,97,98,99,110,113,117,120,121,123,125,126,127,137,140,142,143,144,145,146,149,150,152,154,156,157,159,160,161,162,163,164,165
0260_00115	29,57,69,75,77,82,86,90,91,94,97,98,100,102,103,104,106,109,111,112,117,118,120,121,122,124,127,128,129,130,132,133,134,137,138,142,143,147,148,150,151,153,155,156,157,158,159,161,163,164,165
0260_00128	24,29,41,48,67,71,73,78,79,81,88,94,95,97,102,106,109,112,114,119,124,126,128,130,138,142,146,148,149,153,155,156,157,159,160,161,162,163,164,165
0260_00132	50,57,72,75,76,85,86,87,92,93,95,98,99,100,103,107,109,110,111,113,117,118,120,121,122,125,126,127,129,132,134,137,138,140,143,144,145,146,147,148,149,150,152,153,154,156,157,158,159,160,161,162,163,164,165
0260_00137	26,50,62,75,76,83,85,87,89,92,96,99,103,105,107,109,110,114,117,118,121,122,123,126,127,129,133,134,135,136,137,140,143,144,145,146,147,148,150,153,154,155,156,157,158,159,160,161,162,163,164,165
0260_00147	24,71,78,89,93,94,95,102,108,109,113,119,123,124,125,126,127,140,141,143,144,145,146,149,150,152,153,154,155,156,157,159,160,161,162,163,164,165
0260_00164	17,26,50,66,76,96,99,105,108,112,115,116,118,123,126,127,128,129,132,136,143,145,146,147,149,150,152,154,157,159,160,163,164,165
0260_00174	36,81,83,85,86,88,92,93,95,96,103,108,109,110,111,115,117,122,126,128,132,133,134,135,137,138,141,144,148,149,150,153,154,155,156,157,158,159,160,161,162,164,165
0260_00180	29,48,50,67,73,76,81,88,89,93,99,102,106,112,123,124,126,130,140,141,146,148,149,154,157,159,160,164
0260_00185	24,52,65,66,71,74,75,78,80,83,92,93,94,95,96,97,102,109,110,111,112,113,117,119,120,121,122,123,124,125,126,127,130,137,140,141,142,143,144,145,146,148,149,150,152,153,154,155,156,157,158,159,160,161,162,163,164,165
0260_00186	23,28,37,42,52,57,66,72,75,77,78,79,85,87,89,93,94,95,96,97,98,100,103,105,106,107,108,109,110,111,112,113,117,119,120,121,122,123,124,125,126,127,129,132,133,134,135,136,137,140,142,143,144,145,146,148,149,152,153,154,156,157,158,159,160,161,162,163,164,165
0260_00187	23,54,74,79,92,95,106,110,117,123,126,131,136,141,142,146,149,151,152,154,156,157,158,159,160,161,162,163,164,165
0260_00199	24,42,71,78,89,93,94,95,102,106,107,108,109,111,112,119,123,124,125,126,130,134,140,141,142,144,145,146,149,150,153,154,155,156,157,159,160,161,162,163,164,165
0260_00204	54,84,90,95,104,111,123,131,139,151,154,155,156,157,158,159,161,162,163,164,165
0260_00209	23,24,51,60,61,66,67,71,73,74,78,79,81,88,93,94,95,97,102,106,110,112,117,119,123,124,126,130,136,141,142,146,148,149,151,154,156,157,158,159,160,161,164
0260_00218	45,52,65,66,74,75,76,77,79,80,83,87,94,95,96,97,99,103,107,112,120,121,122,124,134,137,139,141,142,144,148,149,150,152,156,157,158,160,161,162,163,164,165
0260_00232	36,37,47,62,75,77,81,83,85,87,88,89,90,91,96,97,103,104,106,107,110,111,117,118,120,121,122,127,129,133,134,136,137,142,143,145,147,148,150,151,154,156,158,159,160,161,162,163,164,165
0260_00244	23,24,47,71,74,78,79,81,85,86,88,89,92,93,94,95,97,102,106,110,117,119,122,123,124,126,136,141,142,146,148,149,151,154,156,157,158,159,160,161,164
0260_00254	37,52,65,69,75,77,78,79,80,90,94,95,98,100,106,110,111,115,117,119,120,121,122,124,127,130,133,137,142,143,145,148,150,151,153,154,156,158,160,161,162,163,164,165
0260_00259	34,50,57,72,76,83,89,93,96,98,99,105,109,113,116,120,125,126,127,132,137,140,141,143,144,145,146,149,150,152,153,154,157,159,160,162,163,164,165
0260_00264	24,25,28,36,47,49,52,57,63,65,70,71,75,77,78,79,80,81,83,85,86,87,88,93,94,96,97,98,100,102,103,106,107,108,109,110,115,117,119,120,121,122,124,128,130,133,134,137,138,142,146,148,150,153,155,156,157,158,159,160,161,162,163,164,165
0260_00273	23,24,51,55,58,60,61,66,67,71,73,74,78,79,81,88,93,94,95,97,102,106,110,112,117,119,123,124,126,130,136,140,141,142,146,148,149,151,154,156,157,158,159,160,161,164
0260_00279	57,72,74,83,89,96,98,101,105,109,112,116,120,123,132,137,139,140,141,146,149,152,153,154,157,159,160,163,164,165
0260_00287	47,74,76,81,85,88,99,103,106,107,110,117,122,134,141,148,149,153,154,155,156,158,160,161,164
0260_00294	24,36,50,62,71,76,78,86,88,89,91,94,97,98,99,102,104,109,111,114,115,118,119,124,126,127,128,129,132,137,138,139,143,145,146,147,149,150,152,153,154,155,156,157,159,160,161,163,164,165
0260_00303	54,66,72,74,82,90,95,97,100,104,105,109,112,113,116,126,127,128,129,131,132,138,139,140,141,143,144,145,146,149,150,151,152,153,155,156,157,158,159,160,161,162,163,164,165
0260_00329	24,71,78,79,89,92,93,94,95,97,102,108,109,110,113,117,119,124,125,126,127,141,142,143,144,145,146,149,150,151,152,153,154,155,156,157,158,159,160,161,162,163,164,165
0260_00337	50,66,74,76,90,91,99,104,108,112,115,116,118,128,129,132,139,141,147,149,152,155,157,160,163,164,165
0260_00338	34,66,74,89,93,99,112,113,125,126,127,131,139,140,141,143,144,145,146,149,150,152,154,157,159,160,162,163,164,165
0260_00341	24,71,78,79,89,92,93,94,95,97,102,109,110,113,117,119,123,124,125,126,127,131,136,139,140,141,142,143,144,145,146,149,150,151,152,153,154,155,156,157,158,159,160,161,162,163,164,165
0260_00343	72,85,86,92,93,95,108,109,110,111,115,117,122,123,126,132,133,135,136,139,140,141,144,146,148,149,150,153,154,155,156,157,158,159,160,161,162,163,164,165
0260_00347	24,42,71,78,89,93,94,95,102,106,107,108,109,111,112,119,123,124,125,126,130,134,139,140,142,144,145,146,149,150,153,154,155,156,157,159,160,161,162,163,164,165
0260_00349	38,42,52,65,75,77,79,80,83,84,85,86,87,92,94,96,97,98,100,104,105,106,107,110,111,112,117,120,121,122,124,128,129,132,134,137,138,142,144,145,147,148,150,151,153,154,155,156,158,161,162,163,164,165
0260_00352	26,50,66,76,90,91,96,99,104,105,108,112,115,116,118,127,128,129,132,139,143,145,147,149,150,152,154,157,159,160,163,164,165
0260_00359	53,54,57,64,72,75,79,81,83,85,86,88,89,90,91,92,93,95,96,97,98,100,103,107,108,110,111,114,115,116,117,120,121,122,127,129,131,134,137,139,140,141,142,143,146,147,148,149,150,151,152,153,154,155,156,157,158,159,160,161,163,164,165
0260_00366	24,71,78,79,89,92,93,94,95,97,102,108,109,110,113,117,119,123,124,125,126,127,131,136,139,140,141,142,143,144,145,146,149,150,151,152,153,154,155,156,157,158,159,160,161,162,163,164,165
0260_00374	26,50,53,54,66,72,74,76,84,85,86,87,89,90,91,92,93,95,97,99,103,105,107,108,110,112,113,116,117,122,127,131,133,134,136,139,140,141,142,143,144,145,146,148,149,150,151,152,154,156,157,158,159,160,161,162,163,164,165
0260_00375	26,50,53,54,66,72,74,76,84,85,86,89,92,93,95,97,99,105,110,112,113,117,122,127,131,133,136,139,140,141,142,143,144,145,146,148,149,150,151,152,154,156,157,158,159,160,161,162,163,164,165
0260_00376	54,57,66,72,74,85,86,89,90,91,93,95,97,98,104,108,111,112,114,115,116,120,122,123,126,127,131,132,133,136,137,139,140,141,143,145,146,148,149,150,152,154,155,156,157,158,159,160,161,163,164,165
0260_00377	26,50,53,54,66,72,74,76,84,85,86,89,92,93,95,97,99,105,110,112,113,117,122,127,131,133,136,139,140,141,142,143,144,145,146,148,149,150,151,152,154,156,157,158,159,160,161,162,163,164,165
0260_00382	26,50,53,66,72,76,82,89,90,91,96,99,104,105,108,109,112,115,116,118,127,128,129,131,132,136,139,140,143,145,146,147,149,150,152,153,154,155,157,159,160,163,164,165
0260_00397	21,24,38,43,45,49,56,57,63,70,71,74,76,77,79,82,83,85,86,88,90,91,93,94,95,96,97,99,100,102,104,108,111,115,119,122,124,128,129,130,131,132,137,138,141,142,146,147,148,149,151,152,153,155,156,158,159,160,161,162,164,165
0260_00403	23,24,49,52,56,57,63,70,71,72,75,78,83,92,94,95,96,97,100,102,106,109,110,111,117,119,120,121,122,123,124,127,130,132,133,135,136,137,138,140,142,143,146,147,148,150,152,153,154,156,157,158,159,161,162,164,165
0260_00409	26,50,66,72,76,89,90,91,96,99,104,105,108,109,112,115,116,118,123,126,127,128,129,131,132,136,139,140,141,143,145,146,147,149,150,152,153,154,155,157,159,160,163,164,165
0260_00411	85,92,99,100,108,110,114,117,122,133,135,141,144,148,149,150,153,154,155,156,158,160,161,162,163,164,165
0260_00415	26,50,57,66,74,76,89,91,98,99,104,105,108,112,114,115,116,123,126,127,128,129,132,136,137,139,140,141,143,145,146,147,149,150,152,154,155,157,159,160,163,164,165
0260_00417	26,50,53,54,66,72,74,76,84,85,86,89,90,91,92,93,95,97,99,105,108,110,112,113,116,117,122,127,131,133,136,139,140,141,142,143,144,145,146,148,149,150,151,152,154,156,157,158,159,160,161,162,163,164,165
0260_00419	19,37,54,72,75,77,84,85,97,105,106,110,117,121,122,125,127,131,135,137,139,142,143,144,145,146,148,150,151,152,154,156,157,158,159,161,162,163,164,165
0260_00426	42,50,65,76,89,92,93,98,99,106,107,109,110,112,113,117,121,123,125,126,127,134,137,140,143,144,145,146,149,150,153,154,155,156,157,159,160,161,162,163,164,165
0260_00458	62,66,74,85,86,90,91,93,97,100,104,108,112,113,115,118,122,126,127,128,129,132,139,141,143,145,147,148,149,150,152,153,155,157,158,159,160,161,162,163,164,165
0260_00461	13,24,30,49,62,66,71,74,85,86,90,91,93,94,97,100,102,104,108,112,113,115,118,122,124,126,127,128,129,132,139,141,143,145,146,147,148,149,150,152,153,155,157,158,159,160,161,162,163,164,165
0260_00463	57,66,72,75,83,85,86,91,93,96,98,99,100,101,105,111,112,113,115,116,120,121,122,126,127,128,129,137,139,143,144,145,146,147,148,149,152,153,156,157,158,159,160,161,162,163,164,165
0260_00466	36,38,50,65,75,76,77,79,81,83,85,88,90,96,99,100,111,114,115,116,118,120,121,122,123,128,129,131,136,137,139,140,142,144,146,147,148,150,153,154,155,156,157,158,159,160,161,162,163,164,165
0260_00473	53,54,66,72,74,82,89,90,91,92,95,97,100,104,109,110,111,112,115,117,118,131,132,138,139,140,146,147,149,151,152,153,154,155,156,157,158,159,160,161,164
0260_00477	75,79,83,84,85,90,91,92,95,96,100,108,110,111,114,117,118,121,122,127,128,129,132,136,137,142,143,147,148,150,151,153,154,155,156,158,159,160,161,164,165
0260_00481	8,11,19,57,76,82,83,85,89,92,95,96,97,99,105,109,110,111,117,120,121,122,123,127,131,132,136,137,139,140,143,146,148,150,152,153,154,155,156,157,158,159,161,164,165
0260_00482	8,11,24,34,36,45,47,50,65,71,72,76,77,78,79,80,81,83,84,85,88,89,91,92,94,95,96,97,98,99,101,102,104,105,106,109,110,111,117,119,120,121,122,123,124,126,127,131,132,133,135,136,137,138,139,140,142,143,146,148,150,151,153,154,155,156,157,158,159,161,162,163,164,165
0260_00483	8,11,36,45,47,54,76,79,81,84,85,87,88,91,92,95,97,98,99,101,103,105,107,110,117,120,121,122,123,127,131,133,134,136,137,139,140,142,143,145,146,148,150,151,153,154,156,157,158,159,161,162,163,164,165
0260_00487	46,53,80,82,84,87,90,100,104,107,111,118,127,128,129,131,132,133,134,135,139,142,143,144,145,147,150,151,152,153,155,156,157,158,161,162,163,164,165
0260_00491	74,82,84,90,91,100,104,108,115,123,131,132,139,149,151,153,154,155,157,158,159,160,161,164
0260_00500	29,47,67,69,73,74,76,81,82,88,89,93,94,99,100,102,106,108,112,114,117,123,124,126,130,140,141,146,148,149,151,152,153,154,155,156,157,158,159,160,161,164
0260_00527	23,74,85,86,93,100,106,110,113,114,115,117,122,123,126,127,141,142,143,148,149,152,153,154,155,156,157,158,159,160,161,162,163,164,165
0260_00535	57,65,75,77,79,83,85,93,96,108,109,111,114,116,120,121,122,123,127,128,129,137,142,143,144,148,149,150,153,154,155,156,157,158,159,160,161,162,164,165
0260_00542	75,79,83,85,90,91,92,95,96,104,105,108,109,110,111,114,115,117,118,121,122,123,126,128,129,131,136,137,139,140,141,142,146,147,148,149,150,151,153,154,155,156,157,158,159,160,161,163,164,165
0260_00546	22,42,62,65,75,79,80,85,86,87,89,91,97,98,100,104,105,107,108,111,113,115,120,121,122,123,125,127,131,133,134,135,136,137,138,139,142,143,144,145,146,148,149,150,151,152,153,154,156,157,158,159,160,161,162,163,164,165
0260_00550	22,42,62,65,75,79,80,83,85,86,87,89,93,96,97,98,100,105,107,108,111,113,115,116,120,121,122,123,125,127,128,129,133,134,135,136,137,138,139,142,143,144,145,146,148,150,152,153,154,156,157,158,159,160,161,162,163,164,165
0260_00556	54,57,66,72,74,85,86,89,90,91,93,95,97,98,104,108,111,112,114,115,116,120,122,123,126,127,131,132,133,136,137,139,140,141,143,145,146,148,149,150,152,154,155,156,157,158,159,160,161,163,164,165
0260_00559	23,36,42,47,54,65,74,79,81,83,87,88,92,95,96,105,106,107,110,117,120,121,123,126,131,134,136,137,141,142,146,149,151,152,154,156,157,158,159,160,161,162,163,164,165
0260_00561	42,65,72,87,92,98,103,107,110,113,117,121,123,125,126,127,134,137,139,140,143,144,145,146,150,152,154,156,157,159,160,161,162,163,164,165
0260_00562	22,24,38,42,71,77,78,87,91,92,94,95,97,102,104,106,107,109,110,111,112,117,119,124,125,126,132,134,142,144,145,150,151,153,154,155,156,157,158,159,161,162,163,164,165
0260_00563	24,42,57,65,71,72,77,78,79,80,87,89,92,93,94,95,97,98,102,103,107,109,110,111,113,117,119,120,121,124,125,126,127,130,132,134,137,138,140,142,143,144,145,146,147,150,152,153,156,157,159,160,161,162,163,164,165
0260_00566	24,50,57,62,71,76,78,86,89,91,94,97,98,99,102,103,104,109,111,114,118,119,124,126,127,128,129,132,134,137,138,139,140,143,145,146,147,150,152,153,154,155,156,157,159,160,161,163,164,165
0260_00569	50,52,65,66,74,75,76,77,79,80,83,87,90,91,94,95,96,97,99,100,103,104,107,108,111,112,115,116,120,121,122,124,127,128,129,132,134,137,139,142,143,147,148,149,150,152,153,155,156,157,158,160,161,162,163,164,165
0260_00596	62,65,75,80,83,85,86,93,96,98,100,108,111,115,116,118,120,121,122,137,142,147,148,150,153,156,158,160,161,162,163,165
0260_00600	57,66,72,75,83,85,86,90,91,93,96,98,100,101,104,105,108,111,112,113,115,116,118,120,121,122,126,127,128,129,132,137,139,143,144,145,146,147,148,149,152,153,156,157,158,159,160,161,162,163,164,165
0260_00612	93,99,108,109,113,114,115,116,118,123,126,127,128,129,141,143,146,147,149,152,153,154,155,157,159,160,162,163,164,165
0260_00629	19,57,66,72,75,83,85,86,89,93,96,99,100,104,105,111,112,113,115,116,120,121,122,126,127,128,129,132,137,138,139,143,144,145,146,147,148,149,152,153,157,158,159,160,161,162,163,164,165
0260_00639	74,79,85,86,92,93,95,99,100,108,110,111,114,117,122,129,136,141,142,148,149,153,154,155,156,158,159,160,161,164
0260_00641	38,52,62,65,69,70,74,77,79,80,83,85,91,92,94,95,96,100,108,110,111,114,115,116,117,118,120,121,122,123,124,125,128,129,130,131,132,136,137,139,141,142,144,145,146,147,148,149,150,151,153,154,155,156,157,158,159,160,161,162,163,164,165
0260_00644	37,38,53,54,65,72,75,77,79,80,82,85,89,90,91,92,95,97,98,100,104,105,106,109,110,113,117,120,121,122,127,128,131,132,136,137,138,139,140,142,143,144,145,146,148,149,150,151,152,153,154,155,156,157,158,159,160,161,162,163,164,165
0260_00645	16,19,22,50,53,57,66,72,76,82,89,90,91,96,98,99,104,105,109,112,115,116,120,127,128,129,131,132,137,138,139,140,143,145,146,149,150,152,153,154,155,157,159,160,163,164,165
0260_00646	53,57,89,99,105,108,113,115,116,118,123,127,128,129,131,132,136,137,139,140,143,144,146,147,152,154,157,159,160,162,163,164,165
0260_00653	21,24,38,45,49,56,63,65,70,71,76,77,79,80,85,86,87,90,93,94,97,98,99,100,102,103,107,108,114,116,119,121,122,124,130,134,137,138,142,148,149,151,153,155,156,158,159,160,161,162,163,164,165
