id	bits.on
0004_00006	10,11,15,19,20,144,146,147,284,285,286,287,300,309,333,339,341,345,346,352,353,366,381,391,393,394,407,421,440,441,444,452,453,529,536,537,541,567,580,583,593,603,614,618,638,644,646,647,657,660,681,684,685,686,692,694,695,696
0004_00008	10,11,12,15,19,20,21,284,285,286,287,333,340,342,345,346,347,352,353,366,367,375,381,391,392,406,421,441,444,453,536,541,567,580,582,593,614,615,616,638,640,643,660,683,686
0004_00011	10,11,15,16,19,20,144,146,147,284,285,286,287,300,333,339,341,345,346,352,353,366,381,391,392,394,421,440,441,444,452,453,529,536,537,541,567,570,580,583,593,603,612,614,638,646,647,657,660,681,684,685,692,696,703
0004_00020	10,11,12,15,19,20,179,180,256,284,285,286,287,300,309,333,334,339,341,345,346,352,353,356,357,366,371,372,381,385,394,407,417,421,431,435,441,442,444,447,453,471,491,517,521,525,529,536,537,553,557,565,567,571,579,580,583,585,593,596,600,604,608,609,618,619,635,638,641,644,661,665,669,678,679,680,681,684,685,689,690,693,697,699,705,709,710,711
0004_00023	10,11,12,15,19,20,284,285,286,287,300,309,333,334,336,339,341,345,346,352,353,366,375,381,391,393,394,407,421,440,441,444,452,453,529,536,537,541,567,580,583,593,603,614,618,638,644,646,647,657,660,681,685,709,710
0004_00025	10,11,15,19,20,144,146,147,284,285,286,287,300,309,333,339,341,345,346,352,353,366,381,391,393,394,407,421,440,441,444,452,453,529,536,537,541,567,580,583,593,603,614,618,638,644,646,647,657,660,681,684,685,686,692,694,695,696
0004_00027	10,11,15,19,20,34,284,285,286,287,294,300,309,333,339,341,345,346,350,352,353,354,366,369,375,381,394,407,413,421,441,444,453,508,529,536,537,567,580,587,618,638,644
0004_00029	10,11,15,19,20,284,285,286,287,300,309,333,334,345,346,352,353,366,375,381,391,393,394,407,417,421,431,435,440,441,442,444,447,452,453,465,525,529,536,537,541,554,567,600,603,614,646,647,657,660,672,673
0004_00033	10,11,15,19,20,144,146,147,284,285,286,287,333,339,341,345,346,352,353,366,375,381,391,392,421,441,444,453,536,537,541,567,580,583,593,603,614,638,657,660,681,684,685,692,696,703
0004_00040	10,11,12,15,16,17,19,20,21,144,146,147,151,154,179,181,182,256,257,258,259,284,285,286,287,300,309,333,340,341,342,345,346,347,352,353,356,358,359,360,366,367,374,376,377,378,379,380,382,385,387,388,389,390,391,392,393,394,397,398,400,401,404,406,407,417,419,421,432,438,439,440,442,443,444,448,450,451,452,454,465,473,483,485,486,488,489,492,494,495,496,500,505,507,520,522,524,528,531,536,537,539,541,546,548,550,554,556,561,567,568,570,572,573,581,583,586,593,594,597,602,603,612,613,614,615,618,622,625,629,637,638,639,640,646,648,651,655,657,658,660,663,664,674,675,681,682,683,684,691,692,703
0004_00041	10,11,12,15,16,19,20,21,144,147,179,181,182,256,257,284,285,286,287,300,309,333,340,342,345,346,347,352,353,356,359,366,367,371,372,373,374,375,376,377,379,380,385,388,390,391,392,393,394,397,398,404,406,407,417,419,421,435,436,439,440,442,443,444,446,447,448,450,451,452,454,465,473,483,485,488,492,496,503,505,507,517,520,522,524,531,539,540,541,546,547,550,556,561,567,568,572,573,577,583,586,593,594,597,602,613,614,615,618,622,629,637,638,639,640,644,646,647,648,655,657,658,660,663,664,675,681,682,683,684,691,692,703
0004_00043	10,11,12,15,19,20,21,22,144,146,147,179,180,182,186,256,257,258,284,285,286,287,300,309,333,334,340,341,342,345,346,347,348,352,353,356,357,358,359,366,367,368,371,372,373,374,377,378,381,385,386,387,388,391,393,394,397,400,401,404,406,407,417,419,421,431,432,435,436,438,441,442,443,444,446,447,448,450,453,454,463,465,471,473,483,491,492,494,496,503,507,517,521,522,524,525,528,529,531,536,538,539,540,541,546,547,549,550,553,554,556,557,564,565,568,571,572,574,575,577,578,579,580,581,582,583,585,586,593,595,596,598,600,601,604,605,606,608,609,611,614,615,618,619,620,624,625,629,634,635,638,639,640,641,642,643,644,656,657,658,661,662,663,664,665,666,667,669,672,673,674,678,679,680,681,682,683,684,685,686,687,689,690,691,693,694,697,698,699,701,702,705,706,709,710,711,713,759,822
0004_00045	10,11,12,15,16,17,19,20,21,144,146,147,151,154,179,181,182,256,257,258,259,284,285,286,287,300,309,333,340,341,342,345,346,347,352,353,356,358,359,360,366,367,374,375,376,377,378,379,380,382,385,387,388,389,390,391,392,393,394,397,398,400,401,404,406,407,417,419,421,432,438,439,440,442,443,444,448,450,451,452,454,465,473,483,485,486,488,489,492,494,495,496,500,505,507,520,522,524,528,529,531,536,537,539,541,546,548,550,554,556,561,567,568,570,572,573,581,583,586,593,594,597,602,603,612,613,614,615,618,622,625,629,637,638,639,640,648,655,657,658,660,663,664,674,675,681,682,683,684,691,692,703
0004_00054	10,11,12,15,19,20,179,180,256,284,285,286,287,300,309,333,334,339,340,341,342,345,346,347,352,353,356,357,366,367,371,372,381,385,394,407,417,421,431,435,441,442,444,447,453,471,491,517,521,525,529,536,537,549,553,557,565,567,571,572,574,575,579,580,582,583,585,593,596,600,604,608,609,618,619,620,635,638,640,641,642,643,644,656,661,665,668,669,678,679,680,681,684,685,689,690,693,697,699,705,709,710,711
0004_00055	10,11,12,15,19,20,179,180,256,284,285,286,287,300,309,333,334,339,341,342,345,346,352,353,356,357,366,371,372,381,382,383,385,394,407,417,421,431,435,441,442,444,447,453,471,491,499,517,521,525,529,536,537,542,543,549,553,557,565,567,571,574,575,579,580,583,585,591,593,596,600,604,607,608,609,618,619,620,635,638,641,642,644,652,656,661,665,668,669,678,679,680,681,684,685,689,690,693,697,699,705,709,710,711,715,778
0004_00057	10,11,12,15,19,20,179,180,256,284,285,286,287,300,309,333,334,339,340,341,342,345,346,347,352,353,356,357,366,367,371,372,381,385,394,407,417,421,431,435,441,442,444,447,453,471,491,517,521,525,529,536,537,549,553,557,565,567,571,572,574,575,579,580,582,583,585,593,596,600,604,608,609,618,619,620,635,638,640,641,642,643,644,656,661,665,668,669,678,679,680,681,684,685,689,690,693,697,699,705,709,710,711
0004_00062	10,11,12,15,16,19,20,144,146,147,179,181,182,256,257,284,285,286,287,309,333,334,339,340,341,342,345,346,347,352,353,356,357,359,366,367,371,372,373,374,375,377,385,388,391,392,397,404,407,417,419,421,431,435,436,440,442,443,444,446,447,448,450,452,454,463,465,471,473,483,491,492,496,503,507,517,521,522,524,525,531,536,538,539,540,541,546,547,550,553,556,557,565,567,571,572,577,578,579,580,583,585,586,593,594,596,600,601,604,608,609,614,618,619,629,634,635,638,639,641,646,647,657,658,660,661,665,666,669,678,679,680,681,684,685,686,689,690,692,693,697,699,703,705,709,710,711
0004_00070	10,11,12,15,16,19,144,146,147,179,181,182,256,257,284,285,286,287,333,334,339,341,345,346,352,353,356,357,359,366,371,372,373,374,375,377,385,388,391,392,397,404,417,419,421,431,435,436,440,442,443,444,446,447,448,450,452,454,465,471,473,483,491,492,496,503,507,517,521,522,524,525,531,536,539,540,541,546,547,550,553,556,557,565,571,577,578,579,580,583,585,586,593,594,596,600,601,604,608,609,614,619,629,634,635,641,646,647,657,658,661,665,666,669,678,679,680,684,685,686,689,693,697,705,709,710,711
0004_00074	10,11,12,15,19,20,21,284,285,286,287,300,309,333,339,341,345,346,352,353,366,375,381,391,393,394,407,421,440,441,444,452,453,529,536,537,541,567,580,583,593,603,614,618,638,644,646,647,657,660,680,681,684,685,690,692,693,696,703,704,708
0004_00075	10,11,12,15,19,20,179,180,256,284,285,286,287,300,309,333,334,345,346,352,353,356,357,366,371,372,381,385,391,393,394,407,417,421,431,435,440,441,442,444,447,452,453,465,471,491,517,521,525,529,537,541,553,554,557,565,567,571,579,583,585,596,600,603,604,609,619,635,641,644,646,647,657,660,661,665,669,672,673,678,679,680,689,709,710,711
0004_00076	10,11,12,15,19,20,179,180,256,284,285,286,287,300,309,333,334,339,341,345,346,352,353,356,357,366,371,372,375,381,385,391,393,394,407,417,421,431,435,440,441,442,444,447,452,453,471,491,517,521,525,529,536,537,541,553,557,565,567,571,579,580,583,585,593,596,600,603,604,608,609,614,618,619,635,638,641,644,646,647,657,660,661,665,669,678,679,680,681,684,685,689,690,693,697,699,705,709,710,711
0004_00087	10,11,12,15,16,17,19,20,21,22,144,146,147,151,154,179,181,182,256,257,258,259,284,285,286,287,300,309,333,339,340,341,342,345,346,347,352,353,356,358,359,360,366,367,374,376,377,378,379,380,381,385,387,388,389,390,391,392,393,394,397,398,404,406,407,417,419,421,432,438,439,441,442,443,444,448,450,451,453,454,465,473,483,485,486,488,492,496,500,505,507,520,522,524,529,531,536,537,539,541,546,548,550,556,561,567,568,570,572,573,580,581,583,586,593,594,597,602,603,612,613,614,615,618,622,629,637,638,639,640,644,655,657,658,660,663,664,675,681,682,683,684,687,688,691,692,703
0004_00088	10,11,12,13,19,20,21,22,144,145,179,180,182,186,187,193,194,200,284,285,287,309,333,334,335,336,340,342,345,347,348,353,367,368,375,381,406,407,421,433,441,444,453,463,536,538,564,568,572,580,582,583,606,611,615,618,638,640,643,662,663,664,680,681,682,685,687,689,690,691,693,694,697,698,699,700,701,702,705,706,709,710,711,712,713,777,778,798,799,819,861
0004_00089	10,11,12,15,16,17,19,20,21,144,146,147,151,154,179,181,182,256,257,258,259,284,285,286,287,300,309,333,340,341,342,345,346,347,352,353,356,358,359,360,366,367,374,376,377,378,379,380,385,387,388,389,390,391,392,394,397,398,404,406,407,417,419,432,438,439,442,443,448,450,451,454,465,473,483,485,486,488,492,496,500,505,507,520,522,524,531,539,541,546,548,550,556,561,567,568,570,572,573,583,586,593,594,597,602,612,613,614,615,618,622,629,637,638,639,640,655,657,658,660,663,664,675,681,682,683,684,691,692,703
0004_00090	10,11,12,15,16,17,19,20,21,144,146,147,256,257,284,285,286,287,300,309,333,339,341,345,346,352,353,356,358,359,366,371,373,374,375,376,377,380,381,388,390,391,393,394,397,400,401,404,407,417,419,421,432,436,438,440,441,442,443,444,446,447,448,450,451,452,453,454,473,483,485,486,488,489,491,492,496,500,503,505,507,520,522,524,528,529,536,537,539,540,541,546,547,548,557,561,567,570,571,573,580,581,583,586,593,594,596,597,600,603,608,609,612,614,618,637,638,641,644,646,647,655,657,658,660,666,675,681,683,684,685,686,692,696,703
0004_00091	10,11,12,15,19,20,21,284,285,286,287,333,340,342,345,346,347,352,353,366,367,375,381,391,392,406,417,421,435,441,442,444,447,453,491,517,525,536,541,554,557,567,574,580,582,583,593,595,600,614,615,616,620,638,640,641,643,660,661,667,672,673,679,680,683,686
0004_00099	10,11,12,15,19,20,21,22,179,181,182,186,189,284,285,286,287,300,309,333,339,340,341,342,345,346,347,348,352,353,366,367,368,381,391,393,394,406,407,529,541,564,567,568,572,583,593,611,614,615,616,618,638,639,640,644,657,660,662,663,664,680,681,682,683,684,690,691,701,702
0004_00100	10,11,12,15,16,17,19,20,21,31,144,146,147,151,154,179,181,182,186,189,256,257,258,259,284,285,286,287,300,309,315,333,340,341,342,345,346,347,352,353,356,358,359,360,366,367,374,376,377,378,379,380,385,387,388,389,390,391,392,394,397,398,404,406,407,408,412,417,419,426,432,438,439,442,443,448,450,451,454,457,465,473,483,485,486,488,492,496,500,505,507,520,522,524,531,539,541,546,548,550,556,561,567,568,570,572,573,583,586,593,594,597,602,612,613,614,615,618,622,629,637,638,639,640,655,657,658,660,663,664,675,681,682,683,684,691,692,703
0004_00103	10,11,12,13,15,16,17,19,20,21,22,31,179,180,181,182,184,185,186,193,256,257,258,284,285,286,287,300,309,315,333,334,340,341,342,345,346,347,352,353,356,357,359,366,367,371,372,375,376,377,378,379,380,382,385,388,390,391,392,393,394,397,400,401,404,407,408,412,417,419,421,426,431,435,438,439,440,442,443,444,447,450,451,452,454,457,465,471,473,483,485,488,489,491,494,496,500,503,505,507,520,521,524,525,528,531,536,537,539,541,546,547,548,550,553,554,556,557,561,565,567,568,570,571,572,573,578,579,581,583,585,586,593,594,596,597,600,601,602,603,604,608,609,612,614,618,619,622,625,629,634,635,637,638,639,640,641,644,646,648,651,655,657,658,660,661,664,665,666,669,674,675,678,679,680,681,682,683,684,689,692,697,703,709,710,711,713,717,738,756,771,780,801,819,834
0004_00104	10,11,12,13,19,20,21,22,144,145,179,180,182,183,186,187,193,200,284,285,287,309,333,334,335,336,340,342,345,347,348,353,367,368,375,381,406,407,417,421,431,433,435,441,442,444,447,453,463,491,525,536,538,554,557,564,568,572,580,582,583,600,606,611,615,618,638,640,641,643,661,662,663,664,672,679,680,681,682,685,687,689,690,691,693,694,697,698,699,700,701,702,705,706,709,710,711,712,713,777,798,819,841,861,862
0004_00106	10,11,15,19,20,284,285,286,287,300,309,333,339,341,345,346,352,353,366,375,381,391,393,394,407,421,440,441,444,452,453,529,536,537,541,567,603,618,644,646,647,657,660
0004_00111	10,11,12,13,19,20,21,144,145,179,180,186,187,193,194,284,285,287,309,333,334,335,336,340,342,345,347,353,367,375,381,407,421,441,444,453,536,572,580,583,618,638,680,681,685,689,690,691,693,697,698,699,700,702,705,709,710,711,712,713,777,778,798,799,819,820,840,861
0004_00112	10,11,12,13,15,19,20,21,144,145,179,180,186,187,193,194,284,285,286,287,300,309,333,334,335,336,340,342,345,346,347,352,353,366,367,375,381,391,393,394,407,421,440,441,444,452,453,529,536,537,541,567,572,580,583,593,603,614,618,638,644,646,647,657,660,680,681,684,685,689,690,691,693,697,698,699,700,702,705,709,710,711,712,713,777,778,798,799,819,820,840,861
0004_00120	10,11,12,15,19,20,284,285,286,287,300,309,333,334,336,339,341,345,346,352,353,366,375,381,391,393,394,407,421,440,441,444,452,453,529,536,537,541,567,580,583,593,603,614,618,638,644,646,647,657,660,681,685,709,710
0004_00122	10,11,15,19,20,144,146,147,284,285,286,287,300,309,333,339,341,345,346,352,353,366,381,391,393,394,407,421,441,444,453,529,536,537,541,567,580,583,593,603,614,618,638,644,657,660,681,684,685,692,696
0004_00123	10,11,12,15,16,19,144,146,147,179,181,182,256,257,284,285,286,287,333,334,339,341,345,346,352,353,356,357,359,366,371,372,373,374,375,377,385,388,391,392,397,404,417,419,421,431,435,436,440,442,443,444,446,447,448,450,452,454,465,471,473,483,491,492,496,503,507,517,521,522,524,525,531,536,539,540,541,546,547,550,553,556,557,565,571,577,578,579,580,583,585,586,593,594,596,600,601,604,608,609,614,619,629,634,635,641,646,647,657,658,661,665,666,669,678,679,680,684,685,686,689,693,697,705,709,710,711
0004_00124	10,11,12,19,20,21,179,180,256,284,285,287,309,333,334,342,345,353,356,357,367,371,372,375,381,382,383,385,406,407,417,421,431,435,441,442,444,447,453,471,477,491,499,517,521,525,542,543,545,549,553,554,557,565,566,568,571,574,575,579,583,585,590,591,595,596,600,604,605,607,609,618,619,620,627,631,632,635,638,641,642,652,656,661,663,664,665,667,668,669,672,673,678,679,680,681,689,690,700,709,710,711,715,736,762,778,799,825
0004_00125	10,11,12,13,15,19,20,21,144,145,179,180,186,187,193,194,284,285,286,287,300,309,333,334,335,336,340,342,345,346,347,352,353,366,367,375,381,391,393,394,407,421,440,441,444,452,453,529,536,537,541,567,572,580,583,593,603,614,618,638,644,646,647,657,660,680,681,684,685,689,690,691,693,697,698,699,700,702,705,709,710,711,712,713,777,778,798,799,819,820,840,861
0004_00126	10,11,12,13,15,19,20,21,31,284,285,286,287,309,315,333,340,342,345,346,347,352,353,366,367,375,381,391,392,406,407,408,412,417,421,426,435,441,442,444,447,453,457,491,517,525,536,541,557,567,568,572,580,583,600,615,638,640,641,660,661,663,664,679,680,681,685,689,690,693,697,699,705
0004_00131	10,11,19,20,21,34,284,285,287,294,309,333,340,342,345,347,350,353,354,367,369,375,407,413,421,437,444,449,463,508,536,538,568,572,580,582,583,587,618,638,640,643,664,685,687
0004_00136	10,11,15,19,20,21,284,285,286,287,300,309,333,339,341,345,346,352,353,366,375,381,391,393,394,407,421,440,441,444,452,453,529,536,537,541,567,580,581,603,614,618,638,639,644,646,647,657,660,682,687,688
0004_00142	10,11,15,19,20,284,285,286,287,300,309,333,334,336,339,341,345,346,352,353,366,375,381,394,407,421,441,444,453,529,536,537,567,580,583,593,618,638,644,681,685,709,710
0004_00143	10,11,12,15,19,20,21,284,285,286,287,300,309,333,339,341,345,346,352,353,366,375,381,391,393,394,407,421,440,441,444,452,453,529,536,537,541,567,580,583,593,603,614,618,638,644,646,647,657,660,680,681,684,685,690,692,693,696,703,704,708
0004_00150	10,11,12,15,19,20,21,22,179,180,182,186,256,284,285,286,287,300,309,333,340,341,342,345,347,348,352,353,356,367,368,371,372,375,377,378,381,382,383,385,391,393,394,406,407,417,421,435,438,440,441,442,444,447,450,452,453,463,465,471,477,491,496,499,503,517,521,525,536,538,542,543,546,547,549,550,553,557,564,565,566,568,571,572,574,575,579,580,582,583,585,586,590,593,595,596,600,601,604,605,606,607,608,609,611,614,615,618,619,620,621,627,629,633,634,635,638,640,641,642,643,644,646,652,656,657,658,661,662,663,664,665,666,667,669,678,679,680,681,682,683,684,685,687,690,691,693,694,701,702,706,722,785
0004_00151	10,11,12,15,19,20,21,31,284,285,286,287,309,315,333,340,342,345,346,347,352,353,366,367,375,391,392,407,408,412,426,457,541,567,568,572,618,640,660,664
0004_00152	10,11,12,13,15,19,20,21,31,284,285,286,287,309,315,333,340,342,345,346,347,352,353,366,367,375,381,391,392,406,407,408,412,417,421,426,435,441,442,444,447,453,457,491,517,525,536,541,557,567,568,572,580,583,600,615,638,640,641,660,661,663,664,679,680,681,685,689,690,693,697,699,705
0004_00153	10,11,19,20,21,284,285,287,309,333,340,342,345,347,353,367,407,421,437,444,449,536,568,572,580,582,583,618,638,640,643,664,681,685,687,694
0004_00160	10,11,12,15,19,20,21,284,285,286,287,333,340,342,345,346,347,352,353,366,367,375,381,391,392,406,421,441,444,453,536,541,567,580,582,593,614,615,616,638,640,643,660,683,686
0004_00165	10,11,12,13,19,20,144,145,179,180,183,186,187,193,284,285,287,309,333,334,335,336,342,345,347,353,367,375,407,417,421,431,433,435,442,444,447,463,491,525,536,538,554,557,572,580,583,600,618,638,641,661,672,679,680,681,685,689,690,693,697,698,699,700,705,709,710,711,712,713,777,798,819,840,861
0004_00166	10,11,12,13,15,19,20,21,144,145,179,180,186,187,193,194,284,285,286,287,300,309,333,334,335,336,340,342,345,346,347,352,353,366,367,375,381,391,393,394,407,421,440,441,444,452,453,529,536,537,541,567,572,580,583,593,603,614,618,638,644,646,647,657,660,680,681,684,685,689,690,691,693,697,698,699,700,702,705,709,710,711,712,713,777,778,798,799,819,820,840,861
0004_00168	10,11,12,13,15,19,20,21,144,145,179,180,186,187,193,194,284,285,286,287,300,309,333,334,335,336,340,342,345,346,347,352,353,366,367,375,381,391,393,394,407,421,440,441,444,452,453,529,536,537,541,567,572,580,583,593,603,614,618,638,644,646,647,657,660,680,681,684,685,689,690,691,693,697,698,699,700,702,705,709,710,711,712,713,777,778,798,799,819,820,840,861
0004_00172	10,11,15,16,17,19,20,284,285,286,287,300,309,333,339,341,345,346,352,353,366,376,381,391,394,407,419,421,441,444,451,453,454,488,529,536,537,567,580,583,593,618,638,644,681,684,685,692,696
