id	bits.on
0064_00001	10,11,12,13,14,15,16,19,20,21,22,179,181,182,186,189,193,196,284,285,286,287,309,333,334,336,339,340,341,342,345,346,347,348,352,353,366,367,368,375,381,391,392,406,407,417,421,431,433,435,441,442,444,447,453,491,517,525,536,541,554,557,564,565,567,568,572,580,582,583,593,600,611,614,615,618,638,639,640,641,642,643,657,660,661,662,663,664,665,672,673,679,680,681,682,683,684,685,689,690,691,693,694,697,698,699,701,702,705,706,709,710,711
0064_00002	10,11,12,15,16,17,19,20,34,144,146,147,179,181,182,256,257,284,285,286,287,300,306,309,333,334,337,340,341,342,345,346,347,352,353,359,366,367,375,376,377,379,380,382,388,391,392,393,394,406,407,417,419,439,443,450,451,462,477,486,496,498,500,520,529,541,544,548,561,566,567,568,570,572,597,612,613,614,615,616,621,633,639,644,655,657,660,663,664
0064_00006	10,11,12,13,15,16,19,20,21,34,179,180,181,182,186,256,284,285,286,287,294,300,306,309,333,334,336,339,341,342,345,346,347,350,352,353,354,356,357,366,367,369,371,372,375,381,382,383,385,391,393,394,406,407,415,417,421,431,435,441,442,444,447,453,458,460,466,471,477,491,499,517,521,525,529,536,537,541,542,543,549,553,557,565,566,567,571,574,575,579,580,583,585,590,593,595,596,600,604,605,607,608,609,614,615,618,619,620,621,627,633,635,638,641,642,644,652,656,657,661,665,667,669,678,679,680,681,684,685,689,690,693,697,699,700,705,709,710,711,715,778
0064_00007	10,11,12,13,15,16,19,20,144,146,147,151,153,154,158,160,161,179,180,184,185,186,187,193,256,257,258,259,260,262,284,285,286,287,300,333,334,336,341,345,346,352,353,356,357,358,359,366,371,372,373,374,377,378,385,386,387,388,391,392,393,394,397,398,400,401,404,417,419,421,431,432,435,436,438,440,442,443,444,446,447,448,450,452,454,465,471,473,483,491,492,496,503,507,517,521,522,524,525,528,529,531,536,539,540,541,546,547,550,553,556,557,565,571,577,578,579,580,583,585,586,593,596,598,600,601,604,608,609,614,619,629,634,635,641,644,646,651,657,658,661,665,666,669,678,679,680,684,685,686,688,689,693,696,697,698,705,708,709,710,711,713,735,759,798,822
0064_00010	10,11,12,13,15,16,17,19,20,21,22,179,180,182,186,189,193,284,285,286,287,300,309,333,339,340,341,342,345,346,347,348,352,353,366,367,368,381,394,406,407,529,564,567,568,572,583,593,594,611,615,616,618,638,639,640,644,662,663,664,680,681,682,683,684,690,691,692,701,702,704,785,804,806,813,825,827
0064_00011	10,11,12,13,15,16,17,19,144,146,147,179,181,182,186,188,189,256,257,258,259,284,285,286,287,300,333,334,336,339,341,345,346,352,353,356,357,359,360,366,371,372,373,374,375,376,377,379,380,385,386,388,389,390,391,392,393,394,397,400,401,404,417,419,420,421,430,431,435,436,439,440,442,443,444,446,447,448,450,451,452,454,465,471,473,483,485,488,489,491,492,496,503,505,507,517,520,521,522,524,525,528,529,531,536,539,540,541,546,547,550,553,556,557,561,565,569,570,571,573,577,578,583,586,593,594,597,601,602,608,612,614,622,629,634,637,644,646,647,655,657,658,666,675,684,709,711
0064_00012	10,11,12,13,19,20,21,144,150,179,180,182,186,187,193,256,258,284,285,287,309,333,334,340,342,345,347,353,356,357,367,371,372,375,381,385,406,407,417,431,435,442,447,471,491,517,521,525,549,553,557,564,565,568,571,572,574,575,579,583,585,595,596,600,604,605,609,611,615,618,619,620,635,638,640,641,642,656,661,662,663,664,665,667,669,678,679,680,681,682,689,690,691,697,698,699,700,701,702,709,710,711,713,714,735,756,777,798,819
0064_00019	10,11,12,13,15,19,179,180,186,187,256,258,284,285,286,287,309,333,334,336,339,341,342,345,346,352,353,356,357,366,371,372,375,382,383,385,391,392,407,417,431,435,442,447,471,491,499,517,521,525,541,542,543,549,553,557,565,571,574,575,579,583,585,591,593,596,600,604,607,609,614,618,619,620,635,638,641,642,652,656,657,661,665,668,669,678,679,680,681,684,689,690,692,697,698,699,703,709,710,711,713,715,735,757,778,798,820
0064_00022	10,11,12,15,19,20,21,22,34,144,147,151,154,179,182,284,285,287,300,306,333,340,342,345,347,353,367,375,381,406,459,460,564,568,583,611,615,638,640,662,663,680,681,682,690,691,701,702
0064_00024	10,11,12,13,15,16,19,20,21,144,149,150,179,180,181,182,185,186,188,189,193,200,256,257,258,259,260,284,285,286,287,309,333,334,338,341,342,345,346,347,352,353,356,357,358,359,366,367,371,372,375,377,378,381,382,383,385,386,387,388,391,392,397,398,404,406,407,417,419,421,431,432,435,438,440,441,442,443,444,447,450,452,453,454,463,465,471,473,483,491,494,496,499,503,507,517,521,522,524,525,531,536,538,539,540,541,542,543,546,547,549,550,553,554,556,557,565,568,570,571,574,575,577,578,579,580,582,583,585,586,591,593,594,595,596,598,600,601,604,605,607,608,609,612,614,615,618,619,620,624,629,634,635,638,639,641,642,643,646,647,652,656,657,658,661,663,664,665,666,667,668,669,672,678,679,680,681,682,683,684,685,687,689,690,692,693,694,695,696,697,698,699,700,703,704,705,708,709,710,711,713,722,736,738,756,757,759,785,799,801,819,820,822
0064_00025	10,11,12,13,15,16,19,20,21,24,25,26,179,180,184,185,186,187,193,256,258,284,285,286,287,288,333,334,339,341,345,346,347,352,353,356,357,364,366,367,371,372,375,377,378,381,385,391,392,406,417,421,431,435,438,442,447,450,452,453,465,471,491,496,503,517,521,525,541,546,547,550,553,557,565,571,579,583,585,586,593,594,596,600,601,604,608,609,613,614,619,629,634,635,641,646,647,657,658,661,665,666,669,678,679,680,684,689,697,698,709,710,711,717,735,759,780,798,822
0064_00026	10,11,12,13,15,19,38,179,180,186,187,193,194,256,258,260,284,285,286,287,295,333,334,342,343,344,345,346,347,352,353,356,357,362,366,367,371,372,375,382,383,385,391,392,406,417,431,435,442,447,471,477,491,499,517,521,525,541,542,543,549,551,553,557,565,566,567,571,574,575,579,583,585,590,592,595,596,600,604,605,607,609,615,616,619,620,621,627,633,635,638,641,642,652,656,660,661,665,667,669,678,679,680,681,689,690,697,698,699,709,710,711,715,778
0064_00031	10,11,12,13,15,19,20,21,179,180,186,187,256,258,284,285,286,287,300,309,333,334,341,342,345,352,353,356,357,367,371,372,375,377,378,381,382,383,385,391,393,394,406,407,417,421,431,435,438,440,441,442,444,447,450,452,453,465,471,477,491,494,496,499,503,517,521,525,536,542,543,545,546,547,549,550,553,554,557,565,566,568,571,574,575,579,580,581,583,585,586,590,593,595,596,598,600,601,604,605,607,608,609,614,618,619,620,624,625,627,629,631,634,635,638,639,641,642,644,646,652,656,657,658,661,663,665,666,667,668,669,672,673,674,678,679,680,681,684,685,689,690,693,699,700,705,709,710,711,715,736,759,762,778,799,822,825
0064_00033	10,11,12,13,19,20,21,24,25,144,145,179,180,256,284,285,287,288,309,333,334,336,340,342,345,347,353,356,357,364,367,371,372,375,381,382,383,385,406,407,417,421,431,435,441,442,444,447,453,471,477,491,499,517,521,525,536,542,543,549,553,557,565,566,568,571,572,574,575,579,580,583,585,590,595,596,600,604,605,607,609,615,618,619,620,621,627,633,635,638,640,641,642,652,656,661,663,664,665,667,668,669,678,679,680,681,682,685,689,690,697,699,700,709,710,711,713,736,799,841,846,861,862
0064_00035	10,11,12,13,15,16,17,19,20,24,179,180,181,182,186,188,189,193,256,257,258,284,285,286,287,288,300,333,334,339,341,345,346,352,353,356,357,359,365,366,371,372,375,376,377,379,380,382,385,388,390,391,392,394,397,398,404,417,419,420,421,430,431,435,439,440,442,443,444,447,450,451,452,454,465,467,471,473,483,485,488,491,494,496,503,505,507,517,520,521,522,524,525,529,531,536,539,540,541,546,547,550,553,554,556,557,561,565,569,570,571,573,579,581,583,585,586,593,594,596,597,600,602,604,608,609,612,614,619,622,625,629,634,635,637,641,644,646,647,648,651,655,657,658,661,665,669,674,675,677,678,679,680,684,689,697,709,710,711,713,756,819
0064_00036	10,11,12,13,19,20,179,183,284,285,287,309,333,334,335,345,353,375,381,407,417,421,431,435,441,442,444,447,453,491,517,525,554,557,565,574,583,600,620,641,661,665,668,672,679,680,689,697,698,709,710,711,712
0064_00038	10,11,12,13,19,20,21,24,144,145,147,151,179,180,183,186,187,193,284,285,287,288,309,333,334,335,336,338,340,342,345,347,353,367,375,381,406,407,417,421,431,433,435,442,444,447,463,491,517,525,536,538,554,557,564,568,572,580,582,583,600,606,611,615,618,638,640,641,643,661,662,663,672,673,679,680,681,682,685,689,690,691,693,694,697,698,699,700,701,702,705,706,709,710,711,712,713,777,778,798,799,819,820,840,841,861,862,867
0064_00041	10,11,12,15,16,17,19,20,21,144,146,147,151,154,179,181,182,184,185,186,256,257,258,259,284,285,286,287,300,301,309,333,334,340,342,345,346,347,352,353,356,357,359,360,366,367,371,373,374,375,376,377,379,380,385,386,388,389,390,391,392,394,397,398,404,406,407,417,419,431,436,439,442,443,446,447,448,450,451,454,465,468,471,473,478,483,485,488,491,492,496,505,507,516,518,520,521,522,524,525,531,539,541,546,550,553,556,557,561,565,567,568,571,572,573,577,578,583,586,593,594,597,601,602,608,613,614,615,618,622,629,634,637,638,639,640,645,655,657,658,660,663,664,666,675,681,682,683,684,691,692,703,709,713
0064_00052	10,11,12,13,15,16,19,20,144,146,147,151,153,154,179,180,181,182,186,256,257,258,284,285,286,287,300,333,334,339,340,341,342,345,346,347,352,353,356,357,358,359,366,367,371,372,373,374,375,377,378,381,385,386,387,388,391,392,393,394,397,400,401,404,406,417,419,421,431,432,435,436,438,441,442,443,444,446,447,448,450,453,454,465,471,473,483,491,492,494,496,503,507,517,521,522,524,525,528,529,531,536,539,540,541,546,547,549,550,553,554,556,557,565,571,574,575,577,578,579,580,581,583,585,586,593,595,596,598,600,601,604,605,608,609,614,615,619,620,624,625,629,634,635,638,639,641,642,644,656,657,658,661,665,666,667,669,672,673,674,678,679,680,681,683,684,685,686,689,690,693,697,698,699,705,709,710,711,713,759,822
0064_00054	10,11,12,13,14,19,20,21,22,23,179,180,182,186,187,189,193,196,200,207,256,257,258,260,284,285,287,309,333,334,340,342,345,347,348,353,356,357,367,368,371,372,375,381,382,383,385,386,406,407,410,417,421,431,433,435,442,444,447,463,471,477,491,494,499,517,521,525,536,538,542,543,545,549,553,554,557,564,565,566,568,571,572,574,575,576,579,580,582,583,585,589,590,591,595,596,598,600,604,605,606,607,609,611,615,618,619,620,621,624,626,627,631,633,635,638,640,641,642,643,652,654,656,661,662,663,664,665,667,668,669,672,673,678,679,680,681,682,685,687,689,690,691,693,694,697,698,699,700,701,702,705,706,709,710,711,715,736,741,757,762,778,799,804,820,825
0064_00056	10,11,12,13,14,15,19,20,21,22,23,179,182,186,189,193,196,284,285,286,287,309,333,334,336,338,339,340,341,342,345,346,347,348,352,353,366,367,368,375,381,391,392,406,407,417,421,431,433,435,437,441,442,444,447,449,453,491,517,525,536,541,554,557,564,565,567,568,572,580,582,583,593,600,611,614,615,616,618,638,639,640,641,642,643,660,661,662,663,664,665,672,673,679,680,681,682,685,687,689,690,691,693,694,697,698,699,701,702,705,706,709,710,711
0064_00057	10,11,12,13,15,19,20,144,145,179,180,183,186,187,190,193,200,256,284,285,286,287,309,333,334,335,336,338,341,342,345,352,353,356,357,366,371,372,375,377,378,385,391,392,407,417,421,431,433,435,438,442,444,447,450,463,465,471,491,496,503,517,521,525,536,538,541,546,547,550,553,554,557,565,571,579,580,583,585,586,593,596,600,601,604,608,609,614,618,619,629,634,635,638,641,658,661,665,666,669,672,678,679,680,681,684,685,689,690,693,697,698,699,700,705,709,710,711,712,713,717,777,780,798,819,840,841,861,862
0064_00059	10,11,12,13,15,16,17,19,20,24,25,38,39,144,146,147,151,154,179,180,256,257,258,259,260,284,285,286,287,288,295,300,301,333,334,339,341,342,343,345,346,352,353,356,357,358,359,363,365,366,371,372,373,374,375,377,382,385,388,391,393,394,397,406,410,417,419,421,423,431,432,433,434,435,436,438,440,442,443,444,445,446,447,448,450,452,454,463,465,468,471,477,478,491,494,496,497,499,502,504,516,517,521,522,524,525,529,531,536,537,538,539,541,542,543,546,549,550,551,553,554,556,557,565,566,567,570,571,574,575,577,579,580,581,583,585,586,590,592,593,594,595,596,598,599,600,601,602,603,604,605,606,607,608,609,610,612,614,615,616,617,619,620,621,622,624,627,629,633,634,635,638,639,641,642,644,645,646,647,652,656,657,658,660,661,665,666,667,669,672,673,678,679,680,681,683,684,685,686,689,690,692,693,694,695,696,697,703,705,708,709,710,711
0064_00061	10,11,12,15,16,19,20,21,144,147,179,181,182,256,257,284,285,286,287,300,309,333,340,342,345,346,347,352,353,356,359,366,367,371,372,373,374,376,377,380,382,385,388,390,391,392,393,394,397,398,400,401,404,406,407,417,419,421,435,436,440,442,443,444,446,447,448,450,451,452,454,465,473,483,485,488,489,492,494,496,503,505,507,517,520,522,524,528,531,536,539,540,541,546,547,550,554,556,561,567,568,572,573,577,581,583,586,593,594,597,602,613,614,615,618,622,625,629,637,638,639,640,644,646,647,648,651,655,657,658,660,663,664,673,674,675,681,682,683,684,691,692,703
0064_00062	10,11,12,13,19,20,21,144,145,179,180,186,187,193,194,284,285,287,309,333,334,335,336,340,342,345,347,353,367,375,381,407,421,441,444,453,536,572,580,583,618,638,680,681,685,689,690,691,693,697,698,699,700,702,705,709,710,711,712,713,777,778,798,799,819,820,840,861
0064_00063	10,11,12,15,16,17,19,20,21,144,146,147,179,181,182,256,257,258,259,284,285,286,287,300,333,334,336,339,341,345,346,347,352,353,356,358,359,360,366,367,374,375,376,377,378,379,380,381,382,385,387,388,389,390,391,392,393,394,397,398,400,401,404,406,417,419,421,432,438,439,440,441,442,443,444,448,450,451,452,453,454,465,473,483,485,486,488,489,492,494,495,496,500,505,507,520,522,524,528,529,531,536,537,539,541,546,548,550,554,556,561,567,568,570,573,580,581,586,594,597,602,603,612,613,614,615,616,622,625,629,637,638,644,648,655,658,663,674,675,709
0064_00065	10,11,12,15,16,17,19,20,21,144,146,147,179,181,182,256,257,258,259,284,285,286,287,300,309,333,334,336,339,340,341,342,345,346,347,352,353,356,358,359,360,366,367,374,375,376,377,378,379,380,381,382,385,387,388,389,390,391,392,393,394,397,398,400,401,404,406,407,417,419,421,432,438,439,440,441,442,443,444,448,450,451,452,453,454,465,473,483,485,486,488,489,492,494,495,496,500,505,507,520,522,524,528,529,531,536,537,539,541,546,548,550,554,556,561,567,568,570,572,573,580,581,586,594,597,602,603,612,613,614,615,616,618,622,625,629,637,638,640,644,648,655,658,663,664,674,675,709
0064_00066	10,11,12,13,15,16,19,20,21,34,144,145,179,180,228,229,284,285,286,287,294,300,309,333,334,335,336,339,340,341,342,345,346,347,350,352,353,354,366,367,369,375,381,391,393,394,406,407,413,417,421,433,435,440,441,442,444,447,452,453,491,508,517,529,536,537,541,557,570,572,580,583,593,612,614,615,618,638,641,642,644,646,647,657,659,680,681,682,685,687,689,690,693,694,697,698,699,700,705,706,709,710,711,712,713,777,798,819,861
0064_00067	10,11,12,13,15,16,17,19,20,144,146,147,179,180,186,187,256,257,258,260,284,285,286,287,300,301,309,333,334,336,339,341,345,346,352,353,356,357,359,360,366,371,372,375,376,380,381,385,390,391,392,399,407,417,419,421,423,431,435,439,440,441,442,443,444,447,451,452,453,465,471,487,491,516,517,518,521,523,525,531,536,537,539,541,550,553,556,557,565,567,571,577,579,580,583,585,593,596,600,603,604,608,609,614,618,619,629,634,635,638,641,646,647,657,660,661,665,669,678,679,680,684,685,689,697,698,709,710,711,713,714,756,777,819
0064_00072	10,11,12,15,16,17,19,144,146,147,151,153,154,179,180,256,257,258,284,285,286,287,300,333,334,337,341,345,346,352,353,356,357,358,359,360,366,371,372,375,376,377,378,380,385,387,388,390,391,393,394,397,400,401,404,417,419,421,431,432,435,438,439,440,442,443,444,447,450,451,452,454,465,471,473,483,485,486,488,489,491,494,496,500,503,505,507,517,520,521,524,525,528,529,531,536,539,540,541,546,547,548,550,553,554,556,557,561,565,570,571,573,577,579,580,581,583,585,586,593,594,596,597,598,600,601,604,608,609,612,614,619,624,625,629,634,635,637,641,644,655,657,658,661,665,666,669,672,673,674,675,678,679,680,684,685,686,689,693,705,709,710,711,738,759,771,801,822,834
0064_00073	10,11,12,13,14,15,16,17,18,19,20,21,22,144,146,147,151,153,154,158,160,161,165,167,168,179,180,185,186,187,193,194,200,201,207,256,257,258,259,260,262,284,285,286,287,300,333,334,336,339,341,342,345,346,347,352,353,356,357,358,359,360,366,367,371,372,373,374,375,376,377,378,380,381,382,383,385,386,387,388,390,391,392,393,394,397,400,401,404,406,417,419,421,431,432,435,436,438,439,440,442,443,444,446,447,448,450,451,452,453,454,465,471,473,477,483,485,486,488,489,491,492,496,499,500,503,505,507,517,520,521,522,524,525,528,529,531,536,537,539,540,541,542,543,546,547,548,549,550,553,556,557,560,561,565,566,570,571,573,574,575,577,579,580,583,585,586,590,593,595,596,597,598,600,601,603,604,605,607,608,609,612,614,615,619,620,621,627,629,633,634,635,637,638,639,641,642,644,646,647,652,655,656,657,658,661,665,666,667,669,675,678,679,680,681,683,684,685,689,690,692,693,697,698,699,700,703,704,705,709,710,711,713,714,715,717,735,736,738,756,757,759,771,777,778,780,798,799,801,819,820,822,834
0064_00076	10,11,12,13,14,15,16,17,18,19,20,21,22,23,144,146,147,149,150,151,153,154,156,157,158,160,161,163,164,165,167,168,170,171,172,179,183,186,190,256,257,258,259,260,261,262,263,284,285,286,287,300,309,333,334,335,336,341,345,352,353,356,357,358,359,367,371,372,375,377,378,381,385,387,388,391,393,394,397,400,401,404,406,407,417,419,421,431,432,435,438,441,442,443,444,447,450,453,454,465,471,473,483,491,496,503,507,517,521,524,525,528,531,536,539,540,546,547,550,553,554,556,557,565,571,574,578,579,580,583,585,586,593,594,595,596,600,601,602,604,608,609,614,618,619,620,622,629,634,635,638,641,642,644,657,658,661,665,666,667,669,672,673,678,679,680,681,682,683,684,685,686,687,688,689,690,692,693,696,697,698,699,700,703,704,705,708,709,710,711,712,713
0064_00077	10,11,12,15,16,17,19,20,21,144,146,147,151,154,179,181,182,256,257,258,259,284,285,286,287,300,309,333,340,341,342,345,346,347,352,353,356,358,359,360,366,367,374,376,377,378,379,380,385,387,388,389,390,391,392,394,397,398,404,406,407,417,419,432,438,439,442,443,448,450,451,454,465,473,483,485,486,488,492,496,500,505,507,520,522,524,531,539,541,546,548,550,556,561,567,568,570,572,573,583,586,593,594,597,602,612,613,614,615,618,622,629,637,638,639,640,655,657,658,660,663,664,675,681,682,683,684,691,692,703
0064_00079	10,11,12,13,15,19,20,21,38,39,179,180,186,187,256,258,284,285,286,287,295,300,309,333,334,340,342,343,345,346,347,352,353,356,357,363,366,367,371,372,382,383,385,391,393,394,406,407,417,431,435,442,447,471,491,499,502,504,517,521,525,529,541,542,543,549,551,553,557,565,567,568,571,572,574,575,576,579,583,585,591,592,593,595,596,599,600,604,605,607,608,609,614,615,618,619,620,635,638,640,641,642,644,652,656,657,660,661,663,665,667,668,669,678,679,680,681,684,689,690,691,697,698,699,702,709,710,711,715,735,753,757,760,778,798,816,820,823
0064_00081	10,11,12,13,15,16,19,20,144,146,147,179,180,186,187,193,194,284,285,286,287,300,309,333,334,336,337,338,339,341,342,345,346,352,353,366,391,392,393,394,407,420,421,430,440,444,452,529,537,541,569,570,583,593,603,612,614,618,638,639,644,646,647,657,677,680,681,684,689,690,692,697,698,699,700,703,704,709,710,711,798,799,801,806
0064_00082	10,11,12,13,14,15,16,17,19,20,21,22,144,146,147,149,150,151,153,154,158,179,180,181,182,184,185,186,187,193,194,200,207,242,247,248,256,257,258,260,284,285,286,287,300,309,333,334,335,336,338,339,340,341,342,345,346,347,352,353,356,357,358,359,366,367,371,372,375,377,378,381,382,383,385,386,387,388,391,392,393,394,397,400,401,404,406,407,417,419,421,431,432,435,438,441,442,443,444,447,450,453,454,463,465,471,473,477,483,491,496,499,503,507,517,521,524,525,528,531,536,538,539,540,541,542,543,546,547,549,550,553,556,557,565,566,567,568,571,574,575,577,578,579,580,581,582,583,585,586,590,593,594,595,596,598,600,601,604,605,607,608,609,614,615,618,619,620,627,629,634,635,638,639,640,641,642,643,644,652,653,656,657,658,660,661,663,664,665,666,667,669,678,679,680,681,682,683,684,685,687,689,690,692,693,696,697,698,699,700,703,704,705,708,709,710,711,712,713,715,717,735,743,757,759,778,780,785,798,799,806,813,820,822,825,827
0064_00083	10,11,12,13,14,15,16,17,19,20,21,22,144,146,147,149,150,151,153,154,158,179,180,181,182,184,185,186,187,193,194,200,207,242,247,248,256,257,258,260,284,285,286,287,300,309,333,334,335,336,338,339,340,341,342,345,346,347,352,353,356,357,358,359,366,367,371,372,375,377,378,381,382,383,385,386,387,388,391,392,393,394,397,400,401,404,406,407,417,419,421,431,432,435,438,441,442,443,444,447,449,450,452,453,454,463,465,471,473,477,483,491,496,499,503,507,517,521,524,525,528,531,536,538,539,540,541,542,543,546,547,549,550,553,556,557,565,566,567,568,571,574,575,577,578,579,580,581,582,583,585,586,590,593,594,595,596,598,600,601,604,605,607,608,609,614,615,618,619,620,627,629,634,635,638,639,640,641,642,643,644,646,647,652,653,656,657,658,660,661,663,664,665,666,667,669,678,679,680,681,682,683,684,685,687,689,690,692,693,696,697,698,699,700,703,704,705,708,709,710,711,712,713,715,717,735,743,757,759,778,780,785,798,799,806,813,820,822,825,827
0064_00084	10,11,12,13,14,15,16,17,19,20,21,22,144,146,147,149,150,151,153,154,158,179,180,184,185,186,187,191,192,193,194,200,207,228,233,234,256,257,258,260,284,285,286,287,300,309,333,334,335,336,338,339,340,341,342,345,346,347,352,353,356,357,358,359,366,367,371,372,375,377,378,381,382,383,385,386,387,388,391,392,393,394,397,400,401,404,406,407,417,419,421,431,432,435,438,441,442,443,444,447,450,453,454,463,465,471,473,477,483,491,496,499,503,507,517,521,524,525,528,531,536,538,539,540,541,542,543,546,547,549,550,553,556,557,565,566,567,568,571,574,575,577,578,579,580,581,582,583,585,586,590,593,594,595,596,598,600,601,604,605,607,608,609,614,615,618,619,620,627,629,634,635,638,639,640,641,642,643,644,652,653,656,657,658,660,661,663,664,665,666,667,669,678,679,680,681,682,683,684,685,687,689,690,692,693,696,697,698,699,700,703,704,705,708,709,710,711,712,713,715,717,735,743,757,759,778,780,785,798,799,806,813,820,822,825,827
0064_00085	10,11,12,13,15,16,19,20,144,146,147,179,180,181,182,184,185,186,191,192,193,200,256,257,258,284,285,286,287,333,334,335,339,341,345,346,347,352,353,356,357,358,359,366,367,371,372,375,377,378,381,385,386,387,388,391,392,397,398,404,406,417,419,421,431,432,435,438,441,442,443,444,447,450,453,454,465,471,473,483,491,496,503,507,517,521,524,525,531,537,539,540,541,546,547,550,553,554,556,557,565,567,570,571,574,577,578,579,583,585,586,593,595,596,600,601,603,604,608,609,612,614,615,616,619,620,629,634,635,641,657,658,660,661,665,666,667,669,672,673,678,679,680,684,689,697,698,709,710,711,712,713,759,822
0064_00087	10,11,19,20,21,144,150,284,285,287,309,333,340,342,345,347,353,367,381,406,407,417,421,441,442,444,453,463,491,499,525,538,554,557,568,572,574,595,615,618,620,638,640,641,642,661,663,664,667,672,679,682
0064_00088	10,11,12,13,19,144,145,179,180,186,187,284,285,287,309,333,334,335,336,340,342,345,347,353,367,375,407,417,431,435,442,447,491,525,557,565,572,583,600,618,638,641,642,661,665,679,680,681,689,690,697,698,709,710,711,712,713,819,840,861
0064_00089	10,11,12,13,19,20,179,180,185,186,256,284,285,287,309,333,334,336,338,342,345,353,356,357,375,382,383,385,406,407,417,431,442,471,477,491,499,521,525,542,549,553,557,565,566,571,574,575,579,583,585,590,591,595,596,604,605,607,609,615,618,619,620,621,627,633,635,638,641,642,652,656,661,665,667,668,669,678,679,680,681,682,689,690,697,698,699,700,709,710,711,713,714,720,735,736,756,757,777,783,798,799,819,820
0064_00090	10,11,12,15,19,20,21,179,180,284,285,286,287,300,309,333,334,338,339,340,341,342,345,346,347,352,353,366,367,391,393,394,407,529,541,567,568,572,583,593,614,618,638,639,640,644,657,660,664,680,681,682,683,684,689,690,691,692,699,700,702,703,704,709,710,711,778,783,785,799,801,804,806,820,825,827
0064_00091	10,11,12,13,14,15,16,17,18,19,20,116,117,179,180,181,182,184,185,186,187,188,189,193,200,207,256,257,258,284,285,286,287,300,333,334,336,339,341,342,345,346,352,353,356,357,359,366,367,371,372,373,374,375,376,377,378,379,380,382,383,385,388,390,391,392,393,394,397,404,406,417,419,421,431,435,436,438,439,440,442,443,444,446,447,448,450,451,452,454,465,471,473,477,483,485,488,491,492,494,496,499,500,503,505,507,517,520,521,522,524,525,529,531,536,537,539,541,542,543,544,546,547,548,549,550,553,554,556,557,561,565,566,567,570,571,573,574,575,577,579,580,583,585,586,590,593,594,595,596,597,598,600,601,602,603,604,605,607,608,609,612,614,616,619,620,622,624,627,629,634,635,637,638,641,642,644,646,647,652,655,656,657,658,660,661,665,666,667,669,672,673,675,678,679,680,681,683,684,685,687,689,690,693,696,700,705,708,709,710,711,717,736,764,780,792,799,827
0064_00092	10,11,12,13,15,16,19,20,21,24,144,147,179,180,181,182,186,187,193,194,200,256,257,258,284,285,286,287,288,300,333,334,336,339,340,341,342,345,346,347,352,353,356,357,358,359,365,366,367,371,372,373,374,375,377,381,385,388,391,393,394,397,404,406,417,419,421,431,432,435,436,438,441,442,443,444,446,447,448,450,452,453,454,465,471,473,483,491,492,496,503,507,517,521,522,524,525,529,531,536,539,540,541,546,547,550,553,556,557,560,565,571,577,578,579,580,583,585,586,593,596,600,601,604,608,609,613,614,615,619,629,634,635,638,641,644,646,647,657,658,661,665,666,669,678,679,680,681,684,685,687,689,690,693,697,698,699,700,705,709,710,711,713,777,780,798,801,819
0064_00093	10,11,12,13,15,16,17,19,24,25,144,146,147,179,180,181,182,186,256,257,258,259,260,284,285,286,287,288,301,309,333,334,336,338,341,342,345,346,352,353,356,357,358,359,365,366,371,372,373,374,375,376,377,380,385,388,390,391,397,404,407,417,419,423,431,432,435,436,438,442,443,446,447,448,450,451,454,465,468,471,473,483,485,487,488,491,492,496,497,505,507,516,517,518,520,521,522,524,525,531,539,540,541,546,549,550,553,556,557,561,565,567,571,573,574,575,577,579,583,585,586,593,594,596,597,600,601,602,604,608,609,614,618,619,620,622,629,634,635,637,638,639,641,642,655,656,658,660,661,665,666,668,669,675,678,679,680,681,684,689,690,692,697,698,699,703,709,710,711,713
0064_00098	10,11,19,20,21,284,285,287,309,333,340,342,345,347,353,367,407,568,572,583,618,638,640,664,681,682,691
0064_00100	10,11,12,13,15,16,19,20,144,146,147,179,180,181,182,184,185,186,187,193,200,256,257,258,284,285,286,287,300,309,333,334,336,339,340,341,342,345,346,347,352,353,356,357,358,359,366,367,371,372,375,377,378,381,385,386,387,388,391,392,393,394,397,400,401,404,406,407,417,419,421,431,432,435,438,441,442,443,444,447,450,453,454,465,471,473,483,491,496,503,507,517,521,524,525,528,531,536,539,540,541,546,547,550,553,556,557,565,570,571,572,577,578,579,580,582,583,585,586,593,596,600,601,604,608,609,612,614,618,619,629,634,635,638,640,641,643,644,657,658,661,665,666,669,678,679,680,681,684,685,689,690,692,693,696,697,698,699,700,703,704,705,708,709,710,711,713,759,778,798,799,819,820,822
0064_00102	10,11,12,15,16,19,20,144,147,179,181,182,256,257,284,285,286,287,300,309,333,340,342,345,346,347,352,353,356,359,366,367,371,372,373,374,376,377,379,380,385,388,390,391,392,394,397,398,404,406,407,417,419,421,435,436,439,442,443,446,447,448,450,451,452,454,465,473,483,485,488,492,496,503,505,507,517,520,522,524,531,539,540,541,546,547,550,556,561,568,572,573,577,583,586,593,594,597,602,613,614,615,618,622,629,637,638,644,646,647,648,655,657,658,663,664,675,681,683,684,691,692,703
0064_00105	10,11,12,15,16,17,19,20,21,144,147,179,181,182,256,257,284,285,286,287,300,301,309,333,334,339,340,341,342,345,346,347,352,353,356,357,359,366,367,371,373,374,375,376,377,380,382,385,388,390,391,392,393,394,397,398,400,401,404,406,407,417,419,421,423,431,436,440,442,443,444,446,447,448,450,451,452,454,465,473,483,485,488,489,492,494,496,505,507,520,522,524,528,531,536,539,541,546,550,554,556,561,567,568,572,573,577,581,583,586,593,594,597,600,602,613,614,615,616,618,622,625,629,637,638,639,646,647,648,651,655,657,658,663,664,673,674,675,681,683,684,691,692,703
0064_00108	10,11,12,13,15,16,19,20,144,146,147,151,153,154,179,180,256,257,258,284,285,286,287,300,333,334,339,341,345,346,347,352,353,356,357,358,359,366,367,371,372,373,374,375,377,378,381,385,386,387,388,391,392,393,394,397,400,401,404,406,417,419,421,431,432,435,436,438,442,443,446,447,448,450,452,453,454,465,471,473,483,491,492,496,503,507,517,521,522,524,525,528,529,531,539,540,541,546,547,550,553,556,557,560,565,567,571,577,578,579,583,585,586,593,596,600,601,604,608,609,613,614,616,619,629,634,635,638,641,644,646,647,657,658,660,661,665,666,669,678,679,680,681,684,689,690,697,698,699,709,710,711,713,717,735,759,780,798,822
