id	bits.on
0064_00001	50,53,57,72,74,75,76,85,86,89,93,95,97,98,99,100,104,108,109,111,114,115,116,120,121,122,123,126,127,128,129,131,132,133,136,137,138,139,140,141,142,143,145,146,147,148,149,150,152,153,154,155,156,157,158,159,160,161,163,164,165
0064_00002	33,36,38,54,57,58,62,65,66,67,72,74,75,77,79,80,82,83,85,86,88,90,92,94,95,96,97,98,100,104,109,110,111,112,113,116,117,118,120,121,122,124,126,127,129,130,131,132,133,135,137,138,139,141,142,143,144,146,147,148,149,150,151,152,153,155,156,157,158,159,160,161,162,163,164,165
0064_00003	24,38,49,51,55,56,58,60,61,63,65,67,70,71,73,75,77,79,80,83,85,86,88,94,95,96,97,100,102,108,111,112,114,116,119,120,121,122,124,129,130,132,133,135,136,137,138,140,142,144,146,147,148,149,150,153,155,156,158,159,160,161,162,164,165
0064_00004	36,65,75,77,79,81,83,85,87,88,95,96,100,103,107,109,120,121,122,126,129,132,134,137,138,142,144,148,150,152,153,155,157,158,161,162,163,164,165
0064_00005	37,38,43,53,65,75,77,78,79,80,83,85,86,87,89,90,91,92,96,97,98,100,103,104,106,107,110,111,113,117,118,119,120,121,122,127,128,129,131,133,134,136,137,138,142,143,144,147,148,150,151,153,154,155,156,158,159,161,162,163,164,165
0064_00006	32,33,51,54,55,58,60,61,67,69,73,82,86,88,90,91,94,95,98,100,102,104,106,109,111,112,113,114,115,116,117,118,121,123,124,126,127,128,129,130,131,132,136,137,138,139,140,142,143,145,146,147,148,151,152,153,154,155,156,157,158,159,160,161,162,163,164,165
0064_00007	62,65,83,85,89,92,96,98,100,105,110,111,117,118,120,121,122,125,127,131,136,137,142,143,145,147,148,150,151,153,154,156,158,159,161,162,163,164,165
0064_00008	37,38,43,57,65,71,72,77,80,83,87,93,94,95,96,97,98,102,103,105,106,107,110,113,117,120,121,124,125,126,127,131,133,134,135,137,140,141,142,143,144,145,146,149,150,151,152,154,156,157,158,159,160,161,162,163,164,165
0064_00009	25,33,36,43,58,65,67,77,78,79,80,82,83,87,88,90,91,94,96,100,103,104,105,106,107,111,119,120,121,124,130,131,133,134,135,137,138,142,144,147,150,151,153,156,158,161,162,163,165
0064_00010	53,54,57,72,80,82,84,89,90,91,95,97,98,100,104,109,111,120,123,126,127,129,131,132,133,137,138,139,140,142,143,145,146,150,151,152,153,155,156,157,158,159,161,163,164,165
0064_00011	38,41,65,75,77,79,80,83,85,86,92,93,96,97,98,100,105,108,110,111,115,116,117,120,121,122,128,129,132,133,135,137,138,142,145,147,148,149,150,151,153,154,155,156,158,160,161,162,163,164,165
0064_00012	53,54,57,72,82,83,89,90,91,96,98,105,109,112,114,120,123,125,127,131,132,137,138,139,140,143,144,145,146,150,152,153,155,157,159,160,162,163,164,165
0064_00013	38,77,78,79,82,83,90,96,100,104,111,119,120,121,128,129,137,138,142,147,151,153,155,156,158,161,162,163,165
0064_00014	32,33,37,43,51,55,58,59,60,61,64,67,69,73,77,81,82,88,89,90,91,94,97,100,102,104,106,110,111,112,114,115,116,117,118,124,130,131,136,142,146,147,148,149,151,153,154,155,156,158,159,160,161,162,163,164,165
0064_00015	24,49,54,56,63,70,71,72,89,94,95,97,102,113,119,122,124,125,127,130,131,133,135,136,139,140,143,144,145,146,148,150,152,154,156,157,158,159,160,161,162,163,164,165
0064_00016	53,87,97,103,107,123,125,131,133,134,135,139,144,145,150,151,154,156,157,158,159,160,161,162,163,164,165
0064_00017	47,73,81,85,88,93,105,106,110,113,117,122,125,126,127,133,135,143,145,148,149,152,156,157,158,160,161,162,163,164,165
0064_00018	75,85,86,97,98,100,108,111,115,118,121,122,128,129,137,138,145,147,148,149,152,153,154,155,158,160,161,162,163,164,165
0064_00019	74,85,91,100,108,111,113,116,122,125,127,139,141,143,144,145,147,148,149,150,152,153,155,156,157,158,160,161,162,163,164,165
0064_00020	37,42,59,62,64,65,75,77,80,81,85,88,89,93,97,98,106,107,110,112,113,117,120,121,122,125,126,127,133,134,135,136,137,140,142,143,144,145,146,148,149,150,151,152,154,156,157,158,159,160,161,162,163,164,165
0064_00021	19,75,85,87,90,91,92,97,100,103,104,105,107,110,111,117,118,121,122,125,127,131,132,133,134,135,136,137,139,142,143,144,145,146,147,148,149,150,151,152,153,154,156,157,158,159,160,161,162,163,164,165
0064_00022	33,39,40,48,55,57,58,60,61,67,69,72,73,74,83,84,88,89,90,94,96,98,102,105,106,108,109,112,117,120,123,124,126,129,130,132,136,137,138,140,141,146,148,149,151,152,153,155,156,157,159,160,161,163,164,165
0064_00023	38,41,52,62,65,69,77,79,80,83,94,96,98,120,121,124,125,137,142,145,151,156,161,162,163,165
0064_00024	57,65,66,72,74,79,80,83,85,86,89,90,91,92,93,96,97,98,100,104,105,109,110,112,113,114,115,117,120,121,122,123,125,127,128,131,132,136,137,138,139,140,141,142,143,144,145,146,148,149,150,152,153,154,155,156,157,158,159,160,161,162,163,164,165
0064_00025	23,42,75,80,85,93,98,100,105,106,107,108,109,110,111,112,114,116,117,121,122,123,125,126,129,133,134,135,136,137,138,140,141,142,144,145,146,148,149,150,153,154,155,156,157,158,159,160,161,162,163,164,165
0064_00026	50,74,76,85,86,93,95,99,100,103,109,111,113,115,116,118,122,125,126,127,132,134,138,143,145,147,148,149,152,153,155,157,158,160,161,162,163,164,165
0064_00027	32,33,37,43,51,53,55,58,59,60,61,64,65,67,69,73,74,77,80,81,88,89,94,97,98,102,106,110,112,117,121,124,125,130,131,133,135,136,137,141,142,144,145,146,148,149,150,151,154,156,158,159,160,161,162,163,164,165
0064_00028	22,38,47,52,53,54,59,62,64,65,69,75,77,79,80,81,83,85,86,88,90,92,93,94,96,98,100,106,110,111,115,116,117,118,120,121,122,124,125,129,131,133,135,137,138,142,145,147,148,149,151,153,154,156,158,160,161,162,163,164,165
0064_00029	22,27,37,38,42,62,65,75,77,80,85,87,89,92,93,97,98,105,106,107,110,111,113,117,120,121,122,125,127,131,133,134,135,136,137,140,141,142,143,144,145,146,148,149,150,151,154,156,158,159,160,161,162,163,164,165
0064_00030	82,84,90,91,100,118,123,129,131,139,147,151,153,154,155,157,158,159,161,163,164,165
0064_00031	53,72,92,93,97,99,110,113,117,123,125,126,127,131,133,135,136,139,140,143,144,145,146,149,150,151,152,154,156,157,158,159,160,161,162,163,164,165
0064_00032	25,38,52,65,77,79,80,83,85,86,94,96,98,100,105,106,114,116,120,121,122,124,133,135,137,138,141,142,148,149,153,155,156,158,160,161,162,163,165
0064_00033	42,53,72,74,89,90,91,96,99,104,106,107,108,109,112,113,118,123,126,127,128,129,131,132,134,139,140,143,146,147,149,150,152,153,154,155,157,159,160,162,163,164,165
0064_00034	37,38,52,62,65,75,77,79,80,83,85,86,87,94,95,96,97,98,100,103,105,106,107,110,111,113,117,118,120,121,122,124,125,127,128,129,133,134,135,137,138,142,143,144,145,147,148,150,153,154,155,156,158,161,162,163,164,165
0064_00035	37,38,41,42,62,65,75,77,79,80,84,85,86,87,89,90,91,92,93,97,98,100,104,106,107,108,110,111,113,117,118,120,121,122,125,127,128,129,133,134,135,136,137,138,142,143,144,145,147,148,150,151,153,154,155,156,158,159,160,161,162,163,164,165
0064_00036	50,66,74,76,99,108,112,115,116,118,123,139,141,147,149,150,154,157,159,160,163,164,165
0064_00037	72,89,108,109,116,123,126,132,136,138,140,141,146,149,152,153,154,155,157,159,160,164
0064_00038	26,42,50,57,66,72,74,76,82,83,87,89,91,96,99,101,104,105,107,108,109,112,115,116,120,123,127,128,129,131,132,134,136,137,139,140,141,143,145,146,147,149,150,152,153,154,155,157,159,160,163,164,165
0064_00039	25,38,53,62,65,77,79,80,84,98,105,106,120,121,125,131,133,135,137,142,144,145,150,151,156,158,161,162,163,165
0064_00040	32,33,36,38,43,51,53,55,58,59,60,61,64,67,69,73,77,80,81,84,87,88,94,97,98,102,103,105,106,107,112,117,120,121,124,127,130,131,134,135,136,137,140,142,143,144,145,146,148,150,151,156,158,159,161,162,163,164,165
0064_00041	38,52,53,54,57,62,65,72,75,77,78,79,80,82,83,84,85,89,90,91,92,93,94,95,96,97,98,105,109,110,117,119,120,121,122,124,127,131,132,133,135,137,139,140,142,143,145,146,148,150,151,152,153,155,156,157,158,159,160,161,162,163,164,165
0064_00042	47,59,64,65,77,79,81,83,87,88,93,96,97,103,105,106,107,113,120,121,125,126,127,134,137,142,143,144,145,150,151,152,156,157,160,161,162,163,164,165
0064_00043	36,42,59,75,79,80,81,85,86,88,93,98,100,105,106,107,111,112,115,116,118,120,121,122,125,128,129,134,135,137,138,142,144,145,147,148,153,155,156,158,160,161,162,163,165
0064_00044	66,75,85,86,90,91,97,98,100,104,111,112,118,121,122,128,129,132,137,138,139,145,147,148,152,153,155,157,158,161,162,163,164,165
0064_00045	66,72,74,85,86,89,93,95,109,111,112,113,114,116,122,123,125,126,127,140,141,143,144,145,146,148,149,150,152,153,154,155,156,157,158,159,160,161,162,163,164,165
0064_00046	72,75,79,82,85,86,89,91,93,97,98,100,104,108,111,113,118,120,121,122,126,127,129,137,138,141,142,143,144,145,146,147,148,149,150,151,152,153,155,157,158,159,160,161,162,163,164,165
0064_00047	25,38,53,65,72,77,80,84,89,90,93,98,106,113,120,121,125,126,127,131,133,135,137,141,142,143,144,145,146,149,150,151,152,155,156,157,158,159,160,161,162,163,164,165
0064_00048	19,74,75,80,85,86,93,100,105,108,115,121,122,125,128,135,137,138,141,142,144,145,147,148,149,153,155,156,158,160,161,162,163,165
0064_00049	38,65,74,77,79,85,86,93,98,100,111,115,116,121,122,125,129,133,135,137,138,142,145,147,148,149,153,155,156,158,160,161,162,163,165
0064_00050	36,47,57,66,72,81,83,88,89,90,91,92,96,98,105,106,108,109,110,112,113,115,116,117,120,121,125,126,127,129,131,132,136,137,139,140,141,143,144,145,146,147,149,150,151,152,153,154,155,156,157,158,159,160,161,162,163,164,165
0064_00051	65,82,85,86,89,92,97,98,100,109,110,114,116,117,121,122,125,128,137,138,139,142,145,148,153,154,155,156,157,158,159,160,161,162,163,164,165
0064_00052	19,65,75,83,85,93,96,97,98,105,108,111,116,120,121,122,123,126,127,128,129,132,137,142,143,145,147,148,151,152,154,156,157,158,159,160,161,162,163,164,165
0064_00053	19,30,49,66,72,83,85,86,96,97,98,100,105,111,112,118,121,122,123,125,126,127,128,129,132,137,138,139,143,145,146,147,148,152,153,154,156,157,158,159,161,162,163,164,165
0064_00054	53,54,57,62,72,82,89,90,91,98,104,105,109,113,118,120,123,125,126,127,131,132,137,138,139,140,143,144,145,146,147,150,152,153,154,155,157,159,160,162,163,164,165
0064_00055	54,72,79,82,86,89,90,91,92,93,98,100,104,110,111,113,117,118,121,126,127,129,131,133,137,138,140,141,142,143,144,145,146,147,149,150,151,152,153,154,156,157,158,159,160,161,162,163,164,165
0064_00056	50,54,57,66,72,74,76,85,86,89,90,93,95,97,98,99,104,108,109,112,114,115,116,120,122,123,126,127,128,129,131,132,133,136,137,139,140,141,143,145,146,148,149,150,152,153,154,155,156,157,158,159,160,161,163,164,165
0064_00057	26,50,62,66,72,74,76,85,86,90,91,93,96,99,104,105,108,112,115,116,118,122,127,128,129,132,133,135,136,139,141,143,145,146,147,148,149,150,152,154,156,157,158,159,160,161,162,163,164,165
0064_00058	30,49,66,75,85,86,90,91,95,98,100,105,109,111,112,118,121,122,125,126,128,129,132,137,138,139,145,147,148,152,153,155,157,158,159,161,162,163,164,165
0064_00059	42,52,54,57,62,65,72,75,79,80,82,83,84,87,90,92,93,94,95,96,97,100,103,104,107,110,111,117,120,121,122,124,131,134,137,142,144,148,150,151,152,153,154,155,156,158,159,160,161,162,163,164,165
0064_00060	37,38,62,65,75,77,79,80,82,85,86,89,90,92,93,95,97,98,100,104,106,108,110,111,113,117,118,120,121,122,125,126,127,128,129,133,135,136,137,138,141,142,143,144,145,146,147,148,149,150,151,152,153,154,155,156,157,158,159,160,161,162,163,164,165
0064_00061	37,53,54,57,62,65,72,75,77,80,82,83,85,89,90,91,92,95,96,97,98,106,109,110,113,117,120,121,122,127,131,132,133,136,137,139,140,142,143,144,146,148,150,151,152,153,154,155,156,157,158,159,161,162,163,164,165
0064_00062	66,90,91,96,104,105,108,112,115,116,118,123,127,128,129,131,132,139,140,141,143,145,146,147,149,150,152,154,155,157,159,160,163,164,165
0064_00063	25,28,38,43,65,72,74,75,77,79,80,83,84,85,86,91,92,95,96,97,98,100,105,106,109,110,113,117,120,121,122,123,126,127,129,131,132,133,135,136,137,138,140,142,143,146,147,148,149,151,153,154,155,156,157,158,159,160,161,162,163,164,165
0064_00064	32,33,51,55,57,58,59,60,61,62,64,65,67,69,71,73,81,83,84,88,94,96,97,102,106,112,117,120,121,124,125,130,136,137,142,144,145,146,148,150,151,152,156,159,160,161,162,163,164,165
0064_00065	25,28,38,43,65,72,74,75,77,79,80,82,83,84,85,89,90,91,92,95,96,97,98,100,105,106,109,110,113,117,120,121,122,123,126,127,129,131,132,133,135,136,137,138,139,140,142,143,146,148,149,151,152,153,154,155,156,157,158,159,160,161,162,163,164,165
0064_00066	34,54,66,74,79,81,82,84,88,90,91,92,95,96,99,100,101,105,108,110,112,115,116,117,118,123,126,127,128,129,131,132,136,138,139,140,141,142,143,146,147,149,150,151,152,153,154,155,156,157,158,159,160,161,163,164,165
0064_00067	38,52,62,65,69,70,74,77,79,80,83,85,91,92,94,95,96,100,108,110,111,114,115,116,117,118,120,121,122,123,124,125,128,129,130,131,132,136,137,139,141,142,144,145,146,147,148,149,150,151,153,154,155,156,157,158,159,160,161,162,163,164,165
0064_00068	38,42,46,65,72,75,77,80,85,86,87,93,97,98,100,105,107,109,111,113,115,116,118,120,121,122,125,126,127,129,133,134,135,137,138,142,143,144,145,147,148,149,150,151,152,153,155,156,157,158,159,160,161,162,163,164,165
0064_00069	32,33,38,51,52,55,58,59,60,61,62,64,65,67,73,75,77,79,80,81,83,85,86,88,92,94,95,96,97,98,100,102,105,106,108,109,110,111,112,113,114,115,116,117,118,120,121,122,124,125,126,127,129,130,136,137,138,140,141,142,143,144,145,146,147,148,149,150,151,152,153,154,155,156,157,158,159,160,161,162,163,164,165
0064_00070	36,37,38,47,57,65,77,78,80,81,83,87,88,90,91,95,96,98,103,105,106,107,109,110,111,113,115,117,119,120,121,125,126,127,131,133,134,135,137,138,142,143,144,145,150,151,152,153,155,156,157,158,159,160,161,162,163,164,165
0064_00071	38,52,65,77,79,87,94,98,103,105,107,111,120,121,124,125,133,134,135,137,142,145,151,155,156,158,161,162,163,165
0064_00072	38,54,62,65,66,77,79,80,82,83,84,90,91,92,96,97,100,104,105,108,110,111,112,115,116,117,118,120,121,131,137,142,147,151,153,154,156,158,160,161,162,163,164,165
0064_00073	23,38,57,62,65,74,75,77,79,83,85,86,90,91,92,93,95,96,97,98,100,105,106,108,109,110,111,113,115,116,117,120,121,122,123,125,126,131,136,137,138,140,141,142,144,145,146,147,148,149,150,151,152,153,154,155,156,157,158,159,160,161,162,163,164,165
0064_00074	66,74,85,86,90,91,93,97,100,104,112,113,115,118,122,126,127,128,129,132,139,141,143,145,147,148,149,152,153,155,157,158,159,160,161,162,163,164,165
0064_00075	41,66,72,74,85,86,93,100,108,111,112,113,115,116,118,122,125,126,127,128,129,138,140,141,142,143,144,145,146,147,148,149,150,152,153,155,157,158,159,160,161,162,163,164,165
0064_00076	26,34,50,65,66,76,80,83,90,91,93,96,99,104,105,108,112,116,118,120,121,123,126,131,132,136,137,139,140,141,142,144,145,146,147,149,150,151,154,155,156,157,159,160,161,162,163,164,165,166
0064_00077	38,53,54,57,62,65,72,75,77,79,80,82,83,84,85,89,90,91,92,95,96,97,98,105,109,110,117,120,121,122,127,131,132,133,135,137,139,140,142,143,146,148,150,151,152,153,155,156,157,158,159,161,162,163,164,165
0064_00078	42,50,62,76,87,90,91,92,93,96,99,107,110,113,117,118,123,125,126,127,131,133,134,135,136,139,140,143,144,145,146,147,150,151,152,154,156,157,158,159,160,161,162,163,164,165
0064_00079	53,54,72,82,86,87,89,90,91,95,100,103,104,107,109,111,113,118,125,126,127,128,129,131,132,134,138,139,140,143,144,145,146,147,150,151,152,153,155,157,158,159,161,162,163,164,165
0064_00080	41,57,62,65,72,75,79,83,84,85,86,90,91,92,95,96,98,100,105,110,111,117,118,120,121,122,125,128,129,131,133,135,137,138,142,145,147,148,151,152,153,154,155,156,158,159,161,162,163,164,165
0064_00081	41,53,66,75,79,82,83,85,91,92,95,96,97,100,101,104,105,110,111,112,117,118,121,122,127,128,129,131,132,133,137,138,139,142,143,145,147,148,150,151,152,153,154,155,156,157,158,159,161,163,164,165
0064_00082	62,65,66,72,75,80,83,85,86,89,90,91,93,95,96,97,98,99,100,104,105,108,111,112,113,114,116,118,120,121,122,123,125,126,127,128,129,131,132,135,136,137,138,139,140,141,142,143,144,145,146,147,148,149,150,151,152,153,154,155,156,157,158,159,160,161,162,163,164,165
0064_00083	62,65,66,72,75,80,83,85,86,89,90,91,93,95,96,97,98,99,100,104,105,108,110,111,112,113,114,116,117,118,120,121,122,123,125,126,127,128,129,131,132,135,136,137,138,139,140,141,142,143,144,145,146,147,148,149,150,151,152,153,154,155,156,157,158,159,160,161,162,163,164,165
0064_00084	50,62,65,66,72,75,76,80,83,85,86,89,90,91,93,95,96,97,98,99,100,101,105,108,111,112,113,114,116,120,121,122,123,125,126,127,128,129,131,135,136,137,138,139,140,141,142,143,144,145,146,147,148,149,150,151,152,153,154,155,156,157,158,159,160,161,162,163,164,165
0064_00085	45,65,66,76,79,83,85,86,95,96,98,99,100,105,108,109,111,112,114,116,118,120,121,122,123,126,128,129,137,138,142,144,145,147,148,149,153,154,155,156,157,158,159,160,161,162,163,164,165
0064_00086	51,55,58,59,60,61,62,64,65,67,73,81,87,88,92,93,98,102,103,107,110,112,117,121,124,125,130,133,134,135,136,137,142,144,145,146,148,150,151,154,156,158,159,160,161,162,163,164,165
0064_00087	53,54,57,72,76,82,83,89,91,96,99,104,109,123,127,131,132,137,139,140,143,146,150,152,153,154,155,157,159,164,165
0064_00088	34,50,66,74,76,90,96,99,104,105,108,112,115,116,118,127,128,129,132,139,141,143,145,147,149,150,152,155,157,160,163,164,165
0064_00089	57,66,74,91,98,105,108,112,113,115,116,118,127,128,129,132,137,139,141,143,144,145,147,149,150,152,155,157,159,160,162,163,164,165
0064_00090	53,54,66,72,82,89,90,91,95,97,104,109,111,112,127,128,131,132,133,138,139,140,143,146,150,151,152,153,155,156,157,158,159,161,163,164,165
0064_00091	22,25,38,62,65,74,75,77,79,80,85,86,90,92,93,95,98,100,104,105,106,108,110,111,113,114,117,118,120,121,122,125,126,127,128,129,131,133,135,136,137,138,141,142,143,144,145,146,147,148,149,150,151,152,153,154,155,156,157,158,159,160,161,162,163,164,165
0064_00092	23,42,57,62,65,83,87,90,91,96,98,99,104,105,106,107,108,109,110,111,114,117,120,121,123,125,126,127,128,129,133,134,136,137,140,142,143,145,146,147,149,151,152,153,154,155,156,157,158,159,160,161,162,163,164,165
0064_00093	42,52,65,66,75,77,79,80,83,87,94,95,96,97,98,100,104,107,111,112,116,120,121,122,124,125,132,134,137,139,142,144,145,148,150,152,153,155,156,157,158,160,161,162,163,164,165
0064_00094	24,68,69,71,72,90,91,92,94,102,104,110,111,117,118,124,128,129,131,132,133,135,136,139,142,146,147,151,154,155,156,158,159,161,162,163,164,165
0064_00095	59,62,64,75,79,81,82,85,86,88,91,98,100,104,111,118,120,121,122,125,129,133,135,137,138,142,144,145,147,148,149,150,151,153,156,158,160,161,162,163,165
0064_00096	25,38,52,62,65,69,75,77,80,83,84,85,92,94,96,97,98,100,105,106,110,113,114,117,120,121,122,124,125,127,131,133,135,137,142,143,144,145,148,149,150,151,153,154,155,156,158,160,161,162,163,164,165
0064_00097	22,38,42,57,62,65,66,72,77,83,87,90,92,96,97,98,105,106,107,110,112,113,117,120,121,123,125,131,133,134,135,136,137,139,140,142,144,145,146,150,151,152,154,156,157,158,159,160,161,162,163,164,165
0064_00098	53,54,72,82,89,90,91,104,109,128,131,132,138,139,140,146,152,153,155,157,159,164
0064_00099	38,66,74,77,78,79,82,83,90,96,100,104,111,112,116,119,120,121,128,129,137,138,141,142,144,147,149,150,151,153,155,156,158,160,161,162,163,165
0064_00100	65,79,83,85,86,89,90,91,93,96,98,100,104,105,111,118,120,121,122,123,126,127,128,129,131,132,137,138,139,142,143,144,145,146,147,148,150,151,152,153,154,156,157,158,159,160,161,162,163,164,165
0064_00101	23,32,33,51,55,58,59,60,61,64,65,67,69,73,75,81,83,85,88,89,91,92,93,94,96,102,105,106,108,110,112,113,117,118,121,122,123,124,125,126,127,130,131,132,133,135,136,137,140,141,142,143,144,145,146,147,148,149,150,151,152,154,155,156,157,158,159,160,161,162,163,164,165
0064_00102	37,38,57,62,65,72,75,77,80,82,83,84,85,89,90,91,92,96,97,98,106,109,110,111,113,117,120,121,122,127,128,129,131,132,133,135,137,139,142,143,144,146,147,148,150,151,152,153,154,155,156,157,158,159,161,162,163,164,165
0064_00103	19,36,59,81,88,105,123,125,127,132,136,137,139,143,144,145,146,152,154,157,159,160,162,163,164,165
0064_00104	32,33,38,51,52,55,57,58,59,60,61,62,64,65,67,69,73,77,79,80,81,83,88,92,93,94,95,96,97,98,102,106,110,112,113,117,120,121,124,125,126,127,130,133,135,136,137,140,142,143,144,145,146,148,149,150,151,156,157,158,159,160,161,162,163,164,165
0064_00105	37,49,52,57,62,65,70,72,75,77,80,82,83,85,89,91,92,94,95,96,97,98,106,109,110,111,113,117,119,120,121,122,124,127,128,129,130,131,132,133,136,137,139,140,142,143,144,146,148,150,151,152,153,154,155,156,157,158,159,160,161,162,163,164,165
0064_00106	13,24,36,37,54,69,71,72,77,81,83,84,88,94,95,96,102,105,106,110,117,122,124,131,137,139,142,148,151,154,156,158,159,160,161,162,163,164,165
0064_00107	32,33,36,38,62,65,67,75,77,79,81,83,85,86,87,88,90,92,94,96,98,100,103,104,105,107,110,111,117,118,120,121,122,124,125,127,128,129,132,133,134,135,137,138,142,143,144,145,147,148,150,151,153,154,155,156,158,161,162,163,164,165
0064_00108	23,57,65,74,83,85,86,90,91,93,95,96,100,104,105,106,109,110,111,115,116,117,120,121,122,123,127,131,137,138,142,143,147,148,149,151,153,154,155,156,157,158,159,160,161,162,163,164,165
0064_00109	32,33,51,55,57,58,60,61,65,67,69,71,73,80,83,84,88,94,96,97,102,104,105,106,111,112,117,120,121,124,130,132,136,137,142,146,148,151,152,153,155,156,159,161,162,163,164,165
0064_00110	37,57,65,77,83,84,87,95,96,103,105,106,107,110,117,120,121,133,134,135,137,142,151,152,156,158,161,162,163,164,165
