id	bits.on
0193_0001	29,38,48,49,54,57,62,65,69,72,75,77,79,80,83,84,85,89,90,91,92,95,96,97,98,102,105,106,109,110,112,117,120,121,122,124,125,126,127,130,131,132,133,135,136,137,138,139,140,142,143,145,146,148,150,151,152,153,154,155,156,157,158,159,161,162,163,164,165
0193_0002	54,84,90,91,92,95,104,110,111,117,123,131,132,136,139,142,146,147,151,154,155,156,157,158,159,161,164
0193_0003	40,51,53,55,58,60,61,67,69,73,82,84,88,90,97,100,102,104,111,124,130,131,132,138,139,147,148,151,153,155,158,159,161,164
0193_0004	29,38,43,48,54,57,62,65,69,72,75,77,79,80,83,85,89,90,91,92,95,96,97,98,102,105,106,109,110,112,113,117,120,121,122,124,126,127,130,131,132,133,136,137,139,140,142,143,146,148,150,151,152,153,154,155,156,157,158,159,161,162,163,164,165
0193_0005	53,54,66,72,89,90,91,104,112,123,131,132,136,139,140,146,152,154,155,157,159,164
0193_0006	53,54,84,89,95,123,131,139,146,151,152,154,156,157,158,159,160,161,164
0193_0007	38,65,77,79,80,83,96,98,105,120,121,137,142,151,156,161,162,163,165
0193_0008	53,54,57,72,82,89,90,92,95,97,98,104,109,110,112,117,123,127,131,132,133,136,137,139,140,143,146,150,151,152,153,154,155,156,157,158,159,160,161,163,164,165
0193_0009	54,84,90,91,95,97,104,111,123,131,132,133,135,136,139,142,144,146,150,151,152,154,155,156,157,158,159,161,162,163,164,165
0193_0011	53,54,84,90,95,97,104,111,123,131,132,136,139,140,146,151,154,155,156,157,158,159,161,164
0193_0012	37,38,43,53,54,65,77,79,80,83,89,92,95,96,97,98,105,106,110,113,117,120,121,127,131,136,137,142,143,146,151,154,156,159,161,162,163,164,165
0193_0013	37,38,53,54,57,62,65,72,75,77,80,82,83,84,85,89,90,91,92,95,96,97,98,106,109,110,113,117,120,121,122,127,131,132,133,135,137,139,140,142,143,144,146,148,150,151,152,153,154,155,156,157,158,159,161,162,163,164,165
0193_0015	53,54,82,84,88,90,95,104,111,123,131,139,151,153,154,155,156,157,158,159,161,164
0193_0016	37,43,54,77,82,84,90,91,95,100,104,106,110,111,117,118,123,131,136,139,142,146,147,151,153,154,155,156,157,158,159,161,164
0193_0017	39,40,48,51,53,55,58,60,61,67,69,73,82,84,88,90,97,100,102,104,106,111,112,124,130,131,132,136,138,139,146,147,148,151,153,155,158,159,161,164
0193_0018	53,54,57,72,82,89,90,91,98,109,123,127,131,132,137,139,140,143,146,150,152,153,154,155,157,159,163,164,165
0193_0019	65,97,98,121,123,137,139,154,157,159,161,162,163,164,165
0193_0020	38,53,54,57,62,65,72,75,77,79,80,82,83,85,89,90,91,92,95,96,97,98,105,109,110,113,117,120,121,122,127,131,132,133,137,139,140,142,143,146,148,150,151,152,153,154,155,156,157,158,159,161,162,163,164,165
0193_0022	37,38,43,65,77,80,84,97,98,106,110,113,117,120,121,127,131,133,135,137,142,143,151,154,156,158,161,162,163,164,165
0193_0023	54,84,90,91,95,114,115,123,131,139,149,151,154,155,156,157,158,159,160,161,164
0193_0025	54,84,90,91,95,104,111,123,131,132,136,139,140,146,147,151,154,155,156,157,158,159,161,164
0193_0026	53,54,57,72,76,82,83,89,91,96,99,104,109,123,127,131,132,137,139,140,143,146,150,152,153,154,155,157,159,164,165
0193_0027	104,113,123,127,131,132,139,143,146,152,154,155,157,159,162,163,164,165
0193_0028	53,54,57,72,82,89,90,91,92,95,97,98,109,110,117,123,127,131,132,133,137,139,140,143,146,150,151,152,153,154,155,156,157,158,159,160,161,163,164,165
0193_0031	53,54,72,82,89,90,91,104,109,123,131,132,139,140,146,152,153,154,155,157,159,164
0193_0032	53,54,66,72,89,90,91,104,112,123,127,131,132,139,140,143,146,150,152,154,157,159,163,164,165
0193_0033	37,43,53,54,77,80,89,90,91,92,95,97,98,104,106,110,111,117,120,121,123,127,131,132,136,137,139,140,142,143,146,151,154,156,157,158,159,161,163,164,165
0193_0035	54,82,90,91,95,98,100,104,111,118,121,123,129,131,137,139,147,151,153,154,156,157,158,159,161,163,164,165
0193_0038	54,84,86,88,90,91,93,95,104,111,115,116,123,131,139,147,151,153,154,155,156,157,158,159,160,161,164
0193_0039	25,38,43,53,54,65,77,79,80,82,84,90,91,92,95,97,98,100,104,105,106,110,111,113,117,120,121,123,125,127,131,132,133,135,136,137,138,139,140,142,143,144,145,146,147,151,153,154,155,156,157,158,159,161,162,163,164,165
0193_0040	38,54,65,77,79,80,83,84,96,98,105,120,121,131,133,135,137,142,151,156,158,161,162,163,165
0193_0041	38,54,57,62,65,72,75,77,79,80,83,84,85,86,88,89,90,91,92,93,95,96,97,98,105,110,115,117,120,121,122,127,131,132,133,135,137,139,142,143,146,148,150,151,152,153,155,156,157,158,159,160,161,162,163,164,165
0193_0042	37,53,57,62,65,72,75,77,80,82,83,85,89,90,91,92,96,97,98,104,106,109,110,111,113,117,120,121,122,127,128,129,131,132,133,136,137,139,140,142,143,144,146,148,150,151,152,153,154,155,156,157,158,159,160,161,162,163,164,165
0193_0044	37,43,53,54,65,77,80,89,92,95,97,98,106,110,113,117,120,121,123,127,131,136,137,139,140,142,143,146,151,154,156,157,159,161,162,163,164,165
0193_0045	29,43,48,69,82,84,90,91,95,100,102,104,106,109,111,112,124,126,130,131,132,138,139,140,146,147,148,151,153,155,157,158,159,161,164
0193_0046	37,38,43,53,54,65,77,79,80,83,89,92,95,96,97,98,105,106,110,113,117,120,121,127,131,136,137,142,143,151,154,156,159,161,162,163,164,165
0193_0047	25,38,43,53,54,65,77,78,79,80,82,84,90,91,92,95,97,98,100,104,105,106,110,111,113,117,119,120,121,123,125,127,131,132,133,135,136,137,138,139,140,142,143,144,145,146,147,151,153,154,155,156,157,158,159,161,162,163,164,165
0193_0048	14,54,67,84,88,90,95,104,111,123,124,129,131,136,138,139,140,142,146,151,153,154,155,156,157,158,159,161,164
0193_0050	54,65,83,84,90,91,95,96,104,105,111,121,123,131,137,139,142,151,154,155,156,157,158,159,161,162,163,164,165
0193_0051	29,37,43,48,54,57,62,65,69,72,75,77,80,83,85,89,90,91,92,95,96,97,98,102,106,109,110,112,113,117,120,121,122,124,126,127,130,131,132,133,136,137,139,140,142,143,144,146,148,150,151,152,153,154,155,156,157,158,159,161,162,163,164,165
0193_0052	54,82,83,90,91,95,96,100,104,111,118,121,123,131,137,139,147,151,153,154,156,157,158,159,161,164,165
0193_0053	37,43,53,65,77,80,89,92,97,98,106,110,113,117,120,121,127,131,136,137,142,143,144,150,151,154,156,159,160,161,162,163,164,165
0193_0056	37,53,54,57,62,65,72,75,77,80,82,83,85,89,90,91,92,95,96,97,98,106,109,110,113,117,120,121,122,127,131,132,133,136,137,139,140,142,143,144,146,148,150,151,152,153,154,155,156,157,158,159,161,162,163,164,165
0193_0058	53,54,65,77,79,80,82,83,84,90,92,95,96,97,100,104,110,111,117,120,121,123,128,131,132,136,137,139,142,146,147,151,153,154,155,156,157,158,159,161,162,164,165
0193_0059	65,80,84,92,97,98,110,117,121,137,142,151,154,156,158,161,162,163,164,165
0193_0060	50,53,54,72,76,89,90,91,99,104,123,127,131,132,139,140,143,146,150,152,154,157,159,163,164,165
0193_0061	90,104,123,131,132,136,139,140,146,147,154,155,157,159,164
0193_0062	54,84,90,95,104,111,123,131,139,151,154,155,156,157,158,159,161,162,163,164,165
0193_0063	37,43,53,65,77,80,89,92,97,98,106,110,113,117,120,121,127,131,136,137,142,143,151,154,156,159,161,162,163,164,165
0193_0065	53,54,84,90,95,97,104,111,123,131,132,136,139,140,146,151,154,155,156,157,158,159,161,164
0193_0066	29,37,38,43,48,57,62,65,69,72,75,77,80,83,84,85,89,90,92,96,97,98,102,104,106,109,110,111,112,113,117,120,121,122,124,126,127,128,129,130,131,132,133,135,136,137,139,140,142,143,144,146,148,150,151,152,153,154,155,156,157,158,159,161,162,163,164,165
0193_0067	38,54,65,77,79,80,83,92,95,96,97,98,105,110,113,117,120,121,127,131,137,142,143,151,154,156,161,162,163,164,165
0193_0068	25,43,77,78,84,85,86,90,93,95,100,104,106,115,119,122,123,131,132,139,142,148,151,153,154,155,156,157,158,159,160,161,164
0193_0069	54,72,84,90,91,95,104,111,113,123,127,131,139,140,143,144,146,150,151,152,154,155,156,157,158,159,161,162,163,164,165
0193_0070	25,38,43,53,54,57,62,65,72,75,77,79,80,82,83,84,85,89,90,91,92,95,96,97,98,105,106,109,110,113,117,120,121,122,127,131,132,133,135,137,139,140,142,143,146,148,150,151,152,153,154,155,156,157,158,159,161,162,163,164,165
0193_0071	37,43,53,77,80,82,89,90,91,92,97,98,100,104,106,110,111,117,120,121,127,131,132,136,137,142,143,147,151,153,154,156,158,159,161,163,164,165
0193_0072	53,54,72,89,90,104,123,131,132,136,139,140,146,152,154,155,157,159,164
0193_0073	54,82,84,90,91,95,100,104,111,118,123,129,131,139,142,147,151,153,154,155,156,157,158,159,161,164
0193_0074	54,84,90,95,104,111,113,123,127,131,139,143,146,151,152,154,155,156,157,158,159,161,162,163,164,165
0193_0075	53,54,72,82,89,90,104,109,131,132,138,139,146,152,153,155,157,159,164
0193_0076	53,54,80,84,90,92,95,97,104,110,111,117,123,131,132,136,139,142,146,151,154,155,156,157,158,159,161,164
0193_0077	54,74,84,95,123,131,139,149,151,154,156,157,158,159,160,161,164
0193_0078	25,38,43,54,65,77,79,80,83,84,92,95,96,97,98,105,106,110,113,117,120,121,127,131,133,135,137,142,143,151,154,156,158,161,162,163,164,165
0193_0079	53,54,82,84,90,91,95,97,104,109,111,123,131,132,139,146,147,151,153,154,155,156,157,158,159,161,164
0193_0080	53,65,82,89,90,91,95,97,98,108,109,113,121,127,129,131,137,138,139,143,144,146,150,152,153,155,156,157,159,160,161,162,163,164,165
0193_0081	29,38,43,48,57,62,65,69,72,75,77,79,80,83,84,85,89,90,92,96,97,98,102,104,105,106,109,110,111,112,117,120,121,122,124,126,127,128,129,130,131,132,133,135,137,139,140,142,143,146,148,150,151,152,153,155,156,157,158,159,161,162,163,164,165
0193_0082	53,54,72,89,123,131,136,139,140,146,152,154,157,159,164
0193_0083	29,48,49,54,57,62,65,69,72,75,80,83,84,85,89,90,91,92,95,96,97,98,102,106,109,110,112,117,120,121,122,124,126,127,130,131,132,133,136,137,139,140,142,143,146,148,150,151,152,153,154,155,156,157,158,159,161,162,163,164,165
0193_0084	25,38,43,54,65,77,79,80,82,84,90,91,92,95,97,98,100,104,105,106,110,111,113,117,120,121,123,125,127,131,132,133,135,136,137,139,140,142,143,145,146,147,151,153,154,155,156,157,158,159,161,162,163,164,165
0193_0085	53,54,72,89,90,91,104,123,131,132,136,139,140,146,152,154,155,157,159,164
0193_0088	53,82,84,90,97,100,115,123,131,139,151,153,154,155,157,158,159,160,161,164
0193_0089	53,54,79,82,84,88,90,91,92,95,100,104,110,111,117,123,128,131,132,136,138,139,142,146,151,153,154,155,156,157,158,159,161,164
0193_0091	25,43,77,78,84,90,95,100,104,106,119,123,131,132,139,142,151,153,154,155,156,157,158,159,161,164
0193_0092	25,43,75,77,78,79,83,85,86,90,91,92,93,95,96,97,100,104,106,110,111,115,117,119,120,121,122,127,131,132,133,137,142,143,148,150,151,153,154,156,158,160,161,164,165
0193_0093	54,65,83,90,91,92,95,96,104,105,108,110,111,117,121,123,131,136,137,139,142,146,151,154,155,156,157,158,159,160,161,162,163,164,165
0193_0094	50,76,90,91,99,104,123,131,132,136,139,140,146,154,155,157,159,164
0193_0095	53,54,57,72,82,89,90,91,92,95,97,98,109,110,117,123,127,131,132,133,137,139,140,143,146,150,151,152,153,154,155,156,157,158,159,160,161,163,164,165
0193_0096	29,43,48,53,54,57,69,72,89,90,91,98,102,106,109,112,123,124,126,127,130,131,132,137,139,140,143,146,148,150,152,153,155,157,159,163,164,165
0193_0097	54,84,90,91,95,104,111,118,123,131,136,139,140,142,146,147,151,154,155,156,157,158,159,161,164
0193_0098	54,84,90,91,95,104,111,118,123,131,132,136,139,140,146,147,151,154,155,156,157,158,159,161,164
0193_0099	37,38,53,57,62,65,72,75,77,80,82,83,84,85,89,90,91,92,96,97,98,104,106,109,110,111,113,117,120,121,122,127,128,129,131,132,133,135,137,139,140,142,143,144,146,148,150,151,152,153,154,155,156,157,158,159,161,162,163,164,165
0193_0100	54,72,82,84,95,100,104,113,127,131,132,139,143,144,146,150,151,152,153,155,157,158,159,161,162,163,164,165
0193_0101	29,43,48,53,54,57,69,72,84,89,90,91,95,97,98,102,106,109,112,123,124,126,127,130,131,132,133,137,139,140,143,146,148,150,151,152,153,155,156,157,158,159,161,163,164,165
0193_0103	50,54,72,76,89,90,99,104,123,127,131,132,136,139,140,143,146,150,152,154,157,159,163,164,165
0193_0104	53,80,82,84,86,90,100,104,111,118,128,129,131,138,142,147,151,153,155,158,161
0193_0105	53,54,82,84,88,90,91,95,104,111,123,131,139,147,151,153,154,155,156,157,158,159,161,164
0193_0106	37,38,65,75,77,79,80,83,85,89,92,93,95,96,97,98,105,106,110,113,117,120,121,122,127,136,137,142,143,144,148,149,150,151,154,156,158,159,160,161,162,163,164,165
0193_0107	54,74,84,90,95,104,111,115,123,131,139,149,151,154,155,156,157,158,159,160,161,164
0193_0108	53,54,57,72,82,89,90,91,98,109,120,123,126,127,131,132,137,138,139,140,143,145,146,150,152,153,155,157,159,163,164,165
0193_0109	30,49,74,85,86,93,95,100,104,112,115,122,123,132,139,141,148,149,153,154,155,157,158,159,160,161,164
0193_0110	54,65,83,84,90,91,95,96,104,105,111,121,123,131,137,139,142,151,154,155,156,157,158,159,161,162,163,164,165
0193_0111	40,49,51,54,55,58,60,61,67,73,84,88,90,95,97,102,104,111,123,124,130,131,132,136,139,140,146,148,151,153,154,155,156,157,158,159,161,164
0193_0112	54,84,90,91,95,97,104,109,111,118,123,126,128,129,131,132,136,139,140,146,147,151,153,154,155,156,157,158,159,161,164
0193_0113	37,38,43,53,54,77,79,80,83,84,89,92,95,96,97,106,110,117,120,121,127,131,133,136,137,142,143,146,150,151,154,156,158,159,161,164,165
0193_0115	53,54,57,72,83,89,96,123,127,131,136,137,139,140,143,146,150,152,154,157,159,164,165
0193_0116	29,43,48,53,69,82,84,90,97,100,102,104,106,111,112,124,130,131,132,138,139,146,147,148,151,153,155,158,159,161,164
0193_0117	3,44,54,84,86,90,91,93,95,104,111,115,116,123,131,139,147,151,153,154,155,156,157,158,159,160,161,164
0193_0119	25,54,74,77,78,84,85,86,90,91,93,95,100,104,106,108,111,118,119,122,123,131,139,142,147,148,149,151,153,154,155,156,157,158,159,160,161,164
0193_0120	53,54,57,72,82,84,89,90,91,95,97,98,109,123,127,131,132,133,137,139,140,143,146,150,151,152,153,155,156,157,158,159,161,163,164,165
0193_0121	37,38,65,75,77,79,80,83,85,89,92,93,95,96,97,98,105,106,110,113,117,120,121,122,127,136,137,142,143,144,148,149,150,151,154,156,158,159,160,161,162,163,164,165
0193_0123	53,54,57,72,82,89,90,91,98,104,109,123,127,128,131,132,137,139,140,143,146,150,152,153,155,157,159,163,164,165
0193_0124	54,65,75,77,79,80,83,84,85,90,93,95,96,104,108,111,120,121,122,123,131,137,139,142,148,151,154,155,156,157,158,159,160,161,162,164,165
0193_0125	53,54,72,82,89,90,91,104,109,131,132,138,139,140,146,152,153,155,157,159,164
0193_0126	54,83,90,91,92,95,96,104,110,111,117,121,123,127,131,132,136,137,139,143,146,147,151,154,156,157,158,159,161,164,165
0193_0127	53,65,82,89,91,95,97,98,109,113,121,123,127,131,137,139,140,143,144,146,150,152,153,154,155,156,157,159,160,161,162,163,164,165
0193_0128	65,95,97,98,121,123,131,136,137,139,140,144,146,150,154,156,157,159,161,162,163,164,165
0193_0130	37,38,65,75,77,79,80,83,85,89,92,93,95,96,97,98,105,106,110,113,117,120,121,122,127,136,137,141,142,143,144,148,149,150,154,156,158,159,160,161,162,163,164,165
0193_0133	38,53,54,57,62,65,72,75,77,78,79,80,82,83,85,89,90,91,92,93,95,96,97,98,105,109,110,117,119,120,121,122,127,131,132,133,135,137,139,140,142,143,144,146,148,150,151,152,153,155,156,157,158,159,160,161,162,163,164,165
0193_0134	37,53,57,62,65,72,75,77,80,82,83,85,89,90,91,92,96,97,98,104,106,109,110,111,113,117,120,121,122,127,128,129,131,132,133,136,137,139,140,142,143,144,146,148,150,151,152,153,154,155,156,157,158,159,161,162,163,164,165
0193_0135	53,54,82,83,90,91,95,96,97,100,104,111,121,123,127,131,132,137,139,143,146,151,152,153,154,156,157,158,159,161,164,165
0193_0136	65,77,79,83,96,99,120,121,123,131,137,139,142,151,154,156,157,159,161,162,164,165
0193_0137	54,84,90,91,95,97,104,111,123,131,132,133,135,136,139,142,144,146,150,151,152,154,155,156,157,158,159,161,162,163,164,165
0193_0138	54,83,90,91,92,95,96,104,110,111,117,121,123,127,131,132,136,137,139,143,146,147,151,154,156,157,158,159,161,164,165
0193_0139	82,90,91,92,100,104,108,110,111,116,117,118,123,131,132,136,139,146,147,151,153,154,155,156,157,158,159,160,161,164
0193_0142	54,72,82,84,91,100,104,111,113,127,131,139,143,144,147,150,151,152,153,155,157,158,159,161,162,163,164,165
0193_0144	54,82,84,90,91,95,100,104,111,118,123,129,131,139,142,147,151,153,154,155,156,157,158,159,161,164
0193_0147	29,43,48,54,69,84,89,90,95,102,104,106,109,111,112,123,124,126,130,131,136,139,140,146,148,151,153,154,155,156,157,158,159,161,164
0193_0150	54,84,86,88,90,91,95,104,111,123,129,131,136,138,139,140,142,146,147,151,153,154,155,156,157,158,159,161,164
0193_0151	54,84,90,91,95,104,111,114,115,123,131,139,147,151,154,155,156,157,158,159,160,161,164
0193_0152	53,66,89,91,104,112,115,123,131,132,136,139,140,146,152,154,155,157,159,160,164
0193_0156	25,43,54,77,78,84,90,91,95,100,104,106,111,118,119,123,131,139,142,147,151,153,154,155,156,157,158,159,161,164
0193_0158	53,54,57,72,89,98,123,127,131,137,139,140,143,146,150,152,157,159,160,163,164,165
0193_0159	14,54,67,84,88,90,91,95,104,111,118,123,124,128,129,131,136,138,139,140,142,146,147,151,153,154,155,156,157,158,159,161,164
0193_0160	54,90,91,93,95,104,108,111,116,123,131,132,136,139,140,146,147,151,154,155,156,157,158,159,160,161,164
0193_0161	54,82,84,90,91,95,100,104,111,118,123,131,139,142,147,151,153,154,155,156,157,158,159,161,164
0193_0162	37,38,43,53,54,57,62,65,72,75,77,79,80,82,83,85,89,90,91,92,95,96,97,98,105,106,109,110,113,117,120,121,122,127,131,132,133,136,137,139,140,142,143,146,148,150,151,152,153,154,155,156,157,158,159,161,162,163,164,165
0193_0164	53,54,65,75,77,79,80,83,84,85,90,91,92,95,96,100,104,110,111,117,118,120,121,122,127,128,131,132,136,137,140,142,143,146,147,148,150,151,153,154,155,156,158,159,161,162,164,165
0193_0166	53,54,90,93,95,97,104,111,116,123,131,132,136,139,140,146,151,154,155,156,157,158,159,160,161,164
0193_0167	53,54,72,89,123,131,136,139,140,146,152,154,157,159,164
0193_0168	53,54,65,77,79,80,83,84,90,95,96,104,111,120,121,123,131,137,139,142,151,154,155,156,157,158,159,161,162,164,165
0193_0170	53,54,80,84,90,92,95,97,104,108,110,111,117,123,131,132,136,139,140,142,146,151,154,155,156,157,158,159,160,161,164
0193_0171	54,82,90,91,95,98,100,104,111,118,121,123,129,131,137,139,147,151,153,154,156,157,158,159,161,163,164,165
0193_0172	29,43,48,53,54,57,69,72,89,90,91,98,102,106,109,112,123,124,126,127,130,131,132,137,139,140,143,146,148,150,152,153,155,157,159,163,164,165
0193_0178	25,43,77,78,82,84,90,91,100,104,106,111,118,119,129,131,138,142,147,151,153,155,156,158,161
0193_0181	54,82,92,95,100,104,110,116,117,123,131,132,136,139,146,151,153,154,155,156,157,158,159,160,161,164
0193_0182	53,54,90,92,95,97,104,108,110,111,117,123,131,132,136,139,140,146,151,154,155,156,157,158,159,160,161,164
0193_0185	25,29,38,43,48,57,62,65,69,72,75,77,79,80,83,84,85,89,90,92,95,96,97,98,102,104,105,106,109,110,111,112,113,117,120,121,122,124,126,127,128,129,130,131,132,133,135,136,137,139,140,142,143,146,148,150,151,152,153,154,155,156,157,158,159,161,162,163,164,165
0193_0188	29,43,48,53,54,69,72,89,90,91,102,104,106,109,112,123,124,126,130,131,132,136,139,140,146,148,152,153,154,155,157,159,164
0193_0190	39,40,48,51,53,54,55,58,60,61,67,69,73,84,88,90,95,97,102,104,106,111,112,123,124,130,131,132,136,139,140,146,148,151,153,154,155,156,157,158,159,161,164
0193_0191	29,38,43,48,54,57,62,65,69,72,75,77,79,80,83,84,85,89,90,91,92,95,96,97,98,102,105,106,109,110,112,117,120,121,122,124,126,127,130,131,132,133,135,137,139,140,142,143,146,148,150,151,152,153,155,156,157,158,159,161,162,163,164,165
0193_0192	53,54,72,82,89,90,91,104,109,123,131,132,139,140,146,152,153,154,155,157,159,164
0193_0194	30,49,74,85,86,93,100,108,111,112,115,116,118,122,123,132,141,147,148,149,153,154,155,157,158,159,160,161,164
0193_0195	29,38,48,57,62,65,69,72,75,77,79,80,82,83,84,85,89,92,95,96,97,98,101,102,105,106,109,110,112,117,120,121,122,124,127,130,131,132,133,135,137,139,140,142,143,146,148,151,152,153,155,156,157,158,159,161,162,163,164,165
0193_0196	57,66,89,90,98,104,109,112,115,116,123,127,129,132,137,139,143,146,147,152,153,154,157,159,160,163,164,165
0193_0200	29,30,43,48,49,69,74,85,86,90,91,93,95,100,102,106,109,111,112,115,116,122,124,126,130,131,132,138,139,140,141,146,147,148,149,153,155,157,158,159,160,161,164
0193_0202	53,54,72,82,84,89,90,91,100,104,111,113,127,131,139,143,144,146,147,150,151,152,153,155,157,158,159,161,162,163,164,165
0193_0205	37,38,43,65,77,80,84,97,98,106,110,113,117,120,121,127,131,133,135,137,142,143,144,150,151,154,156,158,160,161,162,163,164,165
0193_0206	53,54,72,82,89,90,104,109,123,131,132,139,140,146,152,153,154,155,157,159,164
0193_0208	30,49,54,74,84,85,86,90,91,93,95,100,104,108,111,112,115,116,118,122,123,129,131,139,141,142,147,148,149,151,153,154,155,156,157,158,159,160,161,164
0193_0211	29,43,48,53,54,57,69,72,82,89,90,91,98,102,106,109,112,123,124,126,127,130,131,132,137,139,140,143,146,148,150,152,153,155,157,159,163,164,165
0193_0212	29,43,48,65,69,89,90,91,95,97,98,102,106,109,112,113,121,124,126,127,130,131,136,137,139,140,143,144,146,148,150,152,153,154,155,156,157,159,160,161,162,163,164,165
0193_0215	29,43,48,53,54,57,69,72,89,90,91,98,102,106,109,112,123,124,126,127,130,131,132,137,139,140,143,146,148,150,152,153,155,157,159,163,164,165
0193_0216	29,43,48,54,69,72,89,90,102,104,106,109,112,123,124,126,130,131,132,136,139,140,146,148,152,153,154,155,157,159,164
0193_0217	30,49,74,85,86,89,93,95,100,104,108,112,115,122,123,132,139,141,146,148,149,152,153,154,155,157,158,159,160,161,164
0193_0218	29,43,48,69,82,84,90,91,95,100,102,104,106,109,111,112,124,126,130,131,132,138,139,140,146,147,148,151,153,155,157,158,159,161,164
0193_0219	54,84,89,90,95,104,109,111,116,123,126,131,136,139,140,146,151,153,154,155,156,157,158,159,160,161,164
0193_0220	29,37,43,48,57,62,65,69,72,75,77,80,83,85,89,90,91,92,96,97,98,102,104,106,109,110,111,112,113,117,120,121,122,124,126,127,128,129,130,131,132,133,136,137,139,140,142,143,144,146,148,150,151,152,153,154,155,156,157,158,159,160,161,162,163,164,165
0193_0221	29,38,48,57,62,65,69,72,75,77,79,80,83,84,85,89,90,91,92,95,96,97,98,102,105,106,109,110,112,117,120,121,122,124,127,130,131,132,133,135,137,139,140,142,143,145,146,148,150,151,152,153,156,157,158,159,161,162,163,164,165
0193_0222	29,38,48,53,54,57,62,65,69,72,75,77,79,80,82,83,84,85,89,90,91,92,95,96,97,98,102,105,106,109,110,112,117,120,121,122,123,124,126,127,130,131,132,133,135,136,137,138,139,140,142,143,145,146,148,150,151,152,153,155,156,157,158,159,161,162,163,164,165
0193_0223	29,43,48,53,54,69,72,82,89,90,91,102,104,106,109,112,124,126,130,131,132,136,138,139,140,146,148,152,153,154,155,157,159,164
0193_0224	29,38,43,48,57,62,65,69,72,75,77,79,80,83,84,85,89,90,91,92,95,96,97,98,102,105,106,109,110,112,117,120,121,122,124,126,127,130,131,132,133,135,136,137,139,140,142,143,146,148,150,151,152,153,155,156,157,158,159,161,162,163,164,165
0193_0225	24,49,54,56,63,70,71,84,89,90,94,95,102,104,111,113,119,122,123,124,127,130,131,133,135,136,139,140,142,143,144,146,148,150,151,152,154,155,156,157,158,159,161,162,163,164,165
0193_0226	54,82,84,95,100,104,113,127,131,132,139,143,151,152,153,155,157,158,159,161,162,163,164,165
0193_0227	54,82,84,90,91,92,95,100,104,108,110,111,117,118,123,129,131,136,139,142,146,147,151,153,154,155,156,157,158,159,160,161,164
0193_0228	29,37,48,53,54,57,62,65,69,72,75,77,80,82,83,85,89,90,91,92,95,96,97,98,102,106,109,110,112,113,117,120,121,122,123,124,126,127,130,131,132,133,136,137,138,139,140,142,143,144,145,146,148,150,151,152,153,154,155,156,157,158,159,161,162,163,164,165
0193_0229	53,80,82,84,86,90,91,100,104,111,118,128,129,131,138,142,147,151,153,155,158,161
0193_0230	53,65,82,84,90,91,95,97,98,100,108,109,113,121,127,129,131,137,138,139,142,143,144,150,151,152,153,155,156,157,158,159,160,161,162,163,164,165
0193_0231	82,84,90,91,95,100,104,123,129,131,132,136,139,146,147,151,152,153,154,155,157,158,159,161,164
0193_0232	29,37,43,48,57,62,65,69,72,75,77,80,83,85,89,90,91,92,96,97,98,102,104,106,109,110,111,112,113,117,120,121,122,124,126,127,128,129,130,131,132,133,136,137,139,140,142,143,144,146,148,150,151,152,153,154,155,156,157,158,159,161,162,163,164,165
0193_0235	29,37,38,43,48,53,54,57,62,65,69,72,75,77,79,80,83,85,89,90,91,92,95,96,97,98,102,105,106,109,110,112,113,117,120,121,122,124,126,127,130,131,132,133,136,137,139,140,142,143,146,148,150,151,152,153,154,155,156,157,158,159,161,162,163,164,165
0193_0237	25,38,43,53,57,62,65,72,75,77,79,80,82,83,84,85,89,90,91,92,95,96,97,98,104,105,106,109,110,111,113,117,120,121,122,127,128,129,131,132,133,135,137,139,140,142,143,146,148,150,151,152,153,154,155,156,157,158,159,161,162,163,164,165
0193_0238	37,43,53,54,65,77,80,89,92,95,97,98,106,110,113,117,120,121,123,127,131,136,137,139,140,142,143,146,151,154,156,157,159,161,162,163,164,165
0193_0239	30,49,74,85,86,89,93,95,100,108,112,114,115,116,118,122,123,126,128,129,132,136,140,141,146,147,148,149,152,153,154,155,157,158,159,160,161,164
0193_0240	45,50,75,76,80,84,85,86,90,92,93,97,98,99,100,110,115,117,121,122,137,142,148,151,153,154,156,158,160,161,163,164,165
0193_0241	53,80,82,84,86,90,91,100,104,111,118,128,129,131,138,142,147,151,153,155,158,161
0193_0245	29,38,43,48,53,54,57,62,65,69,72,75,77,79,80,83,84,85,89,90,91,92,95,96,97,102,106,109,110,112,117,120,121,122,124,126,127,130,131,132,133,135,136,137,139,140,142,143,144,146,148,150,151,152,153,154,155,156,157,158,159,161,162,164,165
0193_0248	25,29,38,43,48,57,62,65,69,72,75,77,79,80,83,84,85,89,90,91,92,95,96,97,98,102,105,106,109,110,112,113,117,120,121,122,124,127,130,131,132,133,135,136,137,139,140,142,143,145,146,148,150,151,152,153,154,156,157,158,159,161,162,163,164,165
0193_0249	36,81,83,84,88,90,91,95,96,104,111,127,133,137,143,147,150,151,153,154,156,158,161,164,165
0193_0250	29,43,48,54,69,84,89,90,95,102,104,106,109,111,112,123,124,126,130,131,136,139,140,146,148,151,153,154,155,156,157,158,159,161,164
0193_0251	38,54,57,62,65,72,75,77,79,80,83,84,85,86,88,89,90,91,92,95,96,97,98,104,105,110,111,117,120,121,122,123,127,129,131,132,133,135,137,138,139,140,142,143,146,147,148,150,151,152,153,154,155,156,157,158,159,161,162,163,164,165
0193_0252	54,82,84,90,91,95,100,104,111,118,123,131,139,142,147,151,153,154,155,156,157,158,159,161,164
0193_0253	38,54,65,77,79,80,83,84,96,98,105,120,121,131,133,135,137,142,151,156,158,161,162,163,165
0193_0254	54,72,82,84,93,95,100,104,113,126,127,131,132,139,143,144,146,150,151,152,153,155,157,158,159,160,161,162,163,164,165
0193_0257	25,29,43,48,53,69,77,78,84,85,86,90,93,94,95,97,100,102,104,106,112,115,117,119,122,123,124,130,131,132,136,139,140,142,146,148,151,153,154,155,156,157,158,159,160,161,164
0193_0259	25,54,74,77,78,84,85,86,90,91,93,95,100,104,106,108,111,118,119,122,123,131,139,142,147,148,149,151,153,154,155,156,157,158,159,160,161,164
0193_0261	54,82,86,93,95,100,104,115,123,131,132,139,151,153,154,155,157,158,159,160,161,164
0193_0262	53,65,77,79,80,82,83,84,90,96,100,104,111,120,121,131,137,142,147,151,153,155,156,158,161,162,165
0193_0265	53,57,72,82,83,89,90,91,96,104,109,123,127,128,129,131,132,137,139,140,143,146,150,152,153,155,157,159,164,165
0193_0268	37,43,49,53,65,77,80,89,92,97,98,106,110,113,117,120,121,123,127,131,136,137,140,142,143,144,146,150,151,154,156,157,159,161,162,163,164,165
0193_0269	54,79,82,84,86,88,90,91,92,95,100,104,108,110,111,114,115,116,117,118,123,128,129,131,132,136,138,139,140,142,146,147,151,153,154,155,156,157,158,159,160,161,164
0193_0271	25,29,38,43,48,54,57,62,65,69,72,75,77,79,80,83,84,85,89,90,91,92,95,96,97,98,102,105,106,109,110,112,113,117,120,121,122,124,126,127,130,131,132,133,135,136,137,139,140,142,143,146,148,150,151,152,153,154,155,156,157,158,159,161,162,163,164,165
0193_0272	54,92,95,110,117,123,131,136,139,146,149,151,154,156,157,158,159,160,161,164
0193_0273	25,43,77,78,84,90,91,100,104,106,111,118,119,123,131,132,139,142,147,151,153,154,155,156,157,158,159,161,164
0193_0275	53,54,57,72,82,84,89,90,91,95,97,98,109,123,127,131,132,133,137,139,140,143,146,150,151,152,153,155,156,157,158,159,161,163,164,165
0193_0277	30,49,74,85,86,89,91,93,95,100,104,108,112,115,122,123,126,132,136,139,140,141,146,148,149,152,153,154,155,157,158,159,160,161,164
0193_0278	37,38,53,54,65,72,75,77,79,80,82,85,89,90,91,92,95,97,98,100,104,105,106,109,110,113,117,120,121,122,127,128,131,132,136,137,138,139,140,142,143,144,145,146,148,149,150,151,152,153,154,155,156,157,158,159,160,161,162,163,164,165
0193_0279	53,54,57,72,82,89,90,91,93,98,109,123,126,127,131,132,137,139,140,143,146,150,152,153,155,157,159,160,163,164,165
0193_0280	90,91,104,118,123,131,132,136,139,140,146,147,154,155,157,159,164
0193_0282	29,37,38,43,48,54,57,62,65,69,72,75,77,80,83,84,85,89,90,91,92,95,96,97,98,102,106,109,110,112,113,117,120,121,122,124,126,127,130,131,132,133,135,136,137,139,140,142,143,144,146,148,150,151,152,153,154,155,156,157,158,159,161,162,163,164,165
0193_0284	38,54,57,62,65,72,75,77,79,80,83,84,85,89,92,95,96,97,98,105,110,117,120,121,122,127,131,133,135,137,139,142,143,146,148,150,151,152,156,157,158,159,160,161,162,163,164,165
0193_0285	53,54,79,82,84,88,90,91,92,95,100,104,110,111,117,123,128,131,132,136,138,139,140,142,146,147,151,153,154,155,156,157,158,159,161,164
0193_0286	53,54,72,82,89,90,91,104,109,129,131,132,138,139,140,146,152,153,155,157,159,164
0193_0287	53,54,72,82,84,89,90,91,95,97,104,109,123,131,132,139,140,146,151,152,153,154,155,156,157,158,159,161,164
0193_0289	38,53,57,62,65,72,75,77,79,80,82,83,84,85,89,90,91,92,96,97,98,104,105,109,110,111,117,120,121,122,127,128,129,131,132,133,135,137,139,142,143,146,148,150,151,152,153,155,156,157,158,159,161,162,163,164,165
0193_0290	82,84,90,91,92,100,104,108,110,111,116,117,118,129,131,138,142,147,151,153,154,155,156,158,160,161,164
0193_0291	53,54,57,72,82,89,90,91,92,95,97,98,109,110,117,123,127,131,132,133,137,139,140,143,146,150,151,152,153,154,155,156,157,158,159,160,161,163,164,165
0193_0292	54,90,91,92,95,104,108,110,111,117,123,131,132,136,139,140,146,147,151,154,155,156,157,158,159,160,161,164
0193_0293	37,38,43,53,65,77,79,80,89,92,95,97,98,105,106,110,113,117,120,121,125,127,131,136,137,142,143,145,151,154,156,159,161,162,163,164,165
0193_0294	53,65,92,97,98,110,113,117,121,123,127,131,136,137,139,143,146,151,154,156,157,159,161,162,163,164,165
0193_0295	53,54,82,88,90,92,95,104,108,110,111,117,123,131,136,139,146,151,153,154,155,156,157,158,159,160,161,164
0193_0296	29,38,43,48,54,57,62,65,69,72,75,77,79,80,83,85,89,90,91,92,95,96,97,98,102,105,106,109,110,112,113,117,120,121,122,124,126,127,130,131,132,133,136,137,139,140,142,143,146,148,150,151,152,153,154,155,156,157,158,159,161,162,163,164,165
0193_0297	53,54,66,72,74,82,89,90,91,92,95,97,100,104,109,110,111,112,115,117,123,131,132,136,138,139,140,146,147,149,151,152,153,154,155,156,157,158,159,160,161,164
0193_0298	54,66,74,84,95,112,123,131,139,149,151,154,156,157,158,159,160,161,164
0193_0299	39,40,48,51,53,55,58,59,60,61,64,67,69,73,81,84,88,97,102,106,112,124,130,131,133,135,136,139,144,146,148,150,151,156,158,159,161,162,163,164,165
0193_0300	54,84,86,88,90,91,95,104,111,123,131,132,136,138,139,140,146,151,153,154,155,156,157,158,159,161,164
0193_0301	53,54,57,72,89,98,123,127,131,137,139,140,143,146,150,152,157,159,160,163,164,165
0193_0302	29,36,38,43,47,48,49,65,69,75,77,80,81,83,84,85,88,89,90,96,98,100,102,106,108,109,112,116,120,121,122,124,126,128,130,131,132,133,135,136,137,138,139,140,142,144,146,147,148,149,150,151,153,155,156,157,158,159,160,161,162,163,164,165
0193_0303	53,54,65,77,79,80,82,83,84,90,91,95,96,104,109,111,120,121,131,137,139,142,151,153,155,156,157,158,161,162,164,165
0193_0304	29,37,43,48,57,62,65,69,72,75,77,80,83,85,89,90,91,92,96,97,98,102,104,106,109,110,111,112,113,117,120,121,122,124,126,127,128,129,130,131,132,133,136,137,139,140,142,143,144,146,148,150,151,152,153,154,155,156,157,158,159,160,161,162,163,164,165
0193_0305	37,43,53,77,82,84,90,91,97,100,104,106,110,111,117,123,131,132,136,139,142,146,147,151,153,154,155,156,157,158,159,161,164
0193_0306	82,84,90,91,100,104,111,118,123,129,131,132,139,147,151,153,154,155,157,158,159,161,164
0193_0307	54,84,90,91,95,104,111,114,115,116,118,123,131,139,147,151,154,155,156,157,158,159,160,161,164
0193_0309	38,53,54,57,62,65,72,75,77,79,80,82,83,84,85,89,90,91,92,95,96,97,98,105,109,110,117,120,121,122,127,131,132,133,135,137,139,140,142,143,146,148,150,151,152,153,155,156,157,158,159,161,162,163,164,165
0193_0310	53,54,57,72,82,83,89,90,91,96,98,109,112,120,123,126,127,128,131,132,137,138,139,140,143,145,146,150,152,153,155,157,159,163,164,165
0193_0312	53,54,57,72,79,82,84,89,90,91,92,95,97,98,109,110,117,127,131,132,133,137,139,140,142,143,146,150,151,152,153,154,155,156,157,158,159,160,161,163,164,165
0193_0313	53,54,72,89,123,131,136,139,140,146,152,154,157,159,164
0193_0315	54,72,84,90,93,95,104,111,113,123,126,127,131,139,140,143,144,146,150,151,152,154,155,156,157,158,159,160,161,162,163,164,165
0193_0316	53,54,57,72,82,89,90,91,98,109,120,123,126,127,131,132,137,138,139,140,143,145,146,150,152,153,155,157,159,163,164,165
0193_0318	53,65,77,79,83,96,97,104,111,120,121,123,131,132,137,139,142,151,154,155,156,157,159,161,162,164,165
0193_0319	53,54,57,72,89,98,123,127,131,137,139,140,143,146,150,152,154,157,159,163,164,165
0193_0321	29,38,48,57,62,65,69,72,75,77,79,80,83,84,85,89,90,91,92,95,96,97,98,102,105,106,109,110,112,117,120,121,122,124,127,130,131,132,133,135,137,139,140,142,143,145,146,148,150,151,152,153,156,157,158,159,161,162,163,164,165
0193_0322	32,33,51,54,58,60,61,67,69,73,84,86,88,90,91,93,94,95,102,104,111,112,115,116,117,119,123,124,130,131,132,136,139,142,146,147,148,151,153,154,155,156,157,158,159,160,161,164
0193_0323	53,54,82,83,90,91,95,96,97,100,104,111,121,123,127,131,132,137,139,143,146,151,152,153,154,156,157,158,159,161,164,165
0193_0324	53,80,82,84,86,90,91,92,100,104,108,110,111,116,117,118,128,129,131,138,142,147,151,153,154,155,156,158,160,161,164
0193_0327	65,75,77,79,80,82,83,84,85,93,96,100,104,108,111,116,120,121,122,137,142,144,147,148,150,151,153,155,156,158,160,161,162,165
0193_0330	82,84,90,93,100,104,108,111,116,118,123,126,132,147,151,153,154,155,157,158,159,160,161,164
0193_0331	54,86,88,90,91,93,95,104,110,111,115,116,117,123,131,136,139,146,147,151,153,154,155,156,157,158,159,160,161,164
0193_0332	30,49,74,85,86,93,95,100,108,109,111,112,115,116,122,123,126,132,138,141,147,148,149,153,154,155,157,158,159,160,161,164
0193_0334	54,65,83,84,90,91,95,96,104,105,111,113,121,123,127,131,137,139,142,143,146,151,152,154,155,156,157,158,159,161,162,163,164,165
0193_0336	37,38,65,75,77,79,80,83,85,89,92,93,95,96,97,98,105,106,110,113,117,120,121,122,127,136,137,142,143,144,148,149,150,151,154,156,158,159,160,161,162,163,164,165
0193_0337	25,43,77,78,84,90,91,95,97,104,106,111,119,123,131,132,136,139,140,142,146,151,154,155,156,157,158,159,161,164
0193_0339	53,54,84,89,95,123,131,139,146,151,152,154,156,157,158,159,160,161,164
0193_0340	25,29,43,48,53,69,77,78,84,85,86,90,93,94,95,97,100,102,104,106,112,115,117,119,122,123,124,130,131,132,136,139,140,142,146,148,151,153,154,155,156,157,158,159,160,161,164
0193_0341	53,80,82,84,86,90,91,100,104,111,118,128,129,131,138,142,147,151,153,155,158,161
0193_0342	29,38,48,53,54,57,62,65,69,72,75,77,79,80,83,84,85,89,90,91,92,95,96,97,98,102,105,106,109,110,112,117,120,121,122,123,124,126,127,130,131,132,133,135,136,137,138,139,140,142,143,146,148,150,151,152,153,155,156,157,158,159,161,162,163,164,165
0193_0344	53,54,66,72,89,90,104,112,115,123,131,132,136,139,140,146,152,154,155,157,159,160,164
0193_0345	53,54,65,75,77,79,80,82,83,84,85,90,92,93,95,96,97,100,104,110,111,116,117,120,121,122,123,128,131,132,136,137,139,142,144,146,147,148,150,151,153,154,155,156,157,158,159,160,161,162,164,165
0193_0347	54,82,84,90,91,95,100,104,111,123,129,131,132,139,142,146,147,151,152,153,154,155,156,157,158,159,161,164
0193_0349	49,54,79,82,90,91,92,95,100,104,110,111,114,117,123,128,131,132,136,140,142,146,147,151,153,154,155,156,157,158,159,160,161,164
0193_0351	49,65,75,85,93,97,98,121,122,123,137,148,154,157,158,159,160,161,162,163,164,165
0193_0352	54,72,82,86,93,95,100,104,113,115,127,131,132,139,143,144,146,150,151,152,153,155,157,158,159,160,161,162,163,164,165
0193_0359	29,37,38,48,53,54,57,62,65,69,72,75,77,80,82,83,84,85,89,90,91,92,95,96,97,98,100,102,104,106,109,110,111,112,113,117,120,121,122,124,126,127,130,131,132,133,135,136,137,138,139,140,142,143,144,146,147,148,150,151,152,153,154,155,156,157,158,159,161,162,163,164,165
0193_0361	53,54,57,72,82,83,89,90,91,96,98,109,112,120,123,126,127,128,131,132,137,138,139,140,143,145,146,150,152,153,155,157,159,163,164,165
0193_0362	29,37,38,43,48,53,57,62,65,69,72,75,77,80,83,84,85,89,90,92,96,97,98,102,104,106,109,110,111,112,113,117,120,121,122,124,126,127,128,129,130,131,132,133,135,136,137,139,140,142,143,144,146,148,150,151,152,153,154,155,156,157,158,159,161,162,163,164,165
0193_0364	29,43,48,53,54,57,69,72,83,89,90,91,96,102,106,109,112,123,124,126,127,130,131,132,137,139,140,143,146,148,150,152,153,155,157,159,164,165
0193_0366	53,54,57,72,82,84,89,90,91,95,97,98,109,123,127,131,132,133,137,139,140,143,146,150,151,152,153,155,156,157,158,159,161,163,164,165
0193_0368	29,43,48,54,69,72,82,89,90,102,104,106,109,112,124,126,130,131,132,138,139,140,146,148,152,153,155,157,159,164
0193_0369	9,26,29,41,44,45,48,49,50,57,62,65,66,72,74,75,76,77,78,79,80,82,83,84,85,89,90,91,92,95,96,97,99,100,102,104,105,106,108,109,110,111,112,115,116,117,118,119,120,121,122,124,126,127,128,129,130,131,132,133,136,137,138,139,140,141,142,143,144,146,147,148,149,150,151,152,153,154,155,156,157,158,159,160,161,162,163,164,165,166
0193_0370	54,84,95,113,123,127,131,139,143,146,151,152,154,156,157,158,159,161,162,163,164,165
0193_0371	53,54,82,89,90,92,95,104,108,109,110,111,117,123,131,136,139,140,146,151,153,154,155,156,157,158,159,160,161,164
0193_0373	29,43,48,53,69,72,82,89,90,91,102,106,109,112,124,126,130,131,132,138,139,140,146,148,152,153,155,157,159,164
0193_0374	29,43,48,53,54,57,69,72,82,89,90,91,98,102,106,109,112,123,124,126,127,130,131,132,137,139,140,143,146,148,150,152,153,155,157,159,163,164,165
0193_0375	39,40,48,53,54,55,57,58,60,61,67,69,72,73,84,88,89,90,91,95,97,98,102,106,109,112,123,124,126,127,130,131,132,133,136,137,139,140,143,146,148,150,151,152,153,155,156,157,158,159,161,163,164,165
0193_0376	91,104,115,123,131,132,136,139,140,146,154,155,157,159,160,164
0193_0377	49,99,123,154,157,159,160,164
0193_0378	89,104,108,109,114,123,126,129,132,136,139,140,146,153,154,155,157,159,160,164
0193_0379	53,54,57,72,82,89,90,91,98,109,123,127,131,132,137,139,140,143,146,150,152,153,154,155,157,159,163,164,165
0193_0380	113,123,127,131,139,143,146,152,154,157,159,162,163,164,165
0193_0381	82,84,100,104,111,113,127,131,139,143,147,151,152,153,155,157,158,161,162,163,164,165
0193_0382	26,50,53,66,72,76,82,89,90,91,96,99,104,105,108,109,112,115,116,118,127,128,129,131,132,136,139,140,143,145,146,147,149,150,152,153,154,155,157,159,160,163,164,165
0193_0385	54,65,95,97,98,105,113,121,123,125,127,131,136,137,139,140,143,145,146,151,152,154,156,157,159,161,162,163,164,165
0193_0389	65,82,83,90,91,92,93,96,100,104,105,108,110,111,113,116,117,121,126,127,131,137,142,143,147,149,151,152,153,154,155,156,157,158,159,160,161,162,163,164,165
0193_0390	99,123,131,136,139,140,146,154,157,159,164
0193_0395	26,39,40,48,50,55,58,60,61,66,67,69,73,76,88,91,96,99,102,105,106,108,112,115,116,118,124,126,127,128,129,130,132,136,139,140,141,143,145,146,147,148,149,150,152,154,157,159,160,163,164,165
0193_0396	54,65,95,97,98,105,113,121,123,125,127,131,136,137,139,143,145,146,151,152,154,156,157,159,161,162,163,164,165
0193_0401	27,54,84,87,90,95,104,107,111,113,123,127,131,134,139,143,144,146,150,151,152,154,155,156,157,158,159,161,162,163,164,165
0193_0402	54,72,123,131,139,146,152,154,157,159,162,163,164,165
0193_0403	65,82,83,84,90,91,96,100,104,105,111,121,131,137,142,147,151,153,155,156,158,161,162,163,165
0193_0405	90,91,104,118,123,131,132,136,139,140,146,147,154,155,157,159,164
0193_0406	65,83,90,91,96,104,105,121,123,131,132,137,139,151,154,155,156,157,159,161,162,163,164,165
0193_0407	54,72,99,113,123,127,131,139,140,143,144,146,150,152,154,157,159,162,163,164,165
0193_0408	37,38,43,53,65,77,79,80,89,92,95,97,98,105,106,110,113,117,120,121,125,127,131,136,137,142,143,144,145,149,150,151,154,156,159,160,161,162,163,164,165
0193_0410	54,90,92,95,104,108,110,111,117,123,131,136,139,146,151,154,155,156,157,158,159,160,161,162,163,164,165
0193_0411	75,83,85,90,91,92,95,96,100,108,110,111,116,117,118,121,122,123,136,137,139,146,147,148,150,153,154,156,157,158,159,160,161,164,165
0193_0412	54,65,79,83,84,90,91,92,95,96,104,105,110,111,117,121,131,137,142,151,154,155,156,158,161,162,163,164,165
0193_0414	65,82,83,86,90,91,93,96,100,104,105,111,115,116,121,131,137,142,147,151,153,155,156,158,160,161,162,163,165
0193_0416	53,54,72,89,113,123,127,131,139,140,143,144,146,150,152,154,157,159,162,163,164,165
0193_0418	65,82,83,90,91,96,104,105,109,121,131,132,137,139,147,151,153,155,156,157,161,162,163,164,165
0193_0419	72,93,99,113,123,126,127,131,139,140,143,144,146,150,152,154,157,159,160,162,163,164,165
0193_0420	54,66,82,90,91,92,95,96,100,104,105,108,110,111,112,115,116,117,118,123,127,128,129,131,132,136,139,140,141,143,145,146,147,149,150,151,152,153,154,155,156,157,158,159,160,161,163,164,165
0193_0421	54,82,84,95,100,104,131,132,139,151,152,153,155,157,158,161,162,163,164,165
0193_0422	38,47,59,64,65,77,79,80,81,83,88,93,96,98,105,120,121,137,142,151,156,160,161,162,163,165
0193_0423	54,72,86,88,90,91,93,104,115,116,123,131,132,139,146,147,152,153,154,155,157,159,160,164
0193_0424	54,66,82,90,91,92,95,96,100,104,105,108,110,111,112,115,116,117,118,123,127,128,129,131,132,136,139,140,141,143,145,146,147,149,150,151,152,153,154,155,156,157,158,159,160,161,163,164,165
0193_0425	123,139,154,157,159,162,163,164,165
0193_0426	53,84,97,113,123,127,131,133,135,139,143,146,151,152,154,156,157,158,159,161,162,163,164,165
0193_0427	54,72,113,127,131,139,143,144,150,152,157,159,162,163,164,165
0193_0428	54,72,113,123,127,131,139,140,143,144,146,150,152,154,157,159,162,163,164,165
0193_0432	90,104,113,123,127,131,132,139,143,144,146,150,152,154,155,157,159,162,163,164,165
0193_0433	82,90,91,104,109,118,123,128,129,131,132,139,146,147,153,154,155,157,159,164
0193_0436	54,72,91,104,113,123,127,131,132,139,140,143,144,146,150,152,154,155,157,159,162,163,164,165
0193_0437	38,50,54,65,74,76,77,79,80,82,83,91,96,98,99,100,105,116,120,121,131,133,135,137,142,149,151,153,155,156,158,160,161,162,163,165
0193_0440	14,36,67,81,83,84,88,90,91,92,96,104,110,111,117,118,120,124,128,129,132,137,147,151,153,154,155,156,158,161,164,165
0193_0441	53,54,84,95,97,113,123,127,131,133,135,139,143,144,146,150,151,152,154,156,157,158,159,161,162,163,164,165
0193_0442	53,72,89,123,131,136,139,140,146,152,154,157,159,162,163,164,165
0193_0444	53,89,123,131,136,139,140,146,154,157,159,160,164
0193_0445	65,82,83,84,90,91,96,100,104,105,111,113,121,127,131,137,139,142,143,147,151,152,153,155,156,157,158,161,162,163,164,165
0193_0446	26,50,66,72,76,89,90,91,96,99,104,105,108,109,112,115,116,118,123,126,127,128,129,131,132,136,139,140,141,143,145,146,147,149,150,152,153,154,155,157,159,160,163,164,165
0193_0447	65,83,84,90,91,92,96,104,105,110,111,117,121,131,132,137,142,151,154,155,156,158,161,162,163,164,165
0193_0448	54,82,92,95,100,104,110,117,123,131,132,136,139,146,151,153,154,155,156,157,158,159,161,162,163,164,165
0193_0449	53,89,90,114,123,131,136,139,140,146,154,155,157,159,160,164
0193_0450	27,54,84,87,90,95,104,107,111,113,123,125,126,127,131,134,139,140,143,144,145,146,150,151,152,154,155,156,157,158,159,161,162,163,164,165
0193_0451	99,123,131,136,139,140,146,154,157,159,164
0193_0453	113,127,139,143,152,154,157,159,162,163,164,165
0193_0454	90,91,104,113,123,127,131,132,139,143,144,146,147,150,152,154,155,157,159,162,163,164,165
0193_0455	72,82,84,93,100,104,111,113,126,127,131,139,143,144,147,150,151,152,153,155,157,158,159,160,161,162,163,164,165
0193_0457	65,95,98,105,121,123,125,137,139,145,154,156,157,159,161,162,163,164,165
0193_0459	25,38,43,65,77,79,80,84,92,95,97,98,105,106,110,113,117,120,121,125,127,131,133,135,137,142,143,145,151,154,156,158,161,162,163,164,165
0193_0461	54,84,95,113,127,131,133,135,139,143,144,150,151,152,156,157,158,161,162,163,164,165
0193_0462	90,91,104,118,123,128,129,131,132,136,139,140,146,147,154,155,157,159,164
0193_0463	65,72,83,90,91,96,105,121,123,131,132,136,137,139,146,151,152,154,155,156,157,159,161,162,163,164,165
0193_0464	54,57,72,82,83,89,96,104,109,123,127,131,132,136,137,139,140,143,146,150,152,153,154,155,157,159,164,165
0193_0465	54,84,95,113,123,127,131,133,135,139,143,144,146,150,151,152,154,156,157,158,159,161,162,163,164,165
0193_0466	54,72,113,123,127,131,139,140,143,144,146,150,152,154,157,159,162,163,164,165
0193_0471	57,98,109,118,123,127,129,132,137,143,147,153,154,157,159,163,164,165
0193_0472	53,89,113,123,127,131,139,140,143,144,146,150,152,154,157,159,162,163,164,165
0193_0473	65,98,105,121,123,125,137,139,145,154,156,157,159,161,162,163,164,165
0193_0475	37,43,54,77,79,83,90,91,96,104,106,108,110,111,116,117,118,120,121,123,127,128,129,131,132,136,137,139,142,143,146,147,150,151,154,155,156,157,158,159,160,161,164,165
0193_0477	72,90,91,104,123,131,132,136,139,140,146,147,152,154,155,157,159,164
0193_0478	65,82,83,90,91,92,96,100,104,105,108,110,111,113,116,117,121,127,131,137,139,142,143,147,151,152,153,154,155,156,157,158,159,160,161,162,163,164,165
0193_0480	34,50,76,90,99,104,123,131,132,136,139,140,146,154,155,157,159,164
0193_0481	90,91,104,118,123,128,129,131,132,136,139,140,146,147,154,155,157,159,164
0193_0482	72,90,91,104,118,123,131,132,136,139,140,146,147,152,154,155,157,159,164
0193_0483	90,91,104,115,116,123,131,132,136,139,140,146,147,154,155,157,159,160,164
0193_0486	113,123,126,127,143,152,154,157,159,160,162,163,164,165
0193_0489	99,154,162,163,164,165
0193_0490	43,65,89,92,98,110,113,117,121,127,131,137,139,143,151,154,156,157,159,161,162,163,164,165
0193_0491	82,84,100,104,111,147,151,153,155,158,161,162,163,165
0193_0493	49,118,123,128,129,132,136,140,146,147,154,155,157,159,164
0193_0494	90,91,104,118,123,129,131,132,136,139,140,146,147,154,155,157,159,164
0193_0496	54,74,90,92,95,104,108,110,111,115,117,123,131,136,139,141,146,149,151,154,155,156,157,158,159,160,161,164
0193_0497	53,89,113,127,131,139,143,144,146,150,152,154,157,159,160,162,163,164,165
0193_0500	65,83,90,91,93,96,105,116,121,123,126,132,137,151,154,155,156,157,159,160,161,162,163,164,165
0193_0501	49,53,66,82,89,90,91,104,109,112,115,116,123,129,131,132,139,140,146,147,152,153,154,155,157,159,160,164
0193_0503	72,93,104,113,123,126,127,131,132,139,140,143,144,146,150,152,154,155,157,159,160,162,163,164,165
0193_0504	50,76,99,123,131,136,139,140,146,154,157,159,160,164
0193_0505	139,152,157,160,162,163,164,165
0193_0507	53,84,89,92,97,110,113,117,127,131,139,143,144,150,151,152,154,156,157,158,159,161,162,163,164,165
0193_0508	113,123,127,131,139,143,146,152,154,157,159,162,163,164,165
0193_0512	90,91,104,113,123,127,131,132,139,140,143,144,146,150,152,154,155,157,159,162,163,164,165
0193_0513	65,83,90,91,96,105,121,132,137,151,154,155,156,161,162,163,164,165
0193_0515	91,104,113,123,127,131,132,139,143,146,152,154,155,157,159,162,163,164,165
0193_0516	54,72,113,127,131,139,143,144,150,152,157,159,160,162,163,164,165
0193_0517	65,82,89,91,95,97,98,109,113,121,127,131,137,139,143,144,146,150,152,153,154,155,156,157,159,160,161,162,163,164,165
0193_0518	49,89,113,123,127,139,143,144,146,150,152,154,157,159,162,163,164,165
0193_0519	90,91,104,118,123,128,129,131,132,136,139,140,146,147,154,155,157,159,164
0193_0520	83,92,96,105,110,117,121,127,135,137,143,144,150,151,154,156,158,160,161,162,163,164,165
0193_0521	38,54,65,75,77,78,79,80,83,85,93,96,98,105,119,120,121,122,131,133,135,137,142,148,151,156,158,160,161,162,163,165
0193_0522	54,72,90,104,113,123,127,131,132,139,140,143,146,152,154,155,157,159,162,163,164,165
0193_0523	36,37,43,54,77,79,81,83,88,90,91,96,101,104,105,106,110,111,117,118,120,121,123,127,128,129,131,132,136,137,139,142,143,146,147,151,153,154,155,156,157,158,159,161,164,165
0193_0526	54,65,83,95,96,121,123,131,137,139,151,154,156,157,159,161,162,164,165
0193_0527	65,83,90,91,96,104,105,113,121,123,127,131,132,137,139,143,146,151,152,154,155,156,157,159,161,162,163,164,165
0193_0528	49,123,132,154,155,157,159,162,163,164,165
0193_0529	89,113,123,126,127,139,143,146,152,154,157,159,160,162,163,164,165
0193_0532	65,83,90,91,96,105,108,109,114,121,123,126,129,132,137,151,153,154,155,156,157,159,160,161,162,163,164,165
0193_0533	54,57,72,82,83,89,96,104,109,123,127,131,132,136,137,139,140,143,146,150,152,153,154,155,157,159,164,165
0193_0534	53,54,57,72,82,83,89,90,91,96,104,109,112,123,127,128,131,132,137,138,139,140,143,146,150,152,153,155,157,159,164,165
0193_0535	53,54,57,72,82,89,90,91,98,104,109,112,123,127,129,131,132,137,138,139,140,143,146,150,152,153,155,157,159,163,164,165
0193_0536	53,54,72,82,89,90,91,104,109,128,131,132,138,139,140,146,152,153,155,157,159,164
0193_0537	53,54,72,82,89,90,91,104,109,128,131,132,138,139,140,146,152,153,155,157,159,164
0193_0538	53,54,72,89,127,131,139,140,143,146,150,152,157,159,163,164,165
0193_0539	53,54,57,72,82,89,90,91,98,109,123,127,131,132,137,139,140,143,146,150,152,153,155,157,159,163,164,165
0193_0540	53,54,57,72,89,90,91,98,104,109,123,127,131,132,137,139,140,143,146,150,152,153,157,159,163,164,165
0193_0541	53,54,57,72,89,90,91,98,104,109,123,127,131,132,137,139,140,143,146,150,152,153,157,159,163,164,165
0193_0542	53,54,57,72,82,83,89,90,91,96,98,109,112,120,123,126,127,128,131,132,137,138,139,140,143,146,150,152,153,155,157,159,163,164,165
0193_0543	53,54,57,72,82,89,90,91,98,109,123,127,131,132,137,139,140,143,146,150,152,153,155,157,159,163,164,165
0193_0544	53,54,57,72,82,89,90,91,98,109,123,127,131,132,137,139,140,143,146,150,152,153,155,157,159,163,164,165
0193_0545	53,54,57,72,82,89,90,91,98,109,123,127,131,132,137,139,140,143,146,150,152,153,155,157,159,163,164,165
0193_0546	53,54,72,82,89,90,91,104,109,131,132,138,139,140,146,152,153,155,157,159,164
0193_0547	53,54,57,72,82,89,90,91,98,109,120,123,126,127,131,132,137,138,139,140,143,145,146,150,152,153,155,157,159,163,164,165
0193_0548	53,54,72,82,89,90,91,104,109,131,132,138,139,140,146,152,153,155,157,159,164
0193_0549	53,54,57,72,82,89,90,91,98,109,120,123,126,127,131,132,137,138,139,140,143,145,146,150,152,153,155,157,159,163,164,165
0193_0550	53,54,57,72,82,89,90,91,98,104,109,112,123,127,129,131,132,137,138,139,140,143,146,150,152,153,155,157,159,163,164,165
0193_0551	53,54,57,72,82,83,89,91,96,104,109,123,127,131,132,137,139,140,143,146,150,152,153,154,155,157,159,164,165
0193_0552	53,54,72,82,89,90,91,104,109,131,132,139,140,146,152,153,154,155,157,159,164
0193_0553	53,54,57,72,82,89,90,91,98,109,120,123,126,127,131,132,137,138,139,140,143,145,146,150,152,153,155,157,159,163,164,165
0193_0554	53,54,57,72,82,89,90,91,98,104,109,112,123,127,129,131,132,137,138,139,140,143,146,150,152,153,155,157,159,163,164,165
0193_0555	53,54,72,82,89,90,91,104,109,128,131,132,138,139,140,146,152,153,155,157,159,164
0193_0556	53,54,57,72,89,90,91,98,104,109,123,127,131,132,137,139,140,143,146,150,152,153,157,159,163,164,165
0193_0557	53,54,57,72,89,90,91,98,104,109,123,127,131,132,137,139,140,143,146,150,152,153,157,159,163,164,165
0193_0558	53,54,57,72,82,83,89,90,91,96,98,104,109,112,120,123,126,127,128,131,132,137,138,139,140,143,146,150,152,153,155,157,159,163,164,165
0193_0560	50,74,76,99,108,115,116,118,128,129,141,147,149,155,160
0193_0561	99,113,123,127,131,139,143,146,152,154,157,159,162,163,164,165
0193_0562	49,108,114,115,116,118,123,128,129,132,147,154,155,157,159,160,164
0193_0563	66,90,91,96,104,105,108,112,113,115,116,118,127,128,129,131,132,139,143,144,145,147,150,152,157,159,160,162,163,164,165
0193_0564	90,91,104,108,114,115,116,118,123,128,129,132,139,147,154,155,157,159,160,164
0193_0566	49,99,108,114,115,116,118,123,128,129,132,147,154,155,157,159,160,164
0193_0569	66,90,91,96,104,105,108,112,115,116,118,123,127,128,129,131,132,139,141,143,145,146,147,149,150,152,154,155,157,159,160,163,164,165
0193_0574	90,91,99,104,108,114,115,116,118,123,128,129,132,139,147,154,155,157,159,160,164
0193_0576	90,91,104,108,114,115,116,118,123,128,129,132,139,147,154,155,157,159,160,164
0193_0578	54,72,90,91,99,113,123,125,126,127,131,132,136,139,140,143,144,145,146,150,152,154,155,157,159,162,163,164,165
0193_0580	26,50,53,66,72,76,82,89,90,91,96,99,104,105,108,109,112,115,116,118,127,128,129,131,132,136,139,140,143,145,146,147,149,150,152,153,154,155,157,159,160,163,164,165
0193_0581	39,40,48,51,53,55,58,60,61,66,67,69,73,82,88,90,91,92,96,97,100,102,104,105,106,108,110,111,112,115,116,117,118,124,127,128,129,130,131,132,136,138,139,140,141,143,145,146,147,148,149,150,151,152,153,154,155,156,157,158,159,160,161,163,164,165
0193_0582	49,99,108,114,115,116,118,123,128,129,132,147,154,155,157,159,160,164
0193_0583	90,91,104,108,114,115,116,118,123,128,129,132,139,147,154,155,157,159,160,164
0193_0584	27,54,84,87,90,95,104,107,111,113,123,125,126,127,131,134,139,140,143,144,145,146,150,151,152,154,155,156,157,158,159,161,162,163,164,165
0193_0585	53,54,82,84,89,90,91,95,104,108,109,111,114,115,116,118,128,129,131,132,139,147,151,152,153,155,156,157,158,159,160,161,164
0193_0587	90,91,104,108,114,115,116,118,123,128,129,132,139,147,154,155,157,159,160,164
0193_0592	90,91,99,104,108,114,118,123,128,129,132,139,147,154,155,157,159,160,164
0193_0593	90,91,104,108,114,115,116,118,123,128,129,132,139,147,154,155,157,159,160,164
0193_0595	90,91,99,104,108,114,115,116,118,123,128,129,132,139,147,154,155,157,159,160,164
0193_0597	26,50,66,74,76,90,96,99,104,105,108,112,115,116,118,127,128,129,132,139,141,143,145,147,149,150,152,155,157,160,163,164,165
0193_0598	27,54,84,87,90,95,104,107,111,113,123,125,126,127,131,134,139,140,143,144,145,146,150,151,152,154,155,156,157,158,159,161,162,163,164,165
0193_0599	108,109,114,115,116,118,123,126,128,129,136,138,140,141,144,146,147,149,150,153,154,155,157,159,160,162,163,164,165
0193_0601	82,90,91,104,109,118,123,128,129,131,132,139,146,147,153,154,155,157,159,164
0193_0602	93,96,99,108,114,116,123,126,127,128,129,132,136,143,146,147,149,150,152,154,155,157,159,160,164,165
0193_0605	65,77,79,83,96,105,120,121,137,142,144,149,150,151,156,160,161,162,163,165
0193_0608	66,90,91,96,104,105,108,112,115,116,118,123,127,128,129,131,132,139,140,141,143,145,146,147,149,150,152,154,155,157,159,160,163,164,165
0193_0609	50,74,76,99,105,108,115,116,118,127,128,129,136,141,143,144,145,147,149,150,152,154,155,159,160,162,163,164,165
0193_0611	65,98,105,121,125,137,145,156,161,162,163,165
0193_0612	90,99,104,108,114,123,128,129,132,139,147,154,155,157,159,160,164
0193_0616	53,89,105,113,123,125,127,131,139,143,144,145,146,150,152,154,157,159,162,163,164,165
0193_0619	99,123,139,154,157,159,162,163,164,165
0193_0620	90,91,99,104,108,114,115,116,118,123,128,129,132,139,147,154,155,157,159,160,164
0193_0621	49,108,114,115,116,118,123,128,129,132,147,154,155,157,159,160,164
0193_0623	26,50,66,74,76,90,91,96,99,104,105,108,112,115,116,118,127,128,129,131,132,139,141,143,145,147,149,150,152,155,157,159,160,163,164,165
0193_0624	49,99,108,114,115,116,118,123,128,129,132,147,154,155,157,159,160,164
0193_0625	26,50,66,74,76,90,96,99,104,105,108,112,115,116,118,127,128,129,132,139,141,143,145,147,149,150,152,155,157,160,163,164,165
0193_0626	26,50,66,72,76,96,99,105,108,109,112,115,116,118,123,126,127,128,129,132,136,140,141,143,145,146,147,149,150,152,153,154,155,157,159,160,163,164,165
0193_0627	54,72,82,89,90,99,104,108,109,114,115,116,118,123,126,128,129,131,132,138,139,140,146,147,152,153,154,155,157,159,160,164
0193_0629	54,72,82,89,90,104,108,109,114,115,116,118,123,126,128,129,131,132,138,139,140,146,147,152,153,154,155,157,159,160,164
0193_0632	26,50,53,66,72,76,82,89,90,91,96,99,104,105,108,109,112,115,116,118,127,128,129,131,132,136,139,140,143,145,146,147,149,150,152,153,154,155,157,159,160,163,164,165
0193_0633	90,91,104,108,114,115,116,118,123,128,129,132,139,147,154,155,157,159,160,164
0193_0634	26,50,66,72,76,82,91,96,99,104,105,108,109,112,115,116,118,127,128,129,131,132,136,139,140,143,145,146,147,149,150,152,153,154,155,157,159,160,163,164,165
