id	bits.on
0012_00001	5,15,20,26,35,39,49,60,64,76,85,87,89,94,118,120,152,153,163,170,180,182,207,222,228,231,252,261,281,285,290,316,326,351,368,370,391,401,408,420,424,437,480,499,508,530,552,594,602,609,626,664,690,710,726,727,752,753,758,759,772,802,818,860,936,948,949,964,976,999,1009
0012_00002	15,20,26,43,49,60,72,76,85,87,89,94,153,159,163,182,205,207,215,222,223,231,252,261,285,290,316,401,424,437,480,499,503,508,530,566,594,609,613,626,632,667,690,697,705,710,727,752,759,772,801,802,818,851,860,879,887,909,936,948,952,964,969,976,1011,1022
0012_00003	5,15,20,26,49,60,76,85,87,89,94,108,118,153,163,182,207,222,228,231,252,261,281,285,290,316,326,340,351,352,401,402,408,424,437,480,482,499,508,530,566,609,626,657,690,710,713,727,752,753,759,772,777,802,818,851,860,879,936,948,964,969,976,987,999,1003,1009,1015,1022
0012_00004	15,20,26,39,60,71,76,85,87,89,94,120,153,163,170,182,207,215,222,223,231,252,261,285,290,316,370,391,398,401,424,437,480,491,499,503,508,530,580,594,602,609,614,626,664,690,697,710,726,727,752,758,759,772,801,802,818,860,909,915,936,948,964,967,972,976
0012_00005	5,15,20,26,60,71,76,85,87,89,94,153,163,182,207,215,222,223,231,252,261,285,290,316,398,401,413,424,426,437,459,480,491,497,499,503,508,530,551,580,594,602,609,614,626,668,690,697,710,726,727,738,752,758,759,772,801,802,818,837,850,860,909,936,948,964,976
0012_00006	11,15,20,26,60,71,76,85,87,89,94,153,161,163,182,207,215,222,223,231,234,237,261,285,290,316,331,427,480,486,491,499,503,508,530,580,591,594,608,614,626,681,688,690,696,697,710,719,723,727,752,758,759,772,801,802,809,818,860,861,909,936,948,964,976,1012
0012_00007	15,20,26,46,49,60,76,85,87,89,94,153,163,182,205,207,215,222,223,231,235,254,261,285,290,316,372,413,452,480,488,492,499,503,508,518,530,566,586,592,594,613,626,657,690,697,710,727,752,759,772,801,802,818,823,860,886,887,908,909,936,943,948,964,976,1017,1023
0012_00009	4,15,20,26,49,60,72,76,85,87,89,94,108,128,153,159,163,205,207,215,222,223,231,252,270,278,285,290,316,340,366,401,424,437,439,480,499,501,503,508,516,524,530,566,584,594,609,613,626,632,690,697,705,727,759,772,801,802,818,851,852,860,871,879,887,909,927,936,948,964,969,976,987,1015,1022
0012_00010	4,5,15,20,26,60,76,89,94,108,118,128,153,159,160,163,207,209,222,231,270,278,281,285,290,316,328,366,372,401,408,414,426,437,439,480,492,499,501,508,516,524,530,544,546,566,584,608,609,618,626,690,727,733,759,772,777,793,802,818,828,843,851,860,871,873,927,936,948,949,964,976,983,987,1009,1015,1022
0012_00011	4,15,20,26,39,60,76,89,94,95,114,120,128,153,159,163,175,207,222,231,237,270,278,285,288,290,316,328,366,371,376,391,401,437,439,480,492,499,501,503,508,516,524,530,535,544,584,594,602,609,618,626,690,697,701,722,726,727,758,759,772,802,809,818,845,860,871,877,927,936,948,964,968,976,985
0012_00012	4,5,15,20,26,60,71,76,85,87,89,94,128,153,159,163,207,215,222,223,231,252,270,278,285,290,316,366,398,401,413,424,426,437,439,459,480,491,497,499,501,503,508,516,524,530,551,580,584,594,602,609,614,626,668,690,697,726,727,738,758,759,772,801,802,818,837,850,860,871,909,927,936,948,964,976
0012_00013	5,15,20,26,39,45,49,60,80,89,92,99,114,120,136,146,153,159,175,207,222,229,231,236,243,244,270,273,285,290,314,316,318,343,360,366,371,391,401,408,437,453,479,492,499,508,516,530,581,594,602,609,618,621,626,670,684,690,726,727,733,758,759,772,778,786,795,802,806,808,818,845,936,948,957,964,970,971,980,1009
0012_00014	4,15,20,26,43,45,60,80,89,92,99,119,146,153,159,163,207,222,231,236,243,270,285,288,290,314,316,328,343,360,366,372,401,414,437,451,456,479,482,492,499,508,516,530,536,540,544,566,567,609,618,626,637,641,660,690,698,727,759,772,802,806,808,818,846,851,936,948,949,950,952,964,970,1022
0012_00015	4,5,15,20,26,45,49,60,76,80,85,87,89,92,99,108,118,146,153,159,163,207,222,228,231,236,243,252,270,281,285,290,314,316,326,340,351,352,360,366,401,402,408,424,437,479,482,499,508,516,524,530,566,609,626,657,690,713,727,753,759,772,777,802,808,818,851,860,879,936,948,964,969,970,976,987,999,1003,1009,1015,1022
0012_00016	4,15,20,26,39,45,60,71,76,80,85,87,89,92,99,120,146,153,159,163,170,207,215,222,223,231,236,243,252,270,285,290,314,316,360,366,370,391,398,401,424,437,479,491,499,503,508,516,524,530,580,594,602,609,614,626,664,690,697,726,727,758,759,772,801,802,808,818,860,909,915,936,948,964,967,970,972,976
0012_00017	4,5,15,20,26,45,60,71,76,80,85,87,89,92,99,146,153,159,163,207,215,222,223,231,236,243,252,270,285,290,314,316,360,366,398,401,413,424,426,437,459,479,491,497,499,503,508,516,524,529,530,551,580,594,602,609,614,626,690,697,726,727,738,758,759,772,801,802,808,818,837,850,860,909,936,948,964,970,976
0012_00018	19,20,58,64,94,96,107,134,141,153,207,214,269,272,372,383,389,407,479,481,487,503,508,550,603,615,626,654,662,714,727,762,776,778,786,789,797,812,893,896,968,989
0012_00022	20,94,96,134,141,145,177,188,304,421,469,487,491,508,510,550,551,626,720,727,741,825,829,850,911,968,1010
0012_00023	19,20,40,94,107,134,141,153,207,270,281,481,482,508,528,550,558,620,626,640,676,727,733,747,776,789,819,947,968,970,989
0012_00024	20,138,153,207,336,387,390,434,508,511,526,560,570,575,626,627,700,707,727,779,788,833,919,932,948
0012_00027	20,62,124,128,138,140,153,171,207,224,272,283,306,319,332,347,358,370,387,434,437,497,508,511,526,530,575,627,640,700,727,733,778,826,827,833,919,948,994
0012_00028	20,62,124,128,138,140,153,171,207,224,272,283,306,319,347,358,370,387,434,437,497,508,511,526,530,556,575,627,640,700,727,733,748,755,778,781,826,827,833,918,919,948,994
0012_00030	20,62,124,128,138,140,153,171,207,224,272,283,306,319,347,358,370,387,434,437,497,508,511,526,530,556,575,627,640,662,700,727,733,748,755,778,781,826,827,833,918,919,948,994
0012_00031	20,62,124,128,138,140,153,171,207,224,272,283,306,319,347,358,370,387,434,437,497,508,511,526,530,556,575,627,640,662,700,727,733,748,755,778,781,826,827,833,918,919,948,994
0012_00032	20,62,124,128,138,140,153,171,207,224,272,283,306,319,347,358,370,387,434,437,497,508,511,526,530,556,575,627,640,662,700,727,733,748,755,778,781,826,827,833,918,919,948,994
0012_00034	20,50,62,64,94,153,154,283,312,361,391,480,481,497,508,530,556,558,599,626,662,727,752,755,778,781,803,826,850,864,918,948,976,994
0012_00035	20,50,62,64,94,153,154,163,283,312,361,391,480,481,497,508,530,556,558,599,626,662,727,752,755,778,803,826,850,864,918,948,976,994
0012_00038	20,50,51,62,64,94,101,137,153,154,172,186,283,295,312,321,391,396,441,480,481,508,530,588,626,727,741,752,778,826,850,864,897,948,976,994
0012_00040	20,50,62,64,94,153,154,283,312,361,391,480,481,497,508,530,556,558,599,626,662,727,752,755,778,781,803,826,850,864,918,948,976,994
0012_00046	4,10,20,94,96,112,134,145,177,222,252,283,304,353,469,487,500,508,509,510,550,551,626,640,675,689,727,850,968,991,992
0012_00047	20,29,94,134,141,148,177,188,204,268,304,405,469,487,508,510,515,550,551,586,626,640,676,727,781,792,825,829,833,850,887,968,995
0012_00048	20,72,94,134,141,177,188,261,304,469,508,510,550,551,620,626,640,676,712,720,727,733,741,763,825,850,947,968
0012_00053	20,21,94,134,141,148,177,188,226,268,304,353,369,371,381,430,469,476,508,510,515,550,551,598,626,640,712,727,735,825,850,968
0012_00055	4,20,94,95,134,141,148,177,188,201,226,268,304,347,353,362,469,508,510,515,549,550,551,626,640,666,705,712,727,735,778,825,850,858,931,948,968,990,999
0012_00056	4,20,21,94,134,141,148,151,177,188,197,268,303,304,347,353,371,383,469,508,510,515,549,550,551,618,626,640,650,705,709,712,727,778,825,850,948,968
0012_00060	4,20,94,133,134,141,160,177,188,238,284,304,328,347,349,368,469,508,510,515,549,551,626,640,705,727,778,825,850,856,931,948,968
