id	bits.on
0185_00004	4,35,50,63,67,85,89,94,127,132,134,137,139,145,153,159,175,197,209,212,304,311,316,319,326,351,352,387,390,401,405,422,442,461,524,576,626,631,675,686,710,719,743,772,783,801,804,814,924,936,948,968,974,982
0185_00005	19,20,77,83,94,107,110,134,141,153,207,275,319,340,347,384,405,422,430,472,481,508,524,626,686,727,776,789,823,824,948,965,968,989
0185_00024	19,20,24,38,87,94,107,134,141,147,153,158,190,207,215,256,260,270,307,319,347,389,481,482,508,515,528,550,579,605,616,620,626,640,676,727,733,744,776,789,812,871,904,945,947,968,989,1003
0185_00025	19,20,24,64,87,94,107,113,134,141,153,158,207,215,270,328,414,481,482,508,515,528,533,626,640,727,733,776,789,820,904,968,989,1003
0185_00028	15,20,39,89,94,134,164,176,240,242,245,303,338,378,401,456,508,513,540,626,656,727,799,920,936,953,968,1009
0185_00029	19,20,24,31,34,56,57,65,80,86,89,94,100,134,139,144,153,155,159,167,171,172,173,204,207,212,258,269,270,275,287,298,300,313,317,319,335,347,349,360,363,364,366,369,373,384,387,390,401,405,415,422,423,436,442,461,467,475,480,481,486,492,499,502,504,508,516,524,525,530,535,548,554,555,558,566,580,588,599,603,625,626,629,642,653,660,678,688,690,692,714,719,727,728,749,751,755,761,763,767,770,783,814,831,837,860,887,888,889,891,900,912,913,914,915,917,925,929,936,948,954,960,963,968,974,975,977,980,990
0185_00037	19,20,91,94,107,134,138,141,153,207,226,270,281,304,353,412,417,453,474,481,482,508,515,528,550,626,640,657,697,710,727,766,776,789,808,819,937,968,971,977,989
0185_00039	14,20,94,107,141,153,207,451,468,481,508,626,700,727,747,776,789,842,988
0185_00042	20,72,94,134,141,177,188,261,304,469,508,510,550,551,620,626,640,676,712,720,727,733,741,763,825,850,947,968
0185_00044	20,80,94,107,134,141,207,270,342,350,458,459,481,484,508,550,562,620,626,627,640,647,676,727,733,947,968
0185_00049	19,56,65,89,126,134,139,155,159,172,212,260,319,367,382,401,405,422,436,461,481,486,524,525,558,566,580,625,626,629,647,653,678,690,719,728,755,783,878,887,936,948,960,968,974,975,989,990,998
0185_00055	11,20,37,55,57,65,87,94,107,153,207,266,274,292,347,390,508,533,538,588,626,646,692,701,727,757,758,763,941,954,978,1015
0185_00058	19,56,65,85,89,134,139,153,155,159,172,197,212,311,319,326,351,387,390,401,405,422,436,442,461,481,486,524,525,558,566,580,625,626,629,653,678,690,710,719,728,743,755,783,887,935,936,960,968,974,975,990
0185_00059	19,56,65,85,89,100,134,139,146,153,172,209,212,252,269,292,299,311,319,326,379,387,402,405,422,436,442,459,461,481,486,499,508,524,525,539,558,566,580,625,626,629,653,678,690,728,753,755,783,816,868,875,887,920,960,968,974,975,990,1009
0185_00060	19,56,57,65,79,89,121,134,139,153,155,159,172,173,177,197,212,257,269,300,319,347,351,364,387,401,405,422,436,442,461,481,486,492,508,524,525,555,558,566,580,588,625,626,629,653,678,690,692,719,728,755,763,783,860,874,887,935,936,954,960,968,974,975,980,990,997
0185_00062	19,56,57,65,79,89,134,139,150,153,155,159,172,173,177,197,212,257,269,300,319,347,351,364,387,401,405,422,436,442,461,475,481,486,492,508,524,525,555,558,566,580,588,600,625,626,629,653,672,678,690,692,719,728,755,763,783,791,860,874,887,900,935,936,954,960,968,974,975,980,990,997
0185_00063	19,56,57,65,79,89,134,139,150,153,155,159,172,173,177,197,212,257,269,300,319,347,351,364,387,401,405,422,436,442,461,475,481,486,492,508,524,525,555,558,566,580,588,600,625,626,629,653,672,678,690,692,719,728,755,763,783,791,860,874,887,900,935,936,954,960,968,974,975,980,990,997
0185_00064	19,56,57,65,76,89,109,134,139,153,155,159,172,173,177,197,212,266,319,347,351,387,401,405,422,436,442,461,481,486,508,524,525,555,558,566,580,588,625,626,629,653,678,690,692,719,728,743,755,763,783,874,887,935,936,954,960,968,974,975,980,990,997
0185_00066	19,24,47,56,57,60,65,66,85,87,89,134,139,153,155,159,172,173,177,197,212,257,269,300,311,319,326,347,351,364,387,401,402,405,410,422,436,442,461,475,481,486,492,508,523,524,525,527,555,558,562,565,566,580,625,626,629,653,678,689,690,692,719,728,743,755,763,783,826,860,874,887,894,900,915,935,936,954,960,964,968,974,975,980,990,997
0185_00067	20,34,57,76,89,109,134,139,153,159,173,177,197,212,266,319,321,341,342,347,351,384,387,401,405,422,432,442,461,481,508,524,555,578,588,626,652,678,692,719,727,740,743,746,763,783,842,874,887,936,954,968,974,975,980,987,997
0185_00069	22,85,89,153,180,187,268,311,326,351,442,461,562,626,647,658,689,719,743,757,864,936,974,986
0185_00070	85,89,147,153,261,284,311,326,351,442,461,539,562,582,617,626,689,690,719,743,851,936,974,1009
0185_00073	5,20,56,77,94,107,134,153,207,221,247,274,281,319,326,338,366,387,395,405,434,468,481,508,516,524,530,576,626,630,655,668,686,727,739,757,829,913,925,947,948,950,968,986,989
0185_00074	15,153,177,207,323,326,390,538,576,626,701,729,916
0185_00077	89,134,153,207,210,245,252,326,388,390,426,461,464,475,508,534,551,576,626,640,656,676,789,803,873,948,981,1008
0185_00078	20,94,107,116,141,153,207,340,341,353,440,481,508,511,626,727,776,779,789
0185_00079	4,20,94,107,116,134,141,153,207,480,481,508,511,626,727,743,776,789
0185_00080	4,20,94,107,116,134,141,153,207,480,481,508,511,626,727,743,776,789
0185_00084	19,20,44,56,57,65,71,72,75,89,123,134,138,139,153,155,159,172,173,177,197,210,212,233,235,257,267,269,276,297,300,319,341,347,351,359,364,387,401,405,406,422,432,436,442,443,445,459,461,481,486,487,492,508,524,525,528,550,555,558,566,580,612,625,626,627,629,653,669,678,690,692,710,719,721,727,728,745,755,763,783,795,810,823,843,846,860,871,874,877,881,887,897,898,899,918,935,936,954,960,965,968,974,975,980,990,997,1005
0185_00086	20,28,39,58,65,66,73,77,82,94,126,129,134,153,154,180,191,207,220,223,236,245,248,266,293,299,332,356,357,367,391,405,418,457,468,480,490,494,495,506,508,525,530,541,567,571,579,582,592,614,615,620,626,627,662,687,689,727,752,756,772,783,786,802,840,841,850,853,885,911,918,941,942,946,947,948,949,963,997
0185_00088	20,21,94,134,141,148,177,188,226,268,304,353,369,371,381,430,469,476,508,510,515,550,551,598,626,640,712,727,735,825,850,968
0185_00089	5,20,21,22,56,77,88,94,107,117,134,153,195,207,281,338,366,387,395,405,468,479,481,508,516,530,611,626,655,662,668,727,739,757,787,806,829,866,913,950,968,989
0185_00090	26,57,77,89,134,139,153,159,163,173,177,197,212,245,257,269,274,300,347,351,364,387,401,405,430,442,452,460,461,463,465,475,481,492,508,523,524,555,560,596,603,610,615,626,631,657,665,681,692,716,719,763,765,807,833,860,874,887,900,913,928,936,952,954,968,974,980,997
0185_00092	15,20,26,39,60,71,76,85,87,89,94,120,153,163,170,182,207,215,222,223,231,252,261,285,290,316,370,391,398,401,424,437,480,491,499,503,508,530,580,594,602,609,614,626,664,690,697,710,726,727,752,758,759,772,801,802,818,860,909,915,936,948,964,967,972,976
0185_00093	5,15,20,26,35,39,49,60,64,76,85,87,89,94,118,120,152,153,163,170,180,182,207,222,228,231,252,261,281,285,290,316,326,351,368,370,391,401,408,420,424,437,480,499,508,530,552,594,602,609,626,664,690,710,726,727,752,753,758,759,772,802,818,860,936,948,949,964,976,999,1009
0185_00094	15,20,32,33,89,94,194,216,438,508,560,626,645,662,677,727,742,776,818,936,964
0185_00095	20,57,84,89,134,138,139,153,159,173,177,197,210,212,245,257,267,269,274,300,347,351,364,387,401,402,405,430,442,445,452,460,461,465,481,492,508,523,524,540,555,560,596,600,615,626,631,657,681,692,700,716,718,719,763,765,807,833,846,860,874,877,887,911,919,928,932,936,948,952,954,965,968,974,980,994,997
0185_00098	20,51,94,107,141,153,174,207,217,231,270,294,341,353,360,481,504,508,516,545,552,626,643,727,771,776,778,789,986
0185_00099	19,20,24,56,57,65,80,86,89,113,134,139,144,153,155,159,167,172,173,186,204,207,212,269,270,275,287,298,300,313,319,347,353,360,364,366,369,387,390,401,405,415,422,423,436,442,461,467,475,481,486,492,499,502,508,516,524,525,530,535,548,554,555,558,566,574,580,588,599,603,607,625,626,629,653,660,664,678,688,690,692,719,727,728,749,751,755,761,763,783,831,860,887,888,891,900,912,914,917,925,929,936,948,954,960,963,968,974,975,977,980,990
0185_00100	15,20,25,26,36,61,72,82,85,89,129,134,139,141,148,153,222,245,250,255,291,305,311,315,316,326,343,351,357,358,399,408,446,452,499,508,513,566,595,603,626,681,727,755,768,772,801,836,852,855,862,875,888,898,900,926,944,948,968,969,978,1019,1022
0185_00101	15,20,25,26,49,72,85,87,89,97,119,134,141,148,153,211,222,233,245,255,258,280,285,315,326,351,357,371,393,399,413,467,469,499,506,508,513,517,557,560,566,580,603,610,626,704,727,736,755,766,768,772,774,819,821,822,836,866,898,936,948,950,964,968,977,1009,1019,1022
0185_00102	15,20,25,26,36,61,72,85,89,102,129,134,139,141,148,153,205,211,222,233,245,255,305,315,326,350,351,357,358,399,408,413,469,499,508,513,517,523,527,566,603,610,626,640,681,704,727,730,755,766,768,772,774,790,801,819,822,836,852,855,862,898,926,936,948,968,1009,1019,1022
0185_00103	15,20,25,26,36,72,85,89,102,129,134,141,146,148,153,182,205,211,222,233,245,255,305,315,347,350,351,357,358,372,399,408,413,421,469,499,508,513,517,523,527,544,566,603,610,626,681,704,727,730,746,755,762,766,768,772,774,782,790,801,810,819,822,836,852,855,862,886,936,948,968,975,989,1009,1019,1022
0185_00104	15,20,21,25,26,36,61,72,85,89,117,129,134,139,141,148,153,208,216,222,245,255,302,305,313,315,326,351,357,358,399,401,408,449,458,472,499,508,513,566,603,626,627,648,649,681,713,727,733,749,751,755,768,772,782,801,836,852,855,862,898,926,948,968,973,1019,1022
0185_00107	15,19,56,65,89,134,139,146,152,155,168,172,212,251,252,267,269,288,318,319,369,401,405,422,427,436,461,481,486,508,524,525,539,540,547,557,558,566,580,625,626,629,653,678,690,691,711,719,728,741,747,754,755,769,783,816,817,887,936,960,968,974,975,979,990,1009
0185_00108	15,19,56,65,89,134,139,146,152,155,168,172,212,251,252,267,269,288,318,319,369,401,405,422,427,436,461,481,486,508,524,525,539,540,547,557,558,566,580,625,626,629,653,678,690,691,711,719,728,741,747,754,755,769,783,816,817,887,936,960,968,974,975,979,990,1009
0185_00109	15,48,64,67,89,120,129,132,134,139,145,146,152,163,168,212,245,252,267,269,288,304,309,318,319,337,369,401,405,422,427,461,481,486,506,508,524,525,539,540,547,557,582,615,626,631,662,669,691,711,719,722,741,747,754,769,783,792,816,817,860,868,887,889,936,968,974,979,1004,1009
0185_00110	20,94,128,141,153,186,207,257,270,371,387,478,480,481,508,516,533,626,692,727,776,812,871,872,917,927,941,1006
0185_00113	20,94,107,141,153,186,207,387,481,508,533,626,727,776,789,1000,1006
0185_00115	85,89,134,139,153,159,197,212,245,274,311,326,351,387,390,401,405,442,452,460,461,465,481,508,523,524,560,596,615,626,631,657,681,710,716,719,743,765,807,833,887,928,936,952,968,974
0185_00116	70,85,89,115,134,139,146,153,201,245,252,269,311,326,338,379,403,405,422,442,452,459,460,461,465,480,481,508,510,523,524,525,539,560,596,615,626,657,716,765,773,816,833,852,868,887,919,920,928,952,968,974,1009,1012
0185_00117	57,79,89,121,134,139,153,159,173,177,197,212,245,257,269,274,300,347,351,364,387,401,405,442,452,460,461,465,481,492,508,523,524,525,555,560,566,588,596,615,626,631,657,681,692,716,719,763,765,807,833,860,874,887,928,936,952,954,968,974,980,997
0185_00118	15,19,56,65,89,134,139,146,152,155,168,172,212,251,252,267,269,288,318,319,369,401,405,422,427,436,461,481,486,508,524,525,539,540,547,557,558,566,580,625,626,629,653,678,690,691,711,719,728,741,747,754,755,769,783,816,817,887,936,960,968,974,975,979,990,1009
0185_00119	15,19,56,65,89,134,139,146,152,155,168,172,212,251,252,267,269,288,318,319,369,401,405,422,427,436,461,481,486,508,524,525,539,540,547,557,558,566,580,625,626,629,653,678,690,691,711,719,728,741,747,754,755,769,783,816,817,887,936,960,968,974,975,979,990,1009
0185_00120	57,79,89,134,139,150,153,159,173,177,197,212,245,257,269,274,300,347,351,364,387,401,405,442,452,460,461,465,475,481,492,508,523,524,555,560,566,588,596,600,615,626,631,657,672,681,692,716,719,763,765,791,807,833,860,874,887,900,928,936,952,954,968,974,980,997
0185_00121	20,94,107,141,207,383,481,508,626,634,727,802,948
0185_00123	15,19,56,57,65,89,109,127,128,134,139,153,172,173,266,283,314,319,347,405,413,422,436,442,461,480,481,486,508,524,525,555,558,566,580,588,625,626,629,678,687,690,692,717,728,743,755,763,781,783,794,814,816,824,887,932,936,954,960,964,968,974,975,980,1021
0185_00124	15,19,56,57,65,79,89,127,128,134,139,150,153,172,173,269,283,300,314,319,347,364,405,413,422,436,442,461,475,480,481,486,492,508,524,525,555,558,566,580,588,600,625,626,629,672,678,687,690,692,717,728,755,763,781,783,791,794,814,824,860,887,900,932,936,954,960,964,968,974,975,980,1021
0185_00125	5,15,20,26,49,60,76,85,87,89,94,108,118,153,163,182,207,222,228,231,252,261,281,285,290,316,326,340,351,352,401,402,408,424,437,480,482,499,508,530,566,609,626,657,690,710,713,727,752,753,759,772,777,802,818,851,860,879,936,948,964,969,976,987,999,1003,1009,1015,1022
0185_00126	5,15,20,26,49,60,76,85,87,89,94,108,118,153,163,182,207,222,228,231,252,261,281,285,290,316,326,340,351,352,401,402,408,424,437,480,482,499,508,530,566,609,626,657,690,710,713,727,752,753,759,772,777,802,818,851,860,879,936,948,964,969,976,987,999,1003,1009,1015,1022
0185_00127	15,31,35,85,89,127,134,139,153,245,283,311,314,326,346,405,413,430,442,452,460,461,465,481,508,523,524,560,596,615,626,657,716,742,765,814,824,833,887,894,924,928,936,952,964,968,974,980
0185_00128	15,35,57,89,109,127,128,134,139,153,173,245,266,283,314,346,347,405,413,442,452,460,461,465,481,508,523,524,555,560,588,596,615,626,657,687,692,716,743,763,765,814,816,824,833,887,894,924,928,932,936,952,954,964,968,974,980
0185_00129	15,35,57,89,127,128,134,138,139,153,173,233,245,267,269,283,288,314,346,347,405,413,418,442,452,459,460,461,465,481,508,523,524,555,560,596,615,626,637,645,657,687,716,763,765,814,824,833,846,872,877,887,894,901,924,928,932,936,952,954,964,968,974,980
0185_00130	15,31,50,64,67,70,85,89,120,127,129,131,132,134,139,153,163,168,245,283,309,311,314,319,326,337,405,413,422,430,442,461,481,486,506,508,524,582,615,626,631,662,669,742,783,791,792,814,824,853,860,868,887,889,936,964,968,974,980
0185_00131	15,50,57,64,67,70,89,109,120,127,128,129,131,132,134,139,153,163,168,173,245,266,283,309,314,319,337,347,405,413,422,442,461,481,486,506,508,524,555,582,588,615,626,631,662,669,687,692,743,763,783,791,792,814,816,824,853,860,868,887,889,932,936,954,964,968,974,980
0185_00132	15,31,85,89,127,134,139,153,167,169,236,245,277,283,311,314,326,413,430,434,440,442,452,461,506,508,524,569,620,626,657,662,742,764,766,806,814,824,936,952,964,968,974,980
0185_00133	15,57,79,89,127,128,134,139,150,153,167,169,173,236,245,269,277,283,300,314,347,364,413,434,440,442,452,461,475,492,506,508,524,555,566,569,588,600,620,626,657,662,672,687,692,763,764,766,791,806,814,824,860,900,932,936,952,954,964,968,974,980
0185_00134	15,57,89,109,127,128,134,139,153,167,169,173,236,245,266,277,283,314,347,413,434,440,442,452,461,506,508,524,555,569,588,620,626,657,662,687,692,743,763,764,766,806,814,816,824,932,936,952,954,964,968,974,980
0185_00136	15,50,57,64,67,70,79,89,120,121,127,128,129,131,132,134,139,153,163,168,173,245,269,283,300,309,314,319,337,347,364,405,413,422,442,461,475,481,486,492,506,508,524,525,555,566,582,588,615,626,631,662,669,687,692,763,783,791,792,814,824,853,860,868,887,889,932,936,954,964,968,974,980
0185_00137	52,89,134,206,207,242,245,278,346,390,461,508,534,543,582,606,626,650,667,683,684,719,828,850,906,936,953,978,979
0185_00138	15,50,57,64,67,70,79,89,120,127,128,129,131,132,134,139,150,153,163,168,173,245,269,283,300,309,314,319,337,347,364,405,413,422,442,461,475,481,486,492,506,508,524,555,566,582,588,600,615,626,631,662,669,672,687,692,763,783,791,792,814,824,853,860,868,887,889,900,932,936,954,964,968,974,980
0185_00141	15,46,64,134,141,163,207,219,226,234,245,264,279,337,385,390,405,420,435,481,506,508,518,541,563,582,605,615,616,626,631,649,651,662,774,778,802,860,887,889,891,910,948,1018
0185_00142	9,11,14,15,20,26,56,64,94,97,107,134,136,141,153,159,163,202,203,207,226,231,242,245,261,279,297,337,351,367,374,405,408,431,447,477,480,481,506,508,516,518,530,550,582,588,605,606,615,626,631,635,649,651,655,659,662,700,727,739,752,774,778,789,810,860,879,887,889,890,893,896,897,910,921,967,968,1005,1018
0185_00144	20,50,64,94,153,186,312,321,332,382,396,480,508,522,530,586,588,611,626,641,715,723,727,741,752,804,850,897,948,994
0185_00146	22,57,76,89,109,153,173,177,187,266,270,347,351,442,461,508,555,588,626,647,692,719,743,763,935,936,954,974,982,986
0185_00147	15,22,24,44,57,85,89,125,127,128,134,139,153,173,185,220,245,269,283,291,300,301,303,311,314,326,339,340,347,351,364,379,413,435,442,461,466,475,477,492,506,508,524,533,555,562,565,569,575,582,604,626,638,649,662,666,671,675,687,689,692,708,719,743,763,806,814,824,860,874,900,905,908,915,918,932,936,948,954,964,968,974,980
0185_00148	20,50,51,64,94,153,172,186,295,312,321,391,396,441,480,481,508,522,530,586,588,611,626,715,727,741,752,778,804,850,897,948,976,994
0185_00149	20,50,62,64,138,146,153,154,283,312,361,387,398,405,423,481,497,508,530,556,558,575,599,662,727,755,778,781,826,850,864,918,948,994
0185_00150	34,134,153,154,207,224,226,227,279,350,353,369,381,390,476,515,516,539,550,626,640,647,658,659,802,867,904,906,934,940,948,968,998
0185_00151	20,50,62,64,138,146,153,154,283,312,361,387,398,405,423,481,497,508,530,556,558,575,599,662,727,755,778,781,826,850,864,918,948,994
0185_00153	19,36,56,57,65,89,105,119,131,134,139,153,155,159,172,173,177,197,207,211,212,219,220,240,245,253,257,262,269,292,300,319,324,347,351,364,367,387,390,394,399,400,401,403,405,411,422,423,436,442,461,467,475,481,486,489,492,506,508,515,522,524,525,532,538,555,558,560,563,566,580,582,585,596,603,607,615,616,622,625,626,629,647,653,655,658,662,668,678,690,691,692,701,710,719,728,746,755,758,763,775,783,841,860,874,887,900,919,934,935,936,948,954,960,968,974,975,980,990,997,1006,1018,1024
0185_00154	4,20,94,95,134,141,148,177,188,201,226,268,304,347,353,362,469,508,510,515,549,550,551,626,640,666,705,712,727,735,778,825,850,858,931,948,968,990,999
0185_00155	10,11,14,20,26,38,56,64,88,93,94,97,107,134,136,141,152,153,159,202,203,207,231,245,261,274,289,297,306,310,321,357,367,374,393,405,410,426,475,480,481,506,508,511,516,518,530,550,580,582,588,593,606,613,615,625,626,635,655,662,676,727,739,752,789,810,821,860,866,879,887,889,893,896,897,943,968,1005,1017
0185_00156	15,26,31,39,89,126,139,153,212,263,280,301,326,390,414,461,475,549,557,626,711,719,797,806,809,855,877,936
0185_00157	20,37,57,153,207,266,274,278,291,292,325,326,347,390,460,507,508,538,588,620,626,665,682,692,701,727,739,742,757,758,763,898,954
0185_00158	8,26,57,77,89,94,109,153,173,266,347,350,373,429,442,461,501,508,555,557,588,607,626,687,692,708,719,743,755,763,800,829,855,865,874,922,936,954,959,988
0185_00159	20,94,177,265,469,508,511,551,626,727,850
0185_00160	11,20,65,80,83,94,107,187,207,390,508,538,620,626,628,646,727,917,978,988,1015
0185_00161	15,153,207,300,323,326,390,538,576,626,638,657,674,701,775,880,918,943,944
0185_00162	22,85,89,153,187,229,268,300,311,326,442,461,562,626,647,651,658,719,743,786,864,936,974,986
0185_00163	15,24,57,60,67,85,87,89,153,206,229,282,300,311,326,347,410,442,461,508,527,562,588,599,626,692,719,743,894,936,954,974
0185_00164	20,22,37,89,94,134,140,328,370,385,461,508,562,626,647,677,719,727,779,850,864,865,917,936,974,986
0185_00165	20,50,62,64,101,137,138,146,153,154,186,254,283,295,312,321,387,396,405,423,481,497,508,530,575,588,685,727,741,778,826,850,864,897,948,994
0185_00167	11,15,20,65,94,107,153,207,323,326,390,508,533,538,562,576,626,646,701,727,839,941,978,1015
0185_00169	85,89,134,153,245,311,326,332,351,406,432,442,461,508,528,534,600,626,672,690,704,707,719,795,805,837,906,936
0185_00170	85,89,134,153,245,311,326,332,351,406,432,442,461,508,528,534,600,626,672,690,704,707,719,795,805,837,906,936
0185_00171	15,20,94,107,141,153,176,207,302,323,326,346,390,481,508,533,538,562,576,616,626,701,727,734,815,926
0185_00172	57,72,76,89,109,123,147,153,166,173,177,266,284,347,351,442,461,481,491,508,555,588,626,687,692,700,719,743,763,817,818,936,945,954,963,974,1008
0185_00173	35,43,70,72,86,89,134,139,146,153,166,177,215,217,236,297,347,351,442,461,481,508,555,573,608,609,626,662,687,719,777,872,917,936,963,974,994
0185_00174	22,24,44,57,69,85,89,153,160,291,311,326,339,347,351,435,442,461,508,541,562,588,599,626,666,689,692,708,719,743,908,936,954,974
0185_00175	22,57,76,89,109,153,173,177,187,235,266,279,347,351,442,461,508,555,562,588,626,647,658,692,719,743,763,864,936,954,974,982,986
0185_00176	22,57,76,89,109,153,173,177,187,235,266,279,347,351,442,461,508,555,562,588,626,647,658,692,719,743,763,864,936,954,974,982,986
0185_00177	20,22,37,89,94,118,140,204,328,385,408,461,508,562,626,647,677,719,727,779,799,864,865,936,974,986
0185_00182	20,56,94,105,107,128,129,141,153,186,207,217,231,257,270,357,365,366,387,480,481,508,516,530,583,626,674,692,706,727,739,757,776,789,812,829,834,871,917,927,947,952,1006
0185_00183	57,103,153,155,207,266,278,292,347,390,487,508,588,591,626,684,692,744,757,761,763,850,896,954
0185_00184	20,71,94,107,153,207,326,390,508,575,576,626,727,784,976
0185_00185	57,118,153,207,266,292,311,326,347,390,474,508,576,588,626,692,757,763,779,900,926,954,955
0185_00186	4,15,20,26,39,60,71,76,85,87,89,94,120,128,153,159,163,170,207,215,222,223,231,252,270,278,285,290,316,366,370,391,398,401,424,437,439,480,491,499,501,503,508,516,524,530,580,584,594,602,609,614,626,664,690,697,726,727,758,759,772,801,802,818,860,871,909,915,927,936,948,964,967,972,976
0185_00187	4,5,15,20,26,35,39,49,60,64,76,85,87,89,94,118,120,128,152,153,159,163,170,180,207,222,228,231,252,270,278,281,285,290,316,326,351,366,368,370,391,401,408,420,424,437,439,480,499,501,508,516,524,530,552,584,594,602,609,626,664,690,726,727,753,758,759,772,802,818,860,871,927,936,948,949,964,976,999,1009
0185_00189	20,94,107,126,134,151,153,207,209,259,295,316,341,382,480,481,508,511,626,727,756,847,917,995,999
0185_00192	57,64,67,79,89,120,121,129,132,134,139,145,153,159,163,168,173,177,197,209,212,245,257,269,300,304,309,319,337,347,351,364,387,401,405,422,442,461,481,486,492,506,508,524,525,555,566,582,588,615,626,631,662,669,692,719,722,763,783,792,860,868,874,887,889,936,954,968,974,980,997,1004
0185_00193	24,47,57,64,66,67,85,87,89,120,129,132,134,139,145,153,159,163,168,173,177,197,209,212,231,245,257,269,300,304,309,311,319,326,337,347,351,364,383,386,387,401,402,405,410,422,442,461,475,481,486,492,506,508,524,527,555,562,565,582,587,615,626,631,662,669,689,692,719,722,743,763,783,792,860,868,874,887,889,900,915,936,954,964,968,974,980,997,1004
0185_00195	57,64,67,79,89,120,129,132,134,139,145,150,153,159,163,168,173,177,197,209,212,245,257,269,300,304,309,319,337,347,351,364,387,401,405,422,442,461,475,481,486,492,506,508,524,555,566,582,588,600,615,626,631,662,669,672,692,719,722,763,783,791,792,860,868,874,887,889,900,936,954,968,974,980,997,1004
0185_00198	19,20,65,88,94,107,117,127,134,141,153,195,207,387,395,405,479,481,508,562,626,662,727,776,787,789,866,968,989,1022
0185_00199	19,20,65,88,94,107,117,127,134,141,153,195,207,387,395,405,479,481,508,562,626,662,727,776,787,789,866,968,989,1022
0185_00215	67,77,85,89,132,134,137,139,145,153,159,168,197,209,212,245,304,311,315,317,319,326,351,387,390,401,405,422,436,442,461,479,486,508,524,544,582,614,626,631,662,699,704,710,719,743,783,787,804,836,866,936,968,974
0185_00216	57,67,77,89,106,132,134,137,138,139,145,153,159,168,173,177,197,209,212,233,245,267,269,304,315,317,319,347,351,387,401,405,422,436,442,456,459,461,479,486,508,524,544,555,582,614,626,631,662,692,696,699,704,710,719,738,763,769,783,787,804,836,846,866,874,877,936,954,968,974,980,997
0185_00217	57,67,76,77,89,109,132,134,137,139,145,153,159,168,173,177,197,209,212,245,266,304,315,317,319,347,351,387,401,405,422,436,442,461,479,486,508,524,544,555,582,588,614,626,631,662,692,699,704,719,743,763,783,787,804,836,866,874,936,954,968,974,980,997
0185_00218	57,67,77,79,89,132,134,137,139,145,150,153,159,168,173,177,197,209,212,245,257,269,300,304,315,317,319,347,351,364,387,401,405,422,436,442,461,475,479,486,492,508,524,544,555,566,582,588,600,614,626,631,662,672,692,699,704,719,763,783,787,791,804,836,860,866,874,900,936,954,968,974,980,997
0185_00219	57,67,76,77,89,109,132,134,137,139,145,153,159,168,173,177,197,209,212,245,266,304,315,317,319,347,351,387,401,405,422,436,442,461,479,486,508,524,544,555,582,588,614,626,631,662,692,699,704,719,743,763,783,787,804,836,866,874,936,954,968,974,980,997
0185_00221	20,84,94,107,141,145,153,207,228,242,254,294,365,481,508,598,626,727,802,948,994
0185_00227	7,22,85,89,153,176,187,200,216,229,260,300,311,323,326,347,442,454,461,467,493,498,554,557,562,590,621,626,647,658,702,703,711,719,743,835,936,956,974,986,994
0185_00228	19,20,91,93,94,107,134,141,153,207,226,262,270,281,353,369,381,476,481,482,508,515,528,550,601,604,626,640,727,776,789,808,968,977,989
0185_00229	20,39,49,94,107,141,153,171,207,266,481,508,527,545,626,727,776,789,802,948
0185_00230	48,52,89,118,134,153,207,210,242,245,257,259,326,346,390,461,508,534,576,582,590,606,626,667,676,719,906,936,978
0185_00231	20,50,62,64,101,137,138,146,153,154,186,283,295,312,361,387,396,398,405,423,481,497,508,530,556,575,588,599,662,727,741,778,826,850,864,897,918,948,994
0185_00232	19,20,24,38,87,94,100,107,134,141,153,158,173,190,207,215,226,256,260,270,274,307,319,347,353,366,374,389,481,482,488,508,515,528,550,578,579,626,640,727,733,744,765,776,789,812,855,904,968,989,1003
0185_00233	15,20,26,49,60,72,76,85,87,89,94,108,153,163,182,205,207,215,222,223,231,252,261,285,290,316,340,401,424,437,480,499,503,508,530,566,594,609,613,626,632,690,697,705,710,727,752,759,772,801,802,818,851,852,860,879,887,909,936,948,964,969,976,987,1015,1022
0185_00234	4,15,20,26,45,49,60,72,76,80,85,87,89,92,99,108,146,153,159,163,205,207,215,222,223,231,236,243,252,270,285,290,314,316,340,360,366,401,424,437,479,499,503,508,516,524,530,566,594,609,613,626,632,690,697,705,727,759,772,801,802,808,818,851,852,860,879,887,909,936,948,964,969,970,976,987,1015,1022
0185_00235	20,64,96,134,141,153,207,256,269,272,287,341,372,383,389,407,479,481,487,503,508,530,550,601,603,615,654,662,714,727,762,776,778,786,797,812,893,896,947,968,989
0185_00239	12,20,138,387,508,551,727,751,850,878,1009
0185_00240	7,27,60,64,70,85,87,89,140,153,202,260,292,297,311,326,347,351,402,410,442,461,467,471,523,554,562,626,689,719,727,743,789,835,888,889,935,936,962,974,986
0185_00243	22,85,89,153,187,197,212,218,268,311,326,351,442,461,562,612,626,647,689,719,743,757,936,974
0185_00244	22,57,76,89,109,153,173,177,187,197,212,218,235,266,279,347,351,442,461,508,555,562,588,612,626,647,692,719,743,763,936,954,974,982
0185_00247	20,138,184,207,336,378,387,390,438,508,573,620,626,727,915,978
0185_00248	20,94,107,141,153,188,206,207,217,231,310,363,423,481,508,581,626,727,776,789,881,915,948,992,1015
0185_00251	34,85,89,114,153,200,229,254,300,311,323,326,347,361,442,461,493,549,562,626,673,703,719,743,916,936,948,974
0185_00253	19,56,65,89,134,139,153,155,159,167,172,197,212,244,319,351,387,401,405,422,436,442,461,481,486,524,525,558,566,580,621,625,626,629,653,658,678,690,711,719,728,755,783,785,791,881,887,915,935,936,948,960,968,974,975,990,1015,1017
0185_00254	20,115,138,144,153,302,326,373,387,504,508,512,517,575,609,626,632,666,727,767,830,842,948,977,999
0185_00260	20,56,94,107,153,207,263,279,293,341,353,440,481,508,511,516,626,647,655,727,737,739,762,797,948,960,981
0185_00261	20,56,94,107,134,153,207,263,480,508,511,516,564,626,647,655,672,727,739,762,797,857,948,960,981
0185_00262	20,70,85,89,140,151,153,229,263,282,297,311,326,442,461,474,492,508,510,516,527,548,556,626,627,719,727,743,762,790,900,936,948,960,974
0185_00263	20,35,43,85,89,94,153,187,263,311,326,349,351,442,461,474,492,508,516,626,643,647,687,719,727,743,757,762,790,822,936,948,960,974
0185_00264	20,45,56,94,97,107,153,207,231,261,367,480,508,516,530,626,647,655,727,734,739,752,762,797,893,896,948,960
0185_00266	20,39,49,56,61,94,107,153,207,255,500,508,516,527,555,626,647,655,687,727,739,762,797,802,948,960
0185_00267	20,85,89,116,153,187,231,260,263,311,326,351,442,461,474,492,508,516,626,643,647,687,719,727,743,757,762,790,902,936,946,948,960,974
0185_00268	20,43,56,94,107,153,188,207,231,265,337,363,508,516,626,647,655,721,727,734,739,762,797,881,896,915,948,960,992,1015
0185_00269	8,15,20,26,89,94,153,178,207,216,243,263,323,326,390,393,413,429,457,461,474,492,508,516,570,576,594,626,691,701,727,750,758,760,762,770,819,829,833,837,848,855,936,948,960,981,1000,1008
0185_00271	13,15,20,48,89,94,103,175,201,237,367,371,397,415,508,523,524,626,645,677,727,762,772,814,873,948
0185_00272	20,56,94,107,153,207,291,326,508,516,576,589,626,647,655,727,739,762,792,797,948,960
0185_00275	15,19,20,24,34,56,57,65,89,104,126,134,139,153,159,167,168,172,173,177,194,212,240,257,269,300,316,319,340,341,347,351,359,364,382,387,405,422,432,436,442,460,461,465,467,475,479,481,486,492,508,509,524,525,555,558,566,569,580,588,599,603,625,626,629,633,653,655,657,678,680,687,690,692,706,707,719,723,727,728,733,755,757,763,764,783,793,808,838,842,847,860,861,887,900,936,954,960,966,968,974,975,980,990,997
0185_00277	20,50,62,64,138,146,153,154,283,312,361,387,398,405,423,481,497,508,530,556,558,575,599,662,727,755,778,781,826,850,864,918,948,994
0185_00279	20,37,43,56,69,94,107,153,188,207,231,278,330,337,363,387,508,516,536,581,626,655,727,811,850,881,915,948,992,996,1015
0185_00281	20,67,94,107,134,153,207,331,364,398,480,508,511,516,626,727,927,948,994,998,1021
0185_00282	20,56,94,107,153,207,231,261,367,480,508,516,530,604,626,655,727,752,812,869,893,948,961,994,998
0185_00286	20,50,62,64,94,153,154,283,312,361,391,480,481,497,508,530,556,558,599,626,662,727,752,755,778,781,803,826,850,864,918,948,976,994
0185_00289	20,57,77,94,107,141,153,207,266,292,347,396,438,481,508,588,626,692,715,727,757,763,776,789,861,954
0185_00290	2,20,56,57,128,129,131,138,140,153,207,216,231,233,254,257,270,296,297,366,375,387,399,419,422,438,508,516,530,575,586,612,674,727,739,757,771,781,829,917,929,947,948,994
0185_00293	20,21,82,94,107,141,153,203,207,217,231,261,347,430,475,480,481,485,508,530,544,545,626,640,727,752,776,789,797,850,950,1019,1022
0185_00296	15,20,80,89,94,134,199,201,245,264,411,429,508,554,626,662,677,727,772,842,954,1022
0185_00297	26,43,46,54,60,85,87,89,94,139,153,209,263,311,326,347,351,402,410,412,414,442,450,461,471,493,523,549,555,557,562,574,626,672,689,719,729,732,743,755,829,855,936,937,974,979,994
0185_00299	20,50,62,64,138,146,153,154,163,283,312,361,387,398,405,423,481,497,508,530,556,558,575,599,662,727,755,778,826,850,864,918,948,994
0185_00300	20,94,118,144,145,153,207,270,313,326,360,390,423,467,480,482,502,508,516,530,535,541,554,626,669,681,688,727,752,763,857,888,917,948,977
0185_00302	20,50,62,64,138,146,153,154,254,283,312,361,387,405,423,481,497,508,530,556,558,575,599,662,685,727,755,778,781,826,850,864,948,994
0185_00303	19,20,62,94,96,107,134,141,145,153,207,230,270,421,449,481,482,487,508,528,550,558,588,626,727,747,776,789,968,989
0185_00305	20,57,77,94,107,141,153,207,266,292,347,396,438,481,508,588,626,692,715,727,757,763,776,789,861,954
0185_00310	1,15,20,25,26,44,49,60,85,86,87,89,134,144,146,197,214,222,236,274,280,285,297,311,318,347,357,377,381,393,456,467,471,473,499,508,516,530,540,542,560,566,597,609,614,626,654,692,700,702,711,727,738,755,762,772,801,816,820,840,843,849,902,923,948,968,984
0185_00311	15,20,32,79,89,94,199,233,237,411,438,508,626,662,677,727,772,924
0185_00312	15,26,39,61,72,89,118,139,153,212,263,280,326,414,448,461,475,492,620,626,659,711,719,797,809,855,898,919,936
0185_00318	15,20,80,89,94,134,199,201,245,264,411,429,508,554,626,662,677,727,772,842,954,1022
0185_00323	15,153,207,300,323,326,390,452,495,538,576,626,701,775,781,918,1018
0185_00325	7,20,21,91,93,94,107,134,139,141,147,148,153,154,201,207,226,262,270,281,304,347,353,369,371,381,387,407,430,476,497,508,515,550,551,590,598,601,626,640,712,717,727,735,737,771,808,825,850,923,968,976,989
0185_00326	11,20,65,80,94,107,207,390,412,489,508,538,620,626,646,727,978,988,992,1015
0185_00327	19,20,51,52,56,65,69,81,89,94,107,121,134,139,141,153,155,159,172,197,206,207,212,217,231,310,319,351,363,387,401,405,417,422,436,442,461,481,486,508,524,525,540,558,566,580,621,625,626,629,653,658,678,690,701,711,719,727,728,755,776,783,789,819,887,915,935,936,960,968,974,975,990,1017
0185_00334	12,20,95,138,315,387,508,514,516,551,575,727,817,850,853,878,904,948,992,1021
0185_00335	15,153,207,268,300,323,326,390,533,538,562,576,580,626,638,701,775,918,944
0185_00336	15,26,31,89,139,153,180,212,263,280,326,413,414,461,549,557,578,624,626,635,671,711,719,765,783,855,877,921,936
0185_00340	1,26,39,60,85,87,89,94,139,153,162,174,183,270,287,311,313,326,347,351,385,402,410,442,461,464,486,496,499,523,551,557,562,626,689,719,743,753,829,868,936,974,1015
0185_00347	15,31,85,89,127,134,139,153,185,220,245,283,301,303,311,314,326,340,379,413,430,442,461,477,506,508,524,533,569,575,582,626,638,649,662,671,675,742,806,814,824,874,918,936,948,964,968,974,980
0185_00348	15,57,89,109,127,128,134,139,153,173,185,220,245,266,283,301,303,314,340,347,379,413,442,461,477,506,508,524,533,555,569,575,582,588,626,638,649,662,671,675,687,692,743,763,806,814,816,824,874,918,932,936,948,954,964,968,974,980
0185_00349	15,57,89,109,127,128,134,139,153,173,185,220,245,266,283,301,303,314,340,347,379,413,442,461,477,506,508,524,533,555,569,575,582,588,626,638,649,662,671,675,687,692,743,763,806,814,816,824,874,918,932,936,948,954,964,968,974,980
0185_00351	13,15,20,22,38,56,88,89,100,117,134,150,153,170,175,190,195,201,207,211,213,237,245,264,307,331,341,347,371,384,387,391,395,397,405,411,415,429,479,481,508,516,524,554,611,615,645,646,662,727,739,749,772,787,814,835,842,866,914,942,968,984,989,1009,1022
0185_00352	19,20,24,36,38,64,87,94,107,134,141,153,158,190,207,215,256,260,270,286,307,319,328,347,389,404,481,482,508,515,528,533,578,579,626,640,685,727,733,744,776,789,820,904,968,989,1003
0185_00353	15,20,32,69,89,94,199,411,437,438,508,587,626,662,676,677,727,776,818,936,964
0185_00354	15,20,32,69,89,94,199,411,437,438,508,587,626,662,676,677,727,776,818,936,964
0185_00355	20,94,126,153,257,276,370,469,480,486,498,508,601,625,626,719,727,805,850,874,904,1011
0185_00356	60,64,85,87,89,153,260,311,316,326,329,347,351,402,410,442,461,471,523,562,626,689,719,743,789,936,946,974
0185_00358	19,20,58,64,94,96,107,134,141,153,207,214,269,272,372,383,389,407,479,481,487,503,508,550,603,615,626,654,662,714,727,762,776,778,786,789,797,812,893,896,968,989
0185_00359	19,20,58,64,94,96,107,134,141,153,207,214,269,272,372,383,389,407,479,481,487,503,508,550,603,615,626,654,662,714,727,762,776,778,786,789,797,812,893,896,968,989
0185_00360	19,20,40,94,107,134,141,153,207,270,281,481,482,508,528,550,558,620,626,640,676,727,733,747,776,789,819,947,968,970,989
0185_00364	85,89,134,139,153,159,167,169,197,212,227,236,245,277,285,311,326,351,361,387,390,401,434,442,452,461,506,508,524,569,626,630,657,662,710,719,743,766,806,936,952,968,974
0185_00365	24,47,57,60,66,85,87,89,134,139,153,159,167,169,173,177,197,212,227,236,245,257,269,277,285,300,311,326,347,351,361,364,387,401,402,410,434,442,452,461,475,492,506,508,523,524,527,555,562,565,569,626,630,657,662,689,692,719,743,763,766,806,826,860,874,894,900,915,936,952,954,964,968,974,980,997
0185_00366	24,47,57,60,66,85,87,89,134,139,153,159,167,169,173,177,197,212,227,236,245,257,269,277,285,300,311,326,347,351,361,364,387,401,402,410,434,442,452,461,475,492,506,508,523,524,527,555,562,565,569,626,630,657,662,689,692,719,743,763,766,806,826,860,874,894,900,915,936,952,954,964,968,974,980,997
0185_00367	24,47,57,60,66,85,87,89,134,139,153,159,167,169,173,177,197,212,227,236,245,257,269,277,285,300,311,326,347,351,361,364,387,401,402,410,434,442,452,461,475,492,506,508,523,524,527,555,562,565,569,626,630,657,662,689,692,719,743,763,766,806,826,860,874,894,900,915,936,952,954,964,968,974,980,997
0185_00368	20,24,37,47,57,60,66,87,89,94,118,134,139,153,159,167,169,173,177,197,204,212,227,236,245,257,269,277,285,300,347,351,361,364,387,401,425,434,442,452,461,475,492,506,508,524,527,555,562,565,569,626,630,657,661,662,677,692,719,727,763,766,779,799,806,852,860,865,874,894,900,915,936,952,954,964,968,974,975,980,997
0185_00369	24,47,57,60,66,85,87,89,134,139,153,159,167,169,173,177,197,212,227,229,236,245,257,269,277,282,285,300,311,326,347,351,361,364,387,401,410,434,442,452,461,475,492,506,508,524,527,555,562,565,569,626,630,657,662,692,719,743,763,766,806,826,860,874,894,900,915,936,952,954,964,968,974,980,997
0185_00371	8,20,24,57,67,85,89,134,139,153,159,167,169,173,177,197,200,212,227,236,245,257,263,269,277,285,300,311,317,326,346,347,351,361,364,387,394,401,434,442,452,461,474,475,492,493,506,508,516,524,542,555,565,569,602,626,630,637,643,657,662,692,719,727,743,762,763,766,790,806,851,860,874,900,915,936,943,948,952,954,960,968,974,980,997
0185_00372	57,76,89,109,134,139,153,159,167,169,173,177,197,212,227,236,245,266,277,285,347,351,361,387,401,434,442,452,461,506,508,524,555,569,588,626,630,657,662,692,719,743,763,766,806,874,936,952,954,968,974,980,997
0185_00373	57,79,89,134,139,150,153,159,167,169,173,177,197,212,227,236,245,257,269,277,285,300,347,351,361,364,387,401,434,442,452,461,475,492,506,508,524,555,566,569,588,600,626,630,657,662,672,692,719,763,766,791,806,860,874,900,936,952,954,968,974,980,997
0185_00374	57,79,89,134,139,150,153,159,167,169,173,177,197,212,227,236,245,257,269,277,285,300,347,351,361,364,387,401,434,442,452,461,475,492,506,508,524,555,566,569,588,600,626,630,657,662,672,692,719,763,766,791,806,860,874,900,936,952,954,968,974,980,997
0185_00375	20,94,134,160,177,195,252,304,366,387,395,405,445,469,479,508,510,551,611,626,662,727,787,850,968,973
0185_00376	5,15,20,26,60,71,76,85,87,89,94,153,163,182,207,215,222,223,231,252,261,285,290,316,398,401,413,424,426,437,459,480,491,497,499,503,508,530,551,580,594,602,609,614,626,668,690,697,710,726,727,738,752,758,759,772,801,802,818,837,850,860,909,936,948,964,976
0185_00379	85,89,96,103,125,132,134,139,153,159,164,197,212,223,245,307,311,319,326,337,351,368,387,388,390,401,405,422,442,461,506,508,524,582,585,626,631,645,662,696,710,719,727,731,743,783,848,867,936,968,974,981,990,1007
0185_00380	57,76,89,96,103,109,125,132,134,139,153,159,164,173,177,197,212,223,245,266,307,319,337,347,351,368,387,388,401,405,422,442,461,506,508,524,555,582,585,588,626,631,645,662,692,696,719,727,731,743,763,783,848,867,874,936,954,968,974,980,981,990,997,1007
0185_00382	15,153,207,300,323,326,390,452,495,538,576,626,701,775,781,918,1018
