id	bits.on
0145_00004	15,35,57,89,109,127,128,134,139,153,173,245,266,283,314,346,347,405,413,442,452,460,461,465,481,508,523,524,555,560,588,596,615,626,657,687,692,716,743,763,765,814,816,824,833,887,894,924,928,932,936,952,954,964,968,974,980
0145_00005	15,57,89,109,127,128,134,139,153,167,169,173,236,245,266,277,283,314,347,413,434,440,442,452,461,506,508,524,555,569,588,620,626,657,662,687,692,743,763,764,766,806,814,816,824,932,936,952,954,964,968,974,980
0145_00008	19,20,91,93,94,107,134,141,153,207,226,262,270,281,353,369,381,476,481,482,508,515,528,550,601,604,626,640,727,776,789,808,968,977,989
0145_00009	19,20,24,38,87,94,107,134,141,147,153,158,190,207,215,256,260,270,307,319,347,389,481,482,508,515,528,550,579,605,616,620,626,640,676,727,733,744,776,789,812,871,904,945,947,968,989,1003
0145_00010	19,20,24,64,87,94,107,113,134,141,153,158,207,215,270,328,414,481,482,508,515,528,533,626,640,727,733,776,789,820,904,968,989,1003
0145_00011	15,20,39,89,94,134,164,176,240,242,245,303,338,378,401,456,508,513,540,626,656,727,799,920,936,953,968,1009
0145_00013	19,20,91,94,107,134,138,141,153,207,226,270,281,304,353,412,417,453,474,481,482,508,515,528,550,626,640,657,697,710,727,766,776,789,808,819,937,968,971,977,989
0145_00016	20,57,76,89,109,134,139,153,159,162,173,177,190,194,197,212,266,274,319,341,347,351,387,401,405,422,432,442,461,481,508,524,555,574,588,626,647,680,692,719,727,738,743,763,783,874,887,935,936,954,959,968,974,980,997,1003
0145_00020	19,24,47,56,57,60,65,66,85,87,89,134,139,153,155,159,172,173,177,197,212,257,269,300,311,319,326,347,351,364,387,401,402,405,410,422,436,442,461,475,481,486,492,508,523,524,525,527,555,558,562,565,566,580,625,626,629,653,678,689,690,692,719,728,743,755,763,783,826,860,874,887,894,900,915,935,936,954,960,964,968,974,975,980,990,997
0145_00024	15,18,20,79,89,94,134,153,190,245,264,356,381,429,480,497,508,510,530,547,553,562,605,623,626,651,662,671,683,719,726,727,752,773,778,789,795,803,827,835,946,972,976,981,1008
0145_00025	5,15,20,26,35,39,49,60,64,76,85,87,89,94,118,120,152,153,163,170,180,182,207,222,228,231,252,261,281,285,290,316,326,351,368,370,391,401,408,420,424,437,480,499,508,530,552,594,602,609,626,664,690,710,726,727,752,753,758,759,772,802,818,860,936,948,949,964,976,999,1009
0145_00027	85,89,100,134,138,139,153,171,183,212,217,244,245,252,292,299,311,326,335,387,405,442,452,460,461,465,481,499,508,512,523,524,539,560,591,596,615,626,631,657,681,716,765,816,833,868,873,887,928,952,968,974,1003,1009,1020
0145_00029	15,20,23,138,153,207,323,326,378,387,390,438,508,533,538,562,572,576,626,701,727,769,839,978,1015
0145_00031	20,94,118,144,145,153,207,270,313,326,360,390,423,467,480,482,502,508,516,530,535,541,554,626,669,681,688,727,752,763,857,888,917,948,977
0145_00032	4,20,94,95,134,141,148,177,188,201,226,268,304,347,353,362,469,508,510,515,549,550,551,626,640,666,705,712,727,735,778,825,850,858,931,948,968,990,999
0145_00033	10,11,14,20,26,38,56,64,88,93,94,97,107,134,136,141,152,153,159,202,203,207,231,245,261,274,289,297,306,310,321,357,367,374,393,405,410,426,475,480,481,506,508,511,516,518,530,550,580,582,588,593,606,613,615,625,626,635,655,662,676,727,739,752,789,810,821,860,866,879,887,889,893,896,897,943,968,1005,1017
0145_00037	4,5,15,20,26,35,39,49,60,64,76,85,87,89,94,118,120,128,152,153,159,163,170,180,207,222,228,231,252,270,278,281,285,290,316,326,351,366,368,370,391,401,408,420,424,437,439,480,499,501,508,516,524,530,552,584,594,602,609,626,664,690,726,727,753,758,759,772,802,818,860,871,927,936,948,949,964,976,999,1009
0145_00038	15,48,64,67,89,120,129,132,134,139,145,146,152,163,168,212,245,252,267,269,288,304,309,318,319,337,369,401,405,422,427,461,481,486,506,508,524,525,539,540,547,557,582,615,626,631,662,669,691,711,719,722,741,747,754,769,783,792,816,817,860,868,887,889,936,968,974,979,1004,1009
0145_00039	57,64,67,76,89,109,120,129,132,134,139,145,153,159,163,168,173,177,197,209,212,245,266,304,309,319,337,347,351,387,401,405,422,442,461,481,486,506,508,524,555,582,588,615,626,631,662,669,692,719,722,743,763,783,792,860,868,874,887,889,936,954,968,974,980,997,1004
0145_00042	67,77,85,89,132,134,137,139,145,153,159,168,197,209,212,245,304,311,315,317,319,326,351,387,390,401,405,422,436,442,461,479,486,508,524,544,582,614,626,631,662,699,704,710,719,743,783,787,804,836,866,936,968,974
0145_00044	20,92,94,107,141,146,153,207,236,481,508,514,609,626,671,700,723,727,776,789,964
0145_00045	19,20,65,88,94,107,117,127,134,141,153,195,207,387,395,405,479,481,508,562,626,662,727,776,787,789,866,968,989,1022
0145_00050	20,47,51,64,94,96,107,134,153,207,272,292,303,372,383,389,398,407,479,487,503,508,516,521,550,603,626,654,662,714,727,739,762,778,786,797,812,827,893,896,927,948,960,968,989
0145_00052	20,56,94,107,134,153,207,263,480,508,511,516,564,626,647,655,672,727,739,762,797,857,948,960,981
0145_00053	20,39,49,56,61,94,107,153,207,255,500,508,516,527,555,626,647,655,687,727,739,762,797,802,948,960
0145_00054	20,56,62,94,96,107,134,145,153,207,230,270,421,487,508,516,550,558,588,626,647,655,727,731,739,741,762,797,820,948,950,960,968,978,989,992
0145_00056	20,56,94,107,153,207,263,279,293,341,353,440,481,508,511,516,626,647,655,727,737,739,762,797,948,960,981
0145_00058	20,56,94,105,107,128,129,131,141,153,207,217,231,254,257,270,365,366,375,399,480,481,508,516,530,583,612,626,674,692,727,739,757,776,789,812,829,871,917,927,947,948,994
0145_00061	15,20,26,39,89,94,187,193,213,502,508,548,570,599,626,675,719,727,819,855,936,974,976
0145_00063	20,56,62,69,94,105,107,112,128,129,141,153,207,217,231,242,257,270,274,279,283,334,342,354,363,365,366,474,480,481,494,508,516,530,556,583,626,674,680,692,727,736,739,755,757,776,778,786,789,812,824,826,829,871,915,917,923,927,947,948,994
0145_00069	57,76,89,96,103,109,125,132,134,139,153,159,164,173,177,197,212,223,245,266,307,319,337,347,351,368,387,388,401,405,422,442,461,506,508,524,555,582,585,588,626,631,645,662,692,696,719,727,731,743,763,783,848,867,874,936,954,968,974,980,981,990,997,1007
