id	bits.on
0184_00003	4,35,50,63,67,85,89,94,127,132,134,137,139,145,153,159,175,197,209,212,304,311,316,319,326,351,352,387,390,401,405,422,442,461,524,576,626,631,675,686,710,719,743,772,783,801,804,814,924,936,948,968,974,982
0184_00013	20,94,211,406,469,486,508,626,627,692,719,727,755,762,850,904,948
0184_00017	19,20,24,38,87,94,107,134,141,147,153,158,190,207,215,256,260,270,307,319,347,389,481,482,508,515,528,550,579,605,616,620,626,640,676,727,733,744,776,789,812,871,904,945,947,968,989,1003
0184_00021	15,20,39,89,94,134,164,176,240,242,245,303,338,378,401,456,508,513,540,626,656,727,799,920,936,953,968,1009
0184_00034	20,72,94,134,141,177,188,261,304,469,508,510,550,551,620,626,640,676,712,720,727,733,741,763,825,850,947,968
0184_00042	19,56,65,89,126,134,139,155,159,172,212,260,319,367,382,401,405,422,436,461,481,486,524,525,558,566,580,625,626,629,647,653,678,690,719,728,755,783,878,887,936,948,960,968,974,975,989,990,998
0184_00048	19,56,65,85,89,134,139,153,155,159,172,197,212,311,319,326,351,387,390,401,405,422,436,442,461,481,486,524,525,558,566,580,625,626,629,653,678,690,710,719,728,743,755,783,887,935,936,960,968,974,975,990
0184_00049	19,56,65,85,89,100,134,139,146,153,172,209,212,252,269,292,299,311,319,326,379,387,402,405,422,436,442,459,461,481,486,499,508,524,525,539,558,566,580,625,626,629,653,678,690,728,753,755,783,816,868,875,887,920,960,968,974,975,990,1009
0184_00052	22,85,89,153,180,187,268,311,326,351,442,461,562,626,647,658,689,719,743,757,864,936,974,986
0184_00053	20,74,94,107,141,146,207,228,338,365,390,481,508,626,727,802,948
0184_00054	85,89,147,153,261,284,311,326,351,442,461,539,562,582,617,626,689,690,719,743,851,936,974,1009
0184_00056	5,20,56,77,94,107,134,153,207,221,247,274,281,319,326,338,366,387,395,405,434,468,481,508,516,524,530,576,626,630,655,668,686,727,739,757,829,913,925,947,948,950,968,986,989
0184_00060	15,153,177,207,323,326,390,538,576,626,701,729,916
0184_00063	20,94,107,116,141,153,207,340,341,353,440,481,508,511,626,727,776,779,789
0184_00064	4,20,94,107,116,134,141,153,207,480,481,508,511,626,727,743,776,789
0184_00065	4,20,94,107,116,134,141,153,207,480,481,508,511,626,727,743,776,789
0184_00070	20,28,39,58,65,66,73,77,82,94,126,129,134,153,154,180,191,207,220,223,236,245,248,266,293,299,332,356,357,367,391,405,418,457,468,480,490,494,495,506,508,525,530,541,567,571,579,582,592,614,615,620,626,627,662,687,689,727,752,756,772,783,786,802,840,841,850,853,885,911,918,941,942,946,947,948,949,963,997
0184_00072	20,21,94,134,141,148,177,188,226,268,304,353,369,371,381,430,469,476,508,510,515,550,551,598,626,640,712,727,735,825,850,968
0184_00074	5,20,21,22,56,77,88,94,107,117,134,153,195,207,281,338,366,387,395,405,468,479,481,508,516,530,611,626,655,662,668,727,739,757,787,806,829,866,913,950,968,989
0184_00076	15,20,26,39,60,71,76,85,87,89,94,120,153,163,170,182,207,215,222,223,231,252,261,285,290,316,370,391,398,401,424,437,480,491,499,503,508,530,580,594,602,609,614,626,664,690,697,710,726,727,752,758,759,772,801,802,818,860,909,915,936,948,964,967,972,976
0184_00077	5,15,20,26,35,39,49,60,64,76,85,87,89,94,118,120,152,153,163,170,180,182,207,222,228,231,252,261,281,285,290,316,326,351,368,370,391,401,408,420,424,437,480,499,508,530,552,594,602,609,626,664,690,710,726,727,752,753,758,759,772,802,818,860,936,948,949,964,976,999,1009
0184_00078	20,51,94,107,141,153,174,207,217,231,270,294,341,353,360,481,504,508,516,545,552,626,643,727,771,776,778,789,986
0184_00079	15,20,25,26,36,61,72,82,85,89,129,134,139,141,148,153,222,245,250,255,291,305,311,315,316,326,343,351,357,358,399,408,446,452,499,508,513,566,595,603,626,681,727,755,768,772,801,836,852,855,862,875,888,898,900,926,944,948,968,969,978,1019,1022
0184_00080	15,20,25,26,49,72,85,87,89,97,119,134,141,148,153,211,222,233,245,255,258,280,285,315,326,351,357,371,393,399,413,467,469,499,506,508,513,517,557,560,566,580,603,610,626,704,727,736,755,766,768,772,774,819,821,822,836,866,898,936,948,950,964,968,977,1009,1019,1022
0184_00081	15,20,25,26,36,61,72,85,89,102,129,134,139,141,148,153,205,211,222,233,245,255,305,315,326,350,351,357,358,399,408,413,469,499,508,513,517,523,527,566,603,610,626,640,681,704,727,730,755,766,768,772,774,790,801,819,822,836,852,855,862,898,926,936,948,968,1009,1019,1022
0184_00082	15,20,21,25,26,36,61,72,85,89,117,129,134,139,141,148,153,208,216,222,245,255,302,305,313,315,326,351,357,358,399,401,408,449,458,472,499,508,513,566,603,626,627,648,649,681,713,727,733,749,751,755,768,772,782,801,836,852,855,862,898,926,948,968,973,1019,1022
0184_00085	15,19,56,65,89,134,139,146,152,155,168,172,212,251,252,267,269,288,318,319,369,401,405,422,427,436,461,481,486,508,524,525,539,540,547,557,558,566,580,625,626,629,653,678,690,691,711,719,728,741,747,754,755,769,783,816,817,887,936,960,968,974,975,979,990,1009
0184_00086	15,19,56,65,89,134,139,146,152,155,168,172,212,251,252,267,269,288,318,319,369,401,405,422,427,436,461,481,486,508,524,525,539,540,547,557,558,566,580,625,626,629,653,678,690,691,711,719,728,741,747,754,755,769,783,816,817,887,936,960,968,974,975,979,990,1009
0184_00088	85,89,134,139,153,159,197,212,245,274,311,326,351,387,390,401,405,442,452,460,461,465,481,508,523,524,560,596,615,626,631,657,681,710,716,719,743,765,807,833,887,928,936,952,968,974
0184_00092	5,15,20,26,49,60,76,85,87,89,94,108,118,153,163,182,207,222,228,231,252,261,281,285,290,316,326,340,351,352,401,402,408,424,437,480,482,499,508,530,566,609,626,657,690,710,713,727,752,753,759,772,777,802,818,851,860,879,936,948,964,969,976,987,999,1003,1009,1015,1022
0184_00094	15,16,20,25,26,49,60,72,85,87,89,116,134,141,148,153,182,222,245,255,258,280,285,291,297,311,315,347,351,357,371,393,399,400,452,471,477,499,508,513,544,560,566,581,595,603,727,746,751,755,762,768,772,801,821,836,849,875,886,908,944,948,968,969,971,989,1019,1022
0184_00095	15,31,35,85,89,127,134,139,153,245,283,311,314,326,346,405,413,430,442,452,460,461,465,481,508,523,524,560,596,615,626,657,716,742,765,814,824,833,887,894,924,928,936,952,964,968,974,980
0184_00096	15,35,57,89,109,127,128,134,139,153,173,245,266,283,314,346,347,405,413,442,452,460,461,465,481,508,523,524,555,560,588,596,615,626,657,687,692,716,743,763,765,814,816,824,833,887,894,924,928,932,936,952,954,964,968,974,980
0184_00097	15,31,50,64,67,70,85,89,120,127,129,131,132,134,139,153,163,168,245,283,309,311,314,319,326,337,405,413,422,430,442,461,481,486,506,508,524,582,615,626,631,662,669,742,783,791,792,814,824,853,860,868,887,889,936,964,968,974,980
0184_00098	15,31,85,89,127,134,139,153,167,169,236,245,277,283,311,314,326,413,430,434,440,442,452,461,506,508,524,569,620,626,657,662,742,764,766,806,814,824,936,952,964,968,974,980
0184_00100	52,89,134,206,207,242,245,278,346,390,461,508,534,543,582,606,626,650,667,683,684,719,828,850,906,936,953,978,979
0184_00103	20,50,64,94,153,186,312,321,332,382,396,480,508,522,530,586,588,611,626,641,715,723,727,741,752,804,850,897,948,994
0184_00105	20,77,94,107,141,153,207,231,301,343,436,481,508,509,605,626,643,702,727,778,836,877,913
0184_00106	15,22,24,44,57,85,89,125,127,128,134,139,153,173,185,220,245,269,283,291,300,301,303,311,314,326,339,340,347,351,364,379,413,435,442,461,466,475,477,492,506,508,524,533,555,562,565,569,575,582,604,626,638,649,662,666,671,675,687,689,692,708,719,743,763,806,814,824,860,874,900,905,908,915,918,932,936,948,954,964,968,974,980
0184_00107	20,50,62,64,138,146,153,154,283,312,361,387,398,405,423,481,497,508,530,556,558,575,599,662,727,755,778,781,826,850,864,918,948,994
0184_00108	20,50,62,64,138,146,153,154,283,312,361,387,398,405,423,481,497,508,530,556,558,575,599,662,727,755,778,781,826,850,864,918,948,994
0184_00109	1,15,26,29,49,60,68,85,87,89,92,134,160,222,231,251,257,276,285,315,325,359,398,415,447,453,467,482,499,514,515,550,566,602,621,626,634,640,648,653,676,733,748,769,772,811,830,879,908,931,936,939,947,948,968,1022
0184_00113	4,20,94,95,134,141,148,177,188,201,226,268,304,347,353,362,469,508,510,515,549,550,551,626,640,666,705,712,727,735,778,825,850,858,931,948,968,990,999
0184_00114	15,26,31,39,89,126,139,153,212,263,280,301,326,390,414,461,475,549,557,626,711,719,797,806,809,855,877,936
0184_00115	22,29,89,179,197,200,247,260,408,461,562,565,612,626,647,716,719,720,768,936,948,974
0184_00116	15,153,207,300,323,326,390,538,576,626,638,657,674,701,775,880,918,943,944
0184_00117	22,85,89,153,187,229,268,300,311,326,442,461,562,626,647,651,658,719,743,786,864,936,974,986
0184_00119	11,15,20,65,94,107,153,207,323,326,390,508,533,538,562,576,626,646,701,727,839,941,978,1015
0184_00121	85,89,134,153,245,311,326,332,351,406,432,442,461,508,528,534,600,626,672,690,704,707,719,795,805,837,906,936
0184_00122	85,89,134,153,245,311,326,332,351,406,432,442,461,508,528,534,600,626,672,690,704,707,719,795,805,837,906,936
0184_00123	72,85,89,153,166,187,311,326,351,442,461,481,553,626,647,687,719,743,746,757,830,839,893,917,936,967,974
0184_00124	57,72,76,89,109,123,147,153,166,173,177,266,284,347,351,442,461,481,491,508,555,588,626,687,692,700,719,743,763,817,818,936,945,954,963,974,1008
0184_00125	35,43,70,72,86,89,134,139,146,153,166,177,215,217,236,297,347,351,442,461,481,508,555,573,608,609,626,662,687,719,777,872,917,936,963,974,994
0184_00126	22,57,76,89,109,153,173,177,187,235,266,279,347,351,442,461,508,555,562,588,626,647,658,692,719,743,763,864,936,954,974,982,986
0184_00128	20,22,37,89,94,118,140,204,328,385,408,461,508,562,626,647,677,719,727,779,799,864,865,936,974,986
0184_00131	20,94,124,128,138,153,171,207,224,248,272,306,319,347,348,358,370,387,434,437,480,497,508,511,526,530,575,626,627,640,700,727,733,752,778,827,833,863,915,919,948,976
0184_00132	4,5,15,20,26,35,39,49,60,64,76,85,87,89,94,118,120,128,152,153,159,163,170,180,207,222,228,231,252,270,278,281,285,290,316,326,351,366,368,370,391,401,408,420,424,437,439,480,499,501,508,516,524,530,552,584,594,602,609,626,664,690,726,727,753,758,759,772,802,818,860,871,927,936,948,949,964,976,999,1009
0184_00136	57,64,67,79,89,120,121,129,132,134,139,145,153,159,163,168,173,177,197,209,212,245,257,269,300,304,309,319,337,347,351,364,387,401,405,422,442,461,481,486,492,506,508,524,525,555,566,582,588,615,626,631,662,669,692,719,722,763,783,792,860,868,874,887,889,936,954,968,974,980,997,1004
0184_00139	19,20,65,88,94,107,117,127,134,141,153,195,207,387,395,405,479,481,508,562,626,662,727,776,787,789,866,968,989,1022
0184_00141	88,117,134,141,153,195,207,326,365,387,395,405,423,479,481,557,576,625,626,662,787,819,866,867,960,968,989
0184_00156	67,77,85,89,132,134,137,139,145,153,159,168,197,209,212,245,304,311,315,317,319,326,351,387,390,401,405,422,436,442,461,479,486,508,524,544,582,614,626,631,662,699,704,710,719,743,783,787,804,836,866,936,968,974
0184_00158	20,84,94,107,141,145,153,207,228,242,254,294,365,481,508,598,626,727,802,948,994
0184_00166	20,94,107,141,207,481,508,551,626,727,802,948,964
0184_00168	20,39,49,94,107,141,153,171,207,266,481,508,527,545,626,727,776,789,802,948
0184_00169	48,52,89,118,134,153,207,210,242,245,257,259,326,346,390,461,508,534,576,582,590,606,626,667,676,719,906,936,978
0184_00170	15,20,26,49,60,72,76,85,87,89,94,108,153,163,182,205,207,215,222,223,231,252,261,285,290,316,340,401,424,437,480,499,503,508,530,566,594,609,613,626,632,690,697,705,710,727,752,759,772,801,802,818,851,852,860,879,887,909,936,948,964,969,976,987,1015,1022
0184_00171	20,64,96,134,141,153,207,256,269,272,287,341,372,383,389,407,479,481,487,503,508,530,550,601,603,615,654,662,714,727,762,776,778,786,797,812,893,896,947,968,989
0184_00175	15,30,39,89,95,208,393,439,461,577,602,612,626,647,685,711,719,765,782,809,936
0184_00176	20,35,94,177,222,265,341,469,481,508,551,626,727,850,874,1003
0184_00177	12,20,138,387,508,551,727,751,850,878,1009
0184_00179	7,27,60,64,70,85,87,89,140,153,202,260,292,297,311,326,347,351,402,410,442,461,467,471,523,554,562,626,689,719,727,743,789,835,888,889,935,936,962,974,986
0184_00182	22,85,89,153,187,197,212,218,268,311,326,351,442,461,562,612,626,647,689,719,743,757,936,974
0184_00185	20,38,59,64,89,96,119,134,153,173,201,220,234,245,255,269,272,280,327,332,361,400,419,468,487,508,530,537,550,605,625,654,663,688,689,691,698,714,756,757,762,774,827,840,847,850,884,896,906,912,945,948,968,1014
0184_00186	20,94,107,141,153,188,206,207,217,231,310,363,423,481,508,581,626,727,776,789,881,915,948,992,1015
0184_00189	34,85,89,114,153,200,229,254,300,311,323,326,347,361,442,461,493,549,562,626,673,703,719,743,916,936,948,974
0184_00192	19,56,65,89,134,139,153,155,159,167,172,197,212,244,319,351,387,401,405,422,436,442,461,481,486,524,525,558,566,580,621,625,626,629,653,658,678,690,711,719,728,755,783,785,791,881,887,915,935,936,948,960,968,974,975,990,1015,1017
0184_00194	20,115,138,144,153,302,326,373,387,504,508,512,517,575,609,626,632,666,727,767,830,842,948,977,999
0184_00198	20,94,103,107,141,144,153,202,207,217,231,255,259,302,341,430,463,481,508,545,553,599,626,642,659,670,686,698,727,771,776,778,781,789,915,948
0184_00201	20,94,107,207,247,370,508,516,626,657,686,727,739,762,797,802,948,960,973
0184_00202	20,56,94,107,153,207,263,279,293,341,353,440,481,508,511,516,626,647,655,727,737,739,762,797,948,960,981
0184_00203	20,56,94,107,134,153,207,263,480,508,511,516,564,626,647,655,672,727,739,762,797,857,948,960,981
0184_00204	20,70,85,89,140,151,153,229,263,282,297,311,326,442,461,474,492,508,510,516,527,548,556,626,627,719,727,743,762,790,900,936,948,960,974
0184_00205	20,35,43,85,89,94,153,187,263,311,326,349,351,442,461,474,492,508,516,626,643,647,687,719,727,743,757,762,790,822,936,948,960,974
0184_00207	20,39,49,56,61,94,107,153,207,255,500,508,516,527,555,626,647,655,687,727,739,762,797,802,948,960
0184_00208	20,85,89,116,153,187,231,260,263,311,326,351,442,461,474,492,508,516,626,643,647,687,719,727,743,757,762,790,902,936,946,948,960,974
0184_00209	20,43,56,94,107,153,188,207,231,265,337,363,508,516,626,647,655,721,727,734,739,762,797,881,896,915,948,960,992,1015
0184_00210	8,15,20,26,89,94,153,178,207,216,243,263,323,326,390,393,413,429,457,461,474,492,508,516,570,576,594,626,691,701,727,750,758,760,762,770,819,829,833,837,848,855,936,948,960,981,1000,1008
0184_00212	20,56,94,107,153,207,291,326,508,516,576,589,626,647,655,727,739,762,792,797,948,960
0184_00215	20,50,62,64,138,146,153,154,283,312,361,387,398,405,423,481,497,508,530,556,558,575,599,662,727,755,778,781,826,850,864,918,948,994
0184_00217	20,37,43,56,69,94,107,153,188,207,231,278,330,337,363,387,508,516,536,581,626,655,727,811,850,881,915,948,992,996,1015
0184_00219	20,67,94,107,134,153,207,331,364,398,480,508,511,516,626,727,927,948,994,998,1021
0184_00220	20,56,94,107,153,207,231,261,367,480,508,516,530,604,626,655,727,752,812,869,893,948,961,994,998
0184_00224	20,50,62,64,94,153,154,283,312,361,391,480,481,497,508,530,556,558,599,626,662,727,752,755,778,781,803,826,850,864,918,948,976,994
0184_00231	15,20,80,89,94,134,199,201,245,264,411,429,508,554,626,662,677,727,772,842,954,1022
0184_00233	20,50,62,64,138,146,153,154,163,283,312,361,387,398,405,423,481,497,508,530,556,558,575,599,662,727,755,778,826,850,864,918,948,994
0184_00235	20,94,118,144,145,153,207,270,313,326,360,390,423,467,480,482,502,508,516,530,535,541,554,626,669,681,688,727,752,763,857,888,917,948,977
0184_00237	20,50,62,64,138,146,153,154,254,283,312,361,387,405,423,481,497,508,530,556,558,575,599,662,685,727,755,778,781,826,850,864,948,994
0184_00239	19,20,62,94,96,107,134,141,145,153,207,230,270,421,449,481,482,487,508,528,550,558,588,626,727,747,776,789,968,989
0184_00244	15,20,32,79,89,94,199,233,237,411,438,508,626,662,677,727,772,924
0184_00245	15,26,39,61,72,89,118,139,153,212,263,280,326,414,448,461,475,492,620,626,659,711,719,797,809,855,898,919,936
0184_00250	15,20,80,89,94,134,199,201,245,264,411,429,508,554,626,662,677,727,772,842,954,1022
0184_00255	15,153,207,300,323,326,390,452,495,538,576,626,701,775,781,918,1018
0184_00256	15,18,30,39,89,142,325,374,393,461,577,602,626,647,685,711,719,782,809,936,986
0184_00257	7,20,21,91,93,94,107,134,139,141,147,148,153,154,201,207,226,262,270,281,304,347,353,369,371,381,387,407,430,476,497,508,515,550,551,590,598,601,626,640,712,717,727,735,737,771,808,825,850,923,968,976,989
0184_00265	20,94,107,141,153,207,326,455,481,508,576,626,727,776,789,963
0184_00267	12,20,95,138,315,387,508,514,516,551,575,727,817,850,853,878,904,948,992,1021
0184_00268	15,153,207,268,300,323,326,390,533,538,562,576,580,626,638,701,775,918,944
0184_00269	15,26,31,89,139,153,180,212,263,280,326,413,414,461,549,557,578,624,626,635,671,711,719,765,783,855,877,921,936
0184_00273	1,26,39,60,85,87,89,94,139,153,162,174,183,270,287,311,313,326,347,351,385,402,410,442,461,464,486,496,499,523,551,557,562,626,689,719,743,753,829,868,936,974,1015
0184_00274	4,15,26,31,37,39,89,139,151,153,212,263,280,326,390,414,440,461,475,549,557,626,711,719,797,809,855,877,936
0184_00278	20,94,107,141,207,228,365,390,481,500,508,626,715,727,802,948,952
0184_00279	15,31,85,89,127,134,139,153,185,220,245,283,301,303,311,314,326,340,379,413,430,442,461,477,506,508,524,533,569,575,582,626,638,649,662,671,675,742,806,814,824,874,918,936,948,964,968,974,980
0184_00281	13,15,20,22,38,56,88,89,100,117,134,150,153,170,175,190,195,201,207,211,213,237,245,264,307,331,341,347,371,384,387,391,395,397,405,411,415,429,479,481,508,516,524,554,611,615,645,646,662,727,739,749,772,787,814,835,842,866,914,942,968,984,989,1009,1022
0184_00282	15,20,32,69,89,94,199,411,437,438,508,587,626,662,676,677,727,776,818,936,964
0184_00284	20,94,126,153,257,276,370,469,480,486,498,508,601,625,626,719,727,805,850,874,904,1011
0184_00285	20,94,96,134,141,145,177,188,304,421,469,487,491,508,510,550,551,626,720,727,741,825,829,850,911,968,1010
0184_00286	60,64,85,87,89,153,260,311,316,326,329,347,351,402,410,442,461,471,523,562,626,689,719,743,789,936,946,974
0184_00288	19,20,58,64,94,96,107,134,141,153,207,214,269,272,372,383,389,407,479,481,487,503,508,550,603,615,626,654,662,714,727,762,776,778,786,789,797,812,893,896,968,989
0184_00289	19,20,58,64,94,96,107,134,141,153,207,214,269,272,372,383,389,407,479,481,487,503,508,550,603,615,626,654,662,714,727,762,776,778,786,789,797,812,893,896,968,989
0184_00290	19,20,40,94,107,134,141,153,207,270,281,481,482,508,528,550,558,620,626,640,676,727,733,747,776,789,819,947,968,970,989
0184_00293	85,89,134,139,153,159,167,169,197,212,227,236,245,277,285,311,326,351,361,387,390,401,434,442,452,461,506,508,524,569,626,630,657,662,710,719,743,766,806,936,952,968,974
0184_00294	20,94,134,160,177,195,252,304,366,387,395,405,445,469,479,508,510,551,611,626,662,727,787,850,968,973
0184_00296	15,26,47,58,76,89,90,96,123,125,134,175,198,207,218,222,237,241,248,268,285,295,300,351,384,425,458,462,495,499,540,593,598,605,609,626,652,653,668,683,729,730,733,742,743,745,768,772,777,802,818,837,842,844,850,853,860,876,890,900,933,936,940,942,948,952,970,993,995,1001,1014,1022
0184_00298	85,89,96,103,125,132,134,139,153,159,164,197,212,223,245,307,311,319,326,337,351,368,387,388,390,401,405,422,442,461,506,508,524,582,585,626,631,645,662,696,710,719,727,731,743,783,848,867,936,968,974,981,990,1007
0184_00299	15,153,207,300,323,326,390,452,495,538,576,626,701,775,781,918,1018
