id	bits.on
0184_00001	20,88,94,153,326,391,411,480,497,508,530,556,626,662,666,727,752,778,803,918,942,976
0184_00002	15,20,63,68,94,96,116,134,138,139,155,298,401,420,456,487,508,520,550,577,606,616,626,676,725,727,739,915,928,929,931,935,957,966,968,1002
0184_00003	4,35,50,63,67,89,94,127,132,134,137,139,153,163,175,199,207,244,311,316,319,326,327,330,369,374,405,422,461,524,576,626,631,638,675,680,686,719,720,772,783,791,797,801,814,877,919,924,936,948,963,968,974,982
0184_00004	20,68,94,134,138,139,211,264,283,298,327,353,456,487,508,517,534,550,561,626,640,727,781,928,929,932,968,1002
0184_00005	20,29,37,68,134,206,298,330,353,458,508,515,550,618,626,640,676,707,713,727,762,806,947,948,955,968
0184_00006	5,38,91,130,134,178,223,245,289,293,342,352,371,405,424,453,470,506,508,551,578,580,582,585,640,662,727,747,937,945,968,981
0184_00007	2,17,20,29,68,94,134,138,174,312,352,384,456,485,508,515,550,626,635,640,676,727,770,928,929,947,968
0184_00008	75,96,134,265,283,315,353,372,481,487,519,550,626,640,675,699,887,968
0184_00009	47,59,140,153,207,256,278,325,326,390,495,508,538,576,626,697,704,753,850,874,885,892,1021
0184_00010	20,27,138,153,207,254,387,390,438,508,531,626,662,727,799,948,994
0184_00011	20,75,78,94,96,134,153,283,334,335,353,427,480,487,508,522,533,550,626,640,675,696,719,727,758,848,945,968
0184_00012	20,94,107,153,207,231,261,480,508,530,541,594,626,677,682,727,752,755,802,948,956,967
0184_00013	20,94,211,406,469,486,508,626,627,692,719,727,755,762,850,904,948
0184_00014	20,75,96,134,138,153,223,283,353,387,423,487,497,508,519,530,533,550,575,626,640,663,675,696,719,727,786,828,919,935,945,968
0184_00015	20,71,94,134,153,203,226,262,270,281,334,353,369,381,432,476,480,508,515,522,550,571,601,626,640,727,960,968
0184_00016	127,134,153,154,207,221,224,226,305,326,350,353,369,381,390,476,515,550,576,626,640,647,787,807,828,836,968,991
0184_00017	20,24,38,52,68,72,87,94,107,118,134,141,147,153,158,182,190,207,215,256,260,270,307,319,347,389,481,508,515,550,579,605,616,620,626,635,640,676,680,727,733,744,812,871,945,947,968,989,1003
0184_00018	5,15,20,26,49,60,89,153,159,165,222,244,285,288,311,326,329,343,361,401,408,417,490,492,499,503,508,517,523,566,582,597,605,609,614,623,626,647,655,656,665,690,727,730,744,762,772,818,819,836,840,851,855,898,900,926,936,948,952,964,1014,1022
0184_00019	20,51,94,134,138,169,174,213,265,312,401,453,454,456,481,508,514,515,550,590,626,635,637,692,727,887,897,929,968
0184_00020	20,61,94,95,134,138,166,169,295,323,456,458,472,481,508,515,626,716,727,879,887,897,898,929,968,984,985
0184_00021	15,20,89,94,134,216,218,223,240,245,289,317,321,401,456,508,513,527,540,604,626,727,743,833,836,936,953,968,1009
0184_00022	20,68,94,134,138,174,197,205,211,252,262,304,325,425,456,481,487,508,550,556,626,727,781,887,928,929,937,968,1015
0184_00023	29,36,134,278,349,405,437,487,508,515,550,586,592,626,640,676,781,792,801,825,829,850,887,968
0184_00024	20,94,134,138,169,170,377,454,456,487,508,515,550,589,619,626,727,736,781,879,897,898,928,929,968
0184_00025	29,134,153,255,268,270,312,326,347,420,455,487,515,550,586,588,626,640,676,781,792,858,968
0184_00026	20,138,153,207,277,387,390,434,508,511,575,626,661,727,802,907,948
0184_00027	20,94,100,144,153,193,258,298,373,480,504,508,626,727,767,837,948,977
0184_00028	20,29,94,134,153,203,268,270,334,432,455,480,487,508,515,522,550,586,588,626,640,674,676,727,781,792,822,857,968
0184_00029	4,20,57,94,100,107,114,134,201,207,226,251,347,350,353,390,486,487,508,515,523,549,550,619,626,627,640,647,666,705,727,778,814,858,866,948,968
0184_00030	84,89,96,106,134,159,175,215,234,245,260,273,311,373,487,503,506,508,550,638,662,786,796,797,804,836,908,948,968
0184_00031	20,41,138,153,180,207,254,299,327,387,508,541,556,658,727,748,802,948,994
0184_00032	20,40,138,146,153,270,272,360,387,423,508,516,517,530,575,632,633,643,723,727,762,778,948,960,990
0184_00033	20,134,138,160,176,201,357,387,481,508,550,617,635,638,713,716,727,862,887,897,946,968
0184_00034	20,72,94,134,141,177,188,261,304,469,508,510,550,551,620,626,640,676,712,720,727,733,741,763,825,850,947,968
0184_00035	4,57,127,134,153,178,201,207,226,305,308,326,347,350,353,390,515,549,550,576,619,626,640,647,666,705,778,787,807,814,828,858,948,968,991
0184_00036	36,72,134,278,349,508,550,620,626,640,662,676,712,733,825,850,897,947,964,968
0184_00037	20,94,129,134,138,169,456,487,508,550,574,613,626,635,727,735,823,879,897,929,947,968
0184_00038	134,205,220,226,353,369,381,406,476,515,542,550,626,640,654,686,802,811,948,968
0184_00039	6,20,80,94,101,102,106,134,153,220,234,264,326,328,387,393,405,420,456,508,552,580,605,626,640,646,674,685,708,719,727,737,845,948,968
0184_00040	20,68,94,96,98,134,155,183,242,258,295,360,386,405,439,452,456,477,487,494,508,550,568,580,585,616,626,684,725,727,776,928,936,968,970,1012
0184_00041	44,48,74,105,134,220,317,366,367,405,406,408,422,479,515,532,596,599,662,686,744,787,795,797,948,968,1018
0184_00042	19,35,56,65,89,124,134,139,163,172,183,192,215,260,319,405,422,433,436,461,464,481,486,524,525,558,566,580,581,594,625,626,629,678,680,690,719,728,755,783,863,887,919,936,948,959,960,968,974,975
0184_00043	20,29,50,94,134,153,248,334,354,372,383,479,480,508,515,522,541,550,621,626,640,654,662,676,684,692,727,762,778,797,812,833,849,887,893,896,947,953,968,974
0184_00044	6,20,94,108,134,146,194,245,289,420,436,443,452,456,479,498,508,523,626,662,727,731,766,799,896,968
0184_00045	20,138,153,257,358,387,466,508,575,612,727,762,821,948
0184_00046	62,134,317,344,370,405,422,479,481,486,511,580,662,678,690,691,729,750,787,806,828,887,905,944,960,968,989,1006
0184_00047	62,134,317,344,370,405,422,479,481,486,511,580,662,678,690,691,729,750,787,806,828,887,905,944,960,968,989,1006
0184_00048	19,44,56,65,89,124,134,139,153,163,172,192,199,207,311,319,326,327,330,369,374,405,422,436,461,464,481,486,524,525,558,566,580,625,626,629,638,678,680,690,719,728,755,783,791,887,919,936,959,960,968,974,975
0184_00049	19,56,65,89,134,139,146,153,172,192,252,269,311,313,319,326,330,338,374,379,388,405,422,436,443,459,461,464,467,481,486,492,508,524,525,539,558,564,566,580,609,625,626,629,678,690,727,728,755,783,791,805,807,816,887,919,959,960,968,974,975,1009
0184_00050	20,138,146,153,387,405,423,497,508,530,575,727,778,880
0184_00051	20,39,47,55,89,134,151,245,264,276,341,481,492,506,508,516,600,662,677,727,761,767,782,836,874,886,981,986
0184_00052	22,36,73,89,153,311,326,327,330,366,369,461,495,562,626,637,647,671,719,786,791,936,959,974
0184_00053	20,94,107,141,207,390,406,423,481,508,544,563,621,626,727,802,948
0184_00054	22,36,73,89,153,311,326,327,330,366,369,461,495,562,626,637,647,671,719,786,791,936,959,974
0184_00055	20,94,107,118,130,141,153,207,231,250,396,441,480,481,508,530,626,635,679,727,752,778,787,884,976
0184_00056	20,77,94,107,111,122,134,153,207,247,281,285,310,319,326,338,366,387,395,405,408,481,508,516,524,530,576,602,626,629,668,673,686,727,739,757,827,913,925,947,948,968,986,989,999
0184_00057	20,31,68,96,134,135,138,211,265,315,366,387,442,481,487,508,550,638,678,699,727,887,968
0184_00058	102,108,153,207,278,326,353,390,472,508,538,548,576,626,684,697,704,850,859,874,936
0184_00059	102,108,153,207,278,326,353,390,472,508,538,548,576,626,684,697,704,850,859,874,936
0184_00060	69,153,207,326,390,495,538,576,626,697,704,874,892
0184_00061	20,62,138,146,153,283,387,398,405,423,497,508,530,556,575,662,727,755,778,781,826,918,948,994
0184_00062	20,93,94,107,118,141,153,207,231,250,259,261,341,441,481,490,508,626,635,642,657,659,679,698,704,727,756,778,833,915
0184_00063	20,83,94,107,118,141,153,207,341,353,440,481,508,511,626,634,635,727
0184_00064	20,83,93,94,107,118,134,141,153,207,480,481,508,511,626,628,635,727
0184_00065	20,83,93,94,107,118,134,141,153,207,480,481,508,511,626,628,635,727
0184_00066	20,94,153,391,480,497,508,530,556,626,662,727,752,778,803,918,976
0184_00067	20,94,96,134,145,169,298,421,456,487,508,523,550,626,727,897,898,947,968
0184_00068	20,94,96,134,145,169,298,421,456,487,508,523,550,626,727,897,898,947,968
0184_00069	20,28,44,58,65,90,94,108,120,125,126,129,134,153,154,191,207,220,223,245,248,251,266,278,306,332,355,356,367,418,446,457,480,494,506,508,530,554,567,579,582,592,626,662,689,697,727,752,756,783,786,802,807,840,841,850,886,917,923,942,946,948,971,972,1010
0184_00070	20,28,39,58,65,66,73,77,82,94,126,129,134,153,154,180,191,207,220,223,236,245,248,266,293,299,332,356,357,367,391,405,418,457,468,480,490,494,495,506,508,525,530,541,567,571,579,582,592,614,615,620,626,627,662,687,689,727,752,756,772,783,786,802,840,841,850,853,885,911,918,941,942,946,947,948,949,963,997
0184_00071	15,20,79,89,94,121,134,153,172,245,264,301,374,381,422,479,480,493,497,508,528,530,547,553,562,626,647,660,662,709,727,743,752,773,778,789,803,887,913,952,972,976,981,1003,1008,1023
0184_00072	20,21,94,134,141,148,177,188,226,268,304,353,369,371,381,430,469,476,508,510,515,550,551,598,626,640,712,727,735,825,850,968
0184_00073	20,62,138,146,153,283,387,398,405,423,497,508,530,556,575,727,755,778,781,826,918,948,994
0184_00074	20,77,88,94,107,117,122,134,153,195,207,281,285,310,338,366,387,389,395,405,479,481,508,516,530,551,602,626,662,668,673,727,739,757,787,866,913,938,965,968,989,999
0184_00075	22,36,73,89,98,153,168,170,216,227,240,260,311,326,327,330,346,347,369,435,439,458,461,467,495,562,576,608,626,647,651,660,719,727,787,791,804,883,936,959,974,1014
0184_00076	15,20,21,26,58,60,89,94,95,153,207,216,222,231,237,244,261,285,288,330,332,343,382,388,401,453,470,480,492,494,497,499,508,530,586,605,609,618,626,633,655,670,677,688,690,691,726,727,746,752,758,762,772,795,802,806,818,836,933,936,948,961,964,983
0184_00077	15,20,26,44,58,60,77,89,94,136,153,161,173,175,207,222,229,231,243,244,261,276,285,318,330,332,343,382,401,453,480,492,499,508,530,605,609,618,626,655,670,677,686,690,726,727,746,752,758,762,769,772,795,802,806,818,836,883,922,933,936,941,948,957,964,971,983,1009
0184_00078	20,51,94,107,118,141,153,174,207,231,250,270,341,360,441,481,504,508,516,552,558,626,635,636,643,679,727,778,789,986
0184_00079	5,7,14,15,20,21,25,26,45,49,88,89,117,134,148,153,165,214,222,236,245,255,285,288,300,308,315,326,351,357,363,399,408,490,492,499,508,513,547,566,603,614,626,647,656,671,727,742,772,782,816,825,855,898,926,930,948,949,968,1014,1022,1024
0184_00080	7,15,19,20,21,25,26,89,107,117,134,148,153,214,222,245,255,267,269,285,293,308,315,326,338,342,343,351,357,399,401,406,427,492,494,499,506,508,510,513,517,558,566,603,617,618,626,633,698,727,742,772,819,821,836,840,841,847,866,898,936,948,968,995,996,1021,1022
0184_00081	5,15,19,20,21,25,26,89,107,117,134,148,153,165,214,222,245,255,267,269,285,288,308,311,315,326,343,351,357,361,399,401,408,450,490,492,499,503,508,513,517,558,566,580,603,614,626,647,656,727,742,744,772,819,836,840,855,898,900,926,936,948,968,996,1014,1022
0184_00082	5,15,20,21,25,26,89,117,120,134,148,153,161,165,177,214,222,245,255,285,288,302,308,315,326,351,357,358,399,406,408,490,492,499,500,508,513,566,572,574,579,585,603,614,626,635,647,656,727,735,742,763,772,855,863,898,926,936,948,968,973,981,988,1014,1022
0184_00083	20,46,53,94,144,153,341,355,480,481,508,541,596,603,626,670,675,678,727,783,948,978
0184_00084	15,63,109,134,157,201,245,439,506,508,524,526,662,675,686,727,741,849,940,948
0184_00085	4,15,19,32,56,65,89,124,134,139,146,163,172,192,238,252,269,288,319,326,369,383,405,422,436,453,461,464,481,486,508,524,525,539,540,558,566,580,598,625,626,629,678,690,701,711,719,728,755,783,815,816,887,905,908,919,936,952,959,960,968,974,975,979,1009
0184_00086	4,15,19,32,56,65,89,124,134,139,146,163,172,192,238,252,269,288,319,326,369,383,405,422,436,453,461,464,481,486,508,524,525,539,540,558,566,580,598,625,626,629,678,690,701,711,719,728,755,783,815,816,887,905,908,919,936,952,959,960,968,974,975,979,1009
0184_00087	20,92,94,107,118,141,146,153,207,236,481,508,545,609,626,635,723,727,758,964,1006
0184_00088	65,70,89,134,139,153,163,199,207,245,311,326,327,330,369,374,405,452,460,461,465,481,508,523,524,560,596,615,626,638,657,680,716,719,765,791,833,887,919,928,936,952,968,974,976
0184_00089	47,134,195,203,245,270,405,422,481,506,508,552,578,587,604,662,668,686,789,887,899,914,968
0184_00090	20,62,138,146,153,283,387,398,405,423,497,508,530,556,575,662,727,755,778,781,826,918,948,994
0184_00091	15,19,56,65,89,122,134,139,153,172,199,311,318,319,326,330,349,361,405,422,436,445,461,481,486,524,525,558,566,580,625,626,629,632,678,690,728,755,760,782,783,791,836,850,887,920,930,936,960,964,968,974,975,1019
0184_00092	15,20,26,44,60,89,94,153,159,161,207,222,229,231,243,244,261,285,330,343,379,401,414,417,453,480,489,492,499,508,530,566,605,609,613,618,623,626,655,659,670,674,677,686,690,726,727,752,758,762,769,772,793,795,802,806,818,851,873,883,936,948,949,952,964,971,983,1009,1022
0184_00094	7,15,20,21,25,26,49,60,88,89,99,117,134,148,153,177,182,214,222,236,245,255,285,288,308,314,315,338,342,347,351,357,399,400,492,499,508,513,544,547,564,566,603,615,618,633,698,727,742,744,746,762,772,782,789,812,816,821,847,877,886,898,948,949,968,971,989,1021,1022
0184_00095	15,42,89,122,134,139,153,199,228,245,311,326,330,405,452,460,461,465,481,508,523,524,560,596,615,626,632,657,716,765,776,782,791,833,836,850,887,920,928,930,936,952,964,968,974,1019
0184_00096	15,42,54,57,89,122,134,139,153,161,228,245,266,347,405,446,452,460,461,465,481,508,523,524,555,560,584,588,596,615,626,632,657,692,693,716,743,763,765,776,784,791,833,836,850,887,920,928,930,936,952,954,964,968,974,1019
0184_00097	15,64,67,89,120,122,129,132,134,139,153,163,168,199,245,309,311,319,326,330,337,386,405,422,461,481,486,506,508,524,530,582,609,615,626,631,632,662,669,671,782,783,791,792,823,836,850,860,868,887,889,920,930,936,964,968,974,1019
0184_00098	15,89,122,134,139,153,155,167,169,199,236,245,277,311,326,330,434,452,461,506,508,524,569,582,612,626,632,657,662,766,782,791,805,806,836,850,920,930,936,952,964,968,974,1019
0184_00099	8,20,89,94,134,153,245,260,264,350,374,386,391,460,473,480,484,488,497,508,530,547,553,556,613,626,662,704,727,728,752,778,803,860,948,976,981,1008
0184_00100	15,54,89,117,134,137,150,207,219,245,250,278,357,390,461,508,534,602,604,626,656,670,684,719,782,850,906,936,951
0184_00101	20,48,57,62,84,124,138,140,153,167,171,207,267,283,292,306,308,320,347,358,370,429,430,497,508,530,540,542,544,556,565,600,625,640,648,662,663,698,700,718,727,734,746,747,748,755,763,778,781,826,833,857,877,911,918,919,921,932,948,954,994,1019
0184_00102	10,15,20,31,39,89,134,138,201,212,245,264,387,453,506,508,517,540,553,590,617,662,674,727,793,892,981,1003,1015
0184_00103	20,50,64,94,153,186,312,321,332,382,396,480,508,522,530,586,588,611,626,641,715,723,727,741,752,804,850,897,948,994
0184_00104	77,134,145,153,181,226,262,270,281,353,356,369,381,476,481,515,550,601,626,640,711,740,786,913,968
0184_00105	20,77,94,107,118,141,153,207,231,250,436,441,481,483,487,508,626,635,679,727,778,877,913
0184_00106	15,24,54,57,73,89,122,125,132,134,139,153,161,170,173,185,220,245,269,300,311,326,327,330,339,340,346,347,364,369,370,379,435,446,452,461,466,475,492,506,508,524,533,538,555,562,565,569,575,580,582,600,626,649,660,662,671,675,686,692,719,763,784,787,791,806,836,841,850,900,905,915,918,920,930,936,948,954,964,968,974,988,1019
0184_00107	20,50,62,64,138,146,153,154,283,312,361,387,398,405,423,481,497,508,530,556,558,575,599,662,727,755,778,781,826,850,864,918,948,994
0184_00108	20,50,62,64,138,146,153,154,283,312,361,387,398,405,423,481,497,508,530,556,558,575,599,662,727,755,778,781,826,850,864,918,948,994
0184_00109	1,12,15,20,26,29,60,68,85,89,134,158,222,251,276,285,315,325,336,350,449,454,467,492,493,499,515,550,563,566,567,618,626,640,676,698,716,733,763,769,772,830,879,908,936,947,948,954,968,996,1008,1011,1022
0184_00110	57,77,153,163,266,347,430,442,481,508,588,626,636,692,763,913,954,981
0184_00111	20,39,96,134,153,248,272,343,347,372,383,387,389,437,449,479,487,503,505,508,516,522,544,550,566,603,640,654,662,663,684,714,727,762,778,786,797,812,893,896,906,948,968,994
0184_00112	20,94,107,153,207,254,430,508,605,626,686,727,871,948,994
0184_00113	4,20,94,95,134,141,148,177,188,201,226,268,304,347,353,362,469,508,510,515,549,550,551,626,640,666,705,712,727,735,778,825,850,858,931,948,968,990,999
0184_00114	5,15,26,52,89,139,153,198,212,263,280,326,414,452,461,468,478,626,677,710,711,719,823,828,836,855,883,936,954
0184_00115	22,35,89,210,215,260,309,455,461,488,562,626,647,719,786,863,873,936,948,959,974
0184_00116	153,207,326,390,538,576,626,697,704,726,874,992,997
0184_00117	22,36,73,89,153,311,326,327,330,366,369,461,495,562,626,637,647,671,719,786,791,936,959,974
0184_00118	20,77,94,153,436,480,481,508,530,626,637,727,752,778,791,913,976
0184_00119	20,94,107,153,207,326,378,390,419,483,508,538,542,576,626,697,704,726,727,794,874,936,992
0184_00121	89,93,134,150,153,242,245,288,311,326,330,360,369,461,508,534,604,626,657,658,663,670,719,791,892,906,936,953
0184_00122	89,93,134,150,153,242,245,288,311,326,330,360,369,461,508,534,604,626,657,658,663,670,719,791,892,906,936,953
0184_00123	36,82,89,110,153,166,240,311,324,326,327,330,369,461,481,626,647,671,687,698,719,791,830,894,936,974,1008
0184_00124	36,54,57,82,89,110,148,153,166,266,298,324,347,369,461,481,508,555,588,607,626,647,687,692,693,698,719,743,763,785,791,796,830,894,936,954,974
0184_00125	20,35,36,43,82,86,89,110,114,146,153,166,236,298,324,347,369,432,461,481,508,555,607,609,626,647,687,698,719,785,791,830,894,905,917,936,974
0184_00126	18,22,36,54,57,89,148,153,266,347,366,369,399,461,495,508,555,562,588,626,647,692,693,719,743,763,785,786,791,796,936,954,959,974
0184_00128	6,8,20,22,89,94,175,461,508,562,626,635,647,656,677,719,727,786,790,799,802,872,936,959,974,995
0184_00129	20,54,94,107,118,141,153,207,231,250,261,284,480,481,508,530,626,635,727,730,752,984
0184_00130	20,94,107,113,118,141,153,207,231,250,284,341,440,481,508,530,616,626,635,727,940,976,984
0184_00131	20,94,124,138,153,171,207,248,272,306,338,347,348,358,370,387,423,434,480,497,508,511,526,530,536,575,626,627,640,700,727,752,778,827,833,863,888,915,916,919,948,976
0184_00132	15,20,26,44,58,60,77,89,94,128,136,153,159,161,173,175,207,222,229,231,243,244,270,276,278,285,318,332,343,366,371,382,401,439,453,480,492,499,501,508,516,530,584,605,609,618,621,626,655,670,686,690,726,727,746,758,762,769,772,795,802,806,818,836,871,883,922,927,933,936,941,948,957,964,971,983,1009
0184_00133	20,94,153,156,259,261,268,313,341,480,481,508,626,651,659,727,756,862
0184_00134	64,134,142,196,206,245,317,405,422,453,479,481,506,508,509,512,517,545,582,615,652,662,743,755,787,795,860,869,887,889,968,984
0184_00135	64,67,89,120,129,132,134,139,153,163,168,199,207,244,245,309,311,319,326,327,330,337,369,374,405,422,461,481,486,506,508,524,532,582,615,626,631,638,662,669,680,719,720,783,791,792,797,860,868,876,887,889,919,936,968,974
0184_00136	54,57,64,67,79,89,120,121,129,132,134,139,153,163,165,168,244,245,256,269,300,302,309,319,337,347,364,369,374,405,412,422,461,481,486,492,506,508,524,525,532,555,566,582,588,600,615,626,631,638,662,669,680,692,719,720,763,783,785,791,792,797,860,868,876,887,889,919,936,954,968,974
0184_00137	20,62,138,146,153,283,387,398,405,423,497,508,530,556,575,662,727,755,778,781,826,918,948,994
0184_00138	20,94,96,128,134,138,145,153,206,256,270,297,298,359,374,421,445,480,487,508,510,516,550,626,727,818,871,897,898,927,968
0184_00139	20,52,88,94,107,117,118,134,141,151,153,195,207,270,369,387,395,405,479,481,508,626,635,662,727,787,863,866,968,989
0184_00141	88,117,134,141,153,173,180,195,207,266,326,365,387,395,405,423,479,481,557,576,626,662,787,866,867,968,989
0184_00142	20,27,29,75,94,134,153,226,235,241,334,353,423,469,480,508,515,522,534,550,626,640,665,676,718,719,727,758,777,947,968
0184_00143	20,94,107,118,141,153,207,231,250,326,348,481,508,626,635,666,727,776,839
0184_00144	4,20,71,94,134,153,175,201,203,226,270,278,281,334,347,353,394,408,432,480,508,515,522,549,550,626,640,666,705,706,727,778,858,948,968
0184_00145	134,409,550,620,626,640,676,733,947,968
0184_00146	20,35,94,107,134,153,196,207,208,270,281,390,508,531,550,558,613,620,626,640,676,678,727,733,819,947,968,970,976,989
0184_00147	134,154,245,308,317,405,422,479,508,509,512,517,582,662,743,755,787,834,866,948,968,984,1013
0184_00148	20,96,107,134,153,248,272,341,372,383,389,429,440,479,481,487,495,503,508,516,522,550,603,654,662,684,714,727,762,778,786,797,812,893,896,968
0184_00149	20,96,134,138,153,203,231,248,272,372,383,387,389,479,487,503,508,516,517,522,550,575,603,654,662,684,714,727,762,778,786,797,812,849,893,896,968
0184_00151	96,134,153,272,326,342,372,383,389,408,479,487,503,522,550,603,626,654,662,666,675,714,762,778,786,797,812,813,853,893,896,940,968
0184_00152	20,96,134,153,248,251,272,291,300,347,372,383,389,437,479,487,503,508,516,522,549,550,603,640,654,662,684,714,727,755,762,778,786,797,812,893,896,906,948,968
0184_00153	20,94,96,134,153,248,272,353,372,383,389,479,487,492,503,508,516,517,522,550,591,603,626,632,654,662,684,714,719,727,762,778,780,786,797,812,893,896,968
0184_00154	71,96,134,153,272,278,325,372,383,389,456,479,487,503,508,550,603,654,662,714,762,774,777,778,786,791,797,812,850,868,869,893,896,968,997
0184_00155	59,86,96,134,146,163,166,236,247,272,285,298,347,383,389,479,487,503,508,550,573,592,607,609,626,654,662,678,714,762,786,797,802,896,968,972,984
0184_00156	67,77,89,132,134,137,139,153,163,168,199,207,244,245,311,317,319,326,327,330,369,374,405,422,436,461,479,486,508,524,544,582,614,626,631,638,662,680,699,704,719,720,783,787,791,797,831,836,866,919,936,963,968,974
0184_00157	20,94,107,134,153,207,212,232,390,458,480,508,511,542,568,602,626,727,813,889,909,936
0184_00158	20,52,94,107,141,153,207,236,254,406,454,465,481,508,544,626,727,802,868,948,994
0184_00159	20,58,94,115,126,153,166,257,311,366,480,508,618,626,719,727,730
0184_00160	20,49,94,153,207,296,353,508,511,591,626,719,727,802,885,941,948,974
0184_00162	15,20,94,96,134,144,225,245,272,371,420,456,487,503,506,508,513,533,542,550,553,591,626,654,662,672,714,727,731,741,786,797,803,866,899,968,983
0184_00163	20,31,62,68,83,94,96,107,118,134,141,153,207,211,231,265,279,315,347,387,442,481,487,508,511,550,563,626,635,699,727,748,859,887,968,1001,1022
0184_00164	20,31,62,68,83,94,96,107,118,134,141,153,207,211,231,265,279,315,347,387,442,481,487,508,511,550,563,626,635,699,727,748,859,887,968,1001,1022
0184_00165	20,94,107,205,207,390,508,626,727,802,909,948
0184_00166	20,94,107,141,207,335,481,508,626,727,802,867,948
0184_00167	20,62,138,146,153,283,387,398,405,423,497,508,530,556,575,662,727,755,778,781,826,918,948,994
0184_00168	20,39,49,94,107,118,141,153,207,297,481,508,527,626,635,727,802,852,948,949
0184_00169	54,89,114,117,134,150,153,207,245,250,258,326,390,461,506,508,534,555,574,576,604,626,670,719,782,878,886,906,936
0184_00170	15,20,26,60,89,94,153,159,207,222,231,244,261,285,288,330,331,343,401,414,417,453,470,480,492,494,499,508,530,566,567,586,605,609,618,626,637,641,655,659,670,677,688,690,692,698,726,727,746,752,762,772,795,802,806,818,851,884,936,948,949,952,961,964,1022
0184_00171	20,64,96,134,141,153,182,200,207,272,341,372,383,389,407,479,481,487,503,508,550,582,596,601,603,635,654,662,714,727,762,778,786,797,812,893,896,916,951,968,989
0184_00172	38,67,71,91,134,178,202,205,220,223,245,289,298,306,352,367,368,371,405,455,494,506,508,515,551,553,582,613,648,655,662,663,727,948,950,968,981,1018
0184_00173	20,77,94,107,118,141,153,185,207,225,231,250,424,436,441,458,481,508,626,635,679,727,778,913,916
0184_00174	20,77,94,107,118,141,153,185,207,225,231,250,424,436,441,458,481,508,626,635,679,727,778,913,916
0184_00175	5,15,23,30,89,158,314,461,577,579,626,647,711,719,782,836,887,918,936,959,993
0184_00176	20,35,94,177,222,265,341,469,481,508,551,626,727,850,874,1003
0184_00177	12,20,138,387,508,551,727,751,850,878,1009
0184_00178	20,138,153,257,387,389,508,575,727,821
0184_00179	22,36,73,89,98,153,168,170,216,227,240,260,311,326,327,330,346,347,369,435,439,458,461,467,495,562,576,608,626,647,651,660,719,727,787,791,804,883,936,959,974,1014
0184_00180	6,20,96,134,138,145,167,189,207,387,390,421,438,487,508,515,523,550,601,626,647,727,772,800,919,968
0184_00181	153,207,326,390,538,576,626,697,704,726,874,992,997
0184_00182	22,36,73,89,153,311,326,327,330,366,369,461,495,562,626,637,647,671,719,786,791,936,959,974
0184_00183	20,104,107,134,153,155,199,257,260,270,272,330,333,347,360,372,383,421,425,479,505,508,515,516,522,541,549,550,591,595,633,654,662,704,727,762,778,786,797,812,813,833,843,896,940,948,960,968
0184_00184	18,22,36,73,89,153,170,311,326,327,330,336,346,347,366,369,392,399,435,461,486,495,505,547,555,562,579,613,626,647,660,719,734,777,785,786,787,791,936,959,974,994
0184_00185	20,38,59,64,89,96,119,134,153,173,201,220,234,245,255,269,272,280,327,332,361,400,419,468,487,508,530,537,550,605,625,654,663,688,689,691,698,714,756,757,762,774,827,840,847,850,884,896,906,912,945,948,968,1014
0184_00186	20,94,107,118,141,153,188,207,214,231,250,363,396,447,481,508,626,635,727,881,915,948,949,992,1015
0184_00187	20,34,45,94,107,118,141,146,153,197,207,231,236,250,481,485,508,522,626,635,644,675,727,875,889,898,918,948
0184_00188	20,153,251,257,300,347,358,445,466,508,549,557,602,640,727,762,948
0184_00189	73,89,153,170,183,254,307,309,311,326,327,330,345,346,347,369,435,461,549,562,626,660,669,719,787,791,936,948,974
0184_00190	4,20,134,151,163,201,226,300,347,353,481,484,486,508,515,549,550,626,635,640,666,705,727,778,800,840,858,873,881,897,948,968,1004,1023
0184_00191	20,55,94,107,141,207,270,508,626,727,802,948
0184_00192	6,14,19,44,56,65,89,124,134,139,153,163,172,192,244,281,306,319,369,374,405,415,422,436,461,464,481,486,524,525,558,566,580,625,626,629,638,678,680,690,719,728,755,783,791,881,887,915,919,936,948,959,960,968,974,975,1015,1017
0184_00193	3,15,26,134,222,245,298,385,461,498,499,508,626,701,704,765,783,788,819,855,912,948,973,1012
0184_00194	20,138,144,153,326,373,387,504,508,575,609,626,632,666,727,732,745,767,830,842,948,952,977,982,999
0184_00195	20,94,153,251,300,347,348,370,480,508,530,549,561,626,640,727,752,778,806,814,863,915,948,976
0184_00196	89,562,626,719,936,962
0184_00197	20,62,94,153,283,391,480,497,508,530,556,626,662,727,752,755,778,781,803,826,918,948,976,994
0184_00198	20,94,103,107,118,141,144,153,207,231,250,255,259,302,341,430,441,481,490,508,553,599,626,635,642,657,659,670,679,686,698,727,778,781,915,948
0184_00199	20,94,103,107,118,141,144,153,207,231,250,255,259,302,341,430,441,481,490,508,553,599,626,635,642,657,659,670,679,686,698,727,778,781,915,948
0184_00200	14,20,27,60,134,153,188,231,317,370,405,415,422,443,463,479,486,510,511,516,542,580,640,662,663,691,698,705,750,757,762,764,787,820,828,850,905,935,948,960,968,971,989,1001,1006
0184_00201	20,94,107,115,207,347,508,516,626,658,727,739,762,790,797,802,948,960,982
0184_00202	20,94,107,153,167,207,341,353,390,440,481,508,511,516,525,602,626,673,727,739,742,753,762,797,948,960
0184_00203	20,94,107,134,153,167,207,341,480,508,511,516,522,602,626,673,727,739,742,762,797,902,948,960
0184_00204	20,36,89,153,178,192,257,263,311,326,327,330,369,376,451,461,474,492,508,516,534,545,626,647,671,687,719,727,762,791,936,948,960,974
0184_00205	20,36,89,153,178,192,257,263,311,326,327,330,369,376,451,461,474,492,508,516,534,545,626,647,671,687,719,727,762,791,936,948,960,974
0184_00206	20,94,128,153,270,272,480,508,516,626,641,724,727,762,871,927,948,960
0184_00207	20,39,47,49,94,107,153,167,207,508,516,527,602,623,626,655,673,727,739,762,797,802,842,948,960,987
0184_00208	20,36,89,153,178,192,257,263,311,326,327,330,369,376,451,461,474,492,508,516,534,545,626,647,671,687,719,727,762,791,936,948,960,974
0184_00209	20,94,107,153,167,188,207,231,363,415,508,512,516,523,526,602,613,626,673,727,739,762,797,881,915,948,960,992,995,1015
0184_00210	4,6,15,20,26,89,94,140,150,153,178,185,207,216,223,250,263,326,390,395,461,474,486,492,508,516,570,576,587,626,632,704,720,727,757,762,770,819,829,836,837,855,874,896,936,946,948,960,1016,1023
0184_00211	20,62,94,96,107,134,145,153,167,207,210,230,251,270,310,407,421,487,508,516,550,558,588,602,626,673,727,739,762,781,797,842,948,960,968,989
0184_00212	20,94,107,153,167,207,312,326,508,516,576,590,602,626,673,727,739,762,797,931,948,960
0184_00213	20,29,50,104,134,153,155,257,270,272,354,360,372,383,425,479,508,515,516,522,541,550,595,615,626,633,640,654,662,676,727,762,778,786,797,812,813,833,843,849,893,896,940,947,948,960,968,974
0184_00214	20,64,94,96,107,134,153,167,207,272,310,333,347,372,375,383,389,407,479,487,503,508,516,550,602,603,626,654,662,673,714,727,739,762,778,786,797,812,893,896,948,960,968,989,1018
0184_00215	20,50,62,64,138,146,153,154,283,312,361,387,398,405,423,481,497,508,530,556,558,575,599,662,727,755,778,781,826,850,864,918,948,994
0184_00216	20,94,128,153,163,278,480,508,516,528,626,727,767,804,811,850,927,970
0184_00217	20,56,94,107,153,188,207,231,250,278,363,387,480,508,516,523,602,626,673,709,723,727,811,850,881,915,948,992,995,996,1015
0184_00218	20,28,81,116,134,138,170,272,385,387,393,405,487,508,550,585,638,670,725,727,897,898,922,946,968
0184_00219	20,94,107,113,131,134,153,207,426,480,508,511,516,602,626,673,727,948,994,998
0184_00220	20,94,107,131,153,207,220,231,261,349,357,383,480,508,516,530,602,626,673,727,752,855,948,994,998
0184_00221	20,62,138,146,153,283,387,398,405,423,497,508,530,556,575,662,727,755,778,781,826,918,948,994
0184_00222	20,62,94,107,118,141,153,207,231,250,335,441,481,494,508,626,635,679,727,778,826,948,994,1017
0184_00223	20,62,94,107,118,141,153,207,231,250,476,481,483,498,508,626,635,727,948,994
0184_00224	20,50,62,64,94,153,154,283,312,361,391,480,481,497,508,530,556,558,599,626,662,727,752,755,778,781,803,826,850,864,918,948,976,994
0184_00225	20,50,62,64,96,153,154,183,207,283,292,308,312,326,347,361,370,390,474,481,497,508,530,542,544,556,558,576,599,625,626,636,640,662,727,748,755,778,779,781,807,826,845,850,864,918,948,994,1019
0184_00226	20,88,94,153,326,391,411,480,497,508,530,556,626,662,666,727,752,778,803,918,942,976
0184_00227	20,31,134,137,138,182,223,245,384,387,391,489,506,508,513,540,638,662,727,731,766,777,928,968,971,981,997
0184_00229	20,94,153,348,353,392,480,508,513,530,551,591,626,719,727,752,778,863,895,976,1005
0184_00230	20,21,94,153,163,353,476,480,508,530,591,626,719,727,745,752,864,1005
0184_00231	15,20,89,94,106,134,163,201,245,264,474,508,527,554,584,590,626,662,677,727,772,1022
0184_00232	20,62,94,153,283,391,480,497,508,530,556,626,662,727,752,755,778,781,803,826,918,948,976,994
0184_00233	20,50,62,64,138,146,153,154,163,283,312,361,387,398,405,423,481,497,508,530,556,558,575,599,662,727,755,778,826,850,864,918,948,994
0184_00234	15,18,26,89,134,156,245,410,461,490,499,508,626,634,707,740,906,936,948,1012,1018
0184_00235	20,94,144,145,153,198,207,270,313,326,353,360,390,434,480,493,503,508,516,529,530,535,541,554,626,669,681,727,752,766,857,886,917,948,977
0184_00236	41,88,100,132,134,146,236,240,245,262,319,376,405,422,506,508,524,576,585,603,630,638,662,679,686,715,723,763,778,806,808,948,968,969,982
0184_00237	20,50,62,64,138,146,153,154,254,283,312,361,387,405,423,481,497,508,530,556,558,575,599,662,685,727,755,778,781,826,850,864,948,994
0184_00238	20,62,96,134,138,145,153,270,387,416,421,487,508,517,522,550,575,588,604,702,727,845,901,968
0184_00239	20,52,62,72,94,96,107,118,134,141,145,153,182,207,230,270,421,424,481,487,508,550,558,588,626,635,727,864,968,989
0184_00240	20,25,62,94,96,113,134,145,153,270,353,421,481,487,492,508,522,549,550,588,591,626,702,719,727,901,968
0184_00241	20,94,134,153,231,270,281,295,334,452,480,508,522,550,620,626,640,676,702,727,733,947,968,970
0184_00242	15,20,32,89,94,123,139,233,237,276,404,427,451,473,474,508,590,614,626,662,677,727,770,772
0184_00243	15,20,32,89,94,123,139,233,237,276,404,427,451,473,474,508,590,614,626,662,677,727,770,772
0184_00244	15,20,32,79,89,94,139,233,237,474,508,590,614,626,662,677,727,772
0184_00245	5,15,26,52,89,139,153,198,212,263,280,326,414,452,461,468,478,626,677,710,711,719,823,828,836,855,883,936,954
0184_00246	38,48,64,88,103,134,245,274,289,394,405,424,449,481,506,508,511,580,582,585,605,609,615,617,640,662,726,821,860,866,887,889,937,943,968
0184_00247	85,134,268,317,366,385,393,405,408,422,479,486,511,580,581,662,691,741,772,787,796,797,905,968,994
0184_00248	32,102,134,153,220,221,234,264,278,326,328,349,357,387,393,405,420,499,503,508,580,605,614,626,640,708,719,734,850,906,918,948,968
0184_00249	15,44,102,134,151,152,153,182,195,220,234,264,326,328,387,393,405,420,475,580,596,605,626,640,708,719,746,920,948,968
0184_00250	15,20,89,94,106,134,163,201,245,264,474,508,527,554,584,590,626,662,677,727,772,1022
0184_00251	20,94,134,189,456,479,485,508,552,614,619,626,662,672,677,727,731,968
0184_00252	15,20,26,88,89,94,171,213,279,318,490,508,570,599,600,626,675,719,727,819,822,836,855,936
0184_00253	12,15,16,20,22,25,26,50,62,92,94,109,134,136,138,141,148,163,171,211,220,222,237,304,353,387,451,484,486,499,508,514,526,531,539,551,554,576,598,603,645,652,727,762,772,782,801,803,850,948,951,1022
0184_00254	22,35,89,210,215,260,309,455,461,488,562,626,647,719,786,863,873,936,948,959,974
0184_00255	69,153,207,326,390,495,538,576,626,697,704,874,892
0184_00256	5,15,23,30,89,158,314,461,577,579,626,647,711,719,782,836,887,918,936,959,993
0184_00257	20,21,30,87,91,93,94,107,134,139,141,147,148,153,207,226,262,270,281,304,347,353,369,371,381,430,435,476,497,508,515,550,551,598,601,626,634,640,712,717,727,735,737,808,825,842,845,850,855,908,968,976,989
0184_00258	1,20,31,68,96,134,181,211,283,341,353,432,481,487,508,550,626,640,675,727,787,846,968
0184_00259	1,20,31,68,94,96,134,166,181,211,217,283,353,456,487,508,550,626,640,675,727,928,968
0184_00260	1,15,30,32,43,56,65,74,89,134,184,233,260,325,353,360,369,400,409,419,428,515,518,542,617,626,640,642,662,738,777,908,948,968,1021,1022
0184_00261	20,94,128,153,480,508,516,626,727,802,897,909,927,948,998
0184_00262	20,66,69,94,107,115,118,134,141,153,207,242,271,345,348,441,480,481,493,508,626,635,727,803,909,915
0184_00263	20,94,153,391,480,497,508,530,556,626,662,727,752,778,803,918,976
0184_00264	20,94,107,118,141,153,158,207,231,250,278,280,347,481,508,584,621,626,635,727,734,835,838,909,948
0184_00265	20,94,107,118,141,153,207,326,377,481,488,508,576,626,635,727
0184_00266	15,20,28,89,94,134,240,300,392,456,508,521,536,540,599,626,693,719,727,743,767,773,836,856,908,936,968,1009
0184_00267	12,20,95,138,315,387,508,514,516,551,575,727,817,850,853,878,904,948,992,1021
0184_00268	153,207,326,390,538,576,626,697,704,726,874,992,997
0184_00269	5,15,26,52,89,139,153,198,212,263,280,326,414,452,461,468,478,626,677,710,711,719,823,828,836,855,883,936,954
0184_00270	20,62,138,146,153,283,387,398,405,423,497,508,530,556,575,662,727,755,778,781,826,918,948,994
0184_00271	20,94,153,391,480,497,508,530,556,626,727,752,778,803,918,976
0184_00272	20,21,94,153,337,480,508,530,626,727,752
0184_00273	26,73,89,139,153,170,291,311,313,326,327,330,346,347,369,435,448,461,499,530,562,565,570,610,626,660,679,719,720,732,770,784,787,791,796,829,861,862,883,936,937,974,978
0184_00274	5,15,26,52,89,139,153,198,212,263,280,326,414,452,461,468,478,626,677,710,711,719,823,828,836,855,883,936,954
0184_00275	45,77,92,139,146,153,236,413,481,508,609,626,913
0184_00276	67,134,245,250,266,311,317,377,404,405,422,479,508,515,517,524,585,603,614,662,681,686,738,754,787,852,923,935,948,968,984,999,1010
0184_00277	36,75,134,317,370,403,405,422,479,486,511,523,559,580,609,662,691,748,750,787,828,852,905,915,927,948,960,968,989,1006,1015
0184_00278	20,94,107,141,207,390,406,423,481,508,544,563,621,626,727,802,948
0184_00279	15,89,122,134,139,153,173,185,199,220,245,311,326,330,340,370,379,461,506,508,524,533,538,569,575,580,582,626,632,649,662,671,675,782,791,806,836,841,850,918,920,930,936,948,964,968,974,1019
0184_00280	14,119,134,220,245,298,424,449,454,479,506,508,575,582,649,662,727,837,896,937,948,968,981
0184_00281	15,20,26,88,89,117,134,147,153,163,175,190,195,201,207,237,245,253,264,340,341,347,369,371,376,387,389,395,397,405,415,456,479,481,488,508,515,516,518,524,554,584,590,647,662,672,673,715,727,739,749,772,777,787,864,866,884,934,938,942,968,981,989,1022
0184_00282	15,20,22,32,89,94,329,438,474,508,590,613,626,662,677,727,776,818,936,944,964
0184_00284	20,94,126,153,257,276,370,469,480,486,498,508,601,625,626,719,727,805,850,874,904,1011
0184_00285	20,94,96,134,141,145,177,188,304,421,469,487,491,508,510,550,551,626,720,727,741,825,829,850,911,968,1010
0184_00286	73,89,153,170,230,240,260,311,326,327,330,346,347,369,435,461,487,562,626,651,660,667,719,787,791,804,936,974
0184_00287	20,62,138,146,153,283,387,398,405,423,497,508,530,556,575,662,727,755,778,781,826,918,948,994
0184_00288	20,52,64,94,96,107,118,134,141,153,182,207,272,372,383,389,407,479,481,487,503,508,550,603,626,635,654,662,714,727,762,778,786,797,812,849,893,896,921,951,968,989
0184_00289	20,52,64,94,96,107,118,134,141,153,182,207,272,372,383,389,407,479,481,487,503,508,550,603,626,635,654,662,714,727,762,778,786,797,812,849,893,896,921,951,968,989
0184_00290	20,52,72,94,107,118,134,141,153,182,207,270,281,424,481,508,550,558,620,626,635,640,676,697,727,733,819,947,968,970,989
0184_00291	134,169,189,245,251,390,403,452,479,506,508,662,663,675,766,837,968,981,997
0184_00292	97,98,110,134,206,218,223,245,289,343,486,506,508,524,582,583,657,658,662,727,946,960,981,984
0184_00293	32,89,130,134,139,153,163,167,169,199,207,236,245,277,311,326,327,330,369,374,391,434,452,461,506,508,524,569,626,638,657,662,680,719,766,791,806,810,919,936,952,968,974
0184_00294	20,94,134,160,177,195,252,304,366,387,395,405,445,469,479,508,510,551,611,626,662,727,787,850,968,973
0184_00295	20,94,107,141,199,207,241,406,481,508,544,626,727,750,802,948
0184_00296	15,26,28,47,58,73,86,89,129,134,141,175,207,222,237,238,241,268,280,285,343,351,354,358,385,412,425,456,460,477,495,499,528,540,559,571,575,593,598,605,626,652,709,729,730,772,777,802,806,816,818,848,850,861,874,890,891,900,905,906,930,932,936,942,948,952,967,970,993,1001,1022
0184_00297	98,134,188,206,223,240,245,249,317,405,422,479,506,508,517,532,580,582,654,662,727,778,787,884,950,968,981,984,1012
0184_00298	89,96,103,132,134,135,139,153,163,164,184,199,207,223,245,307,311,319,326,327,330,337,368,369,374,405,422,461,506,508,524,582,585,592,626,631,638,662,680,696,698,719,727,783,791,867,919,936,943,968,974,981,990,1007
0184_00299	69,153,207,326,390,495,538,576,626,697,704,874,892
0184_00300	5,15,23,30,89,158,314,461,577,579,626,647,711,719,782,836,887,918,936,959,993
