id	bits.on
0227_00001	53,54,84,89,95,123,131,139,146,151,152,154,156,157,158,159,160,161,164
0227_00002	53,54,57,72,82,89,90,92,95,97,98,104,109,110,112,117,123,127,131,132,133,136,137,139,140,143,146,150,151,152,153,154,155,156,157,158,159,160,161,163,164,165
0227_00003	37,53,54,57,62,65,72,75,77,80,82,83,85,89,90,91,92,95,96,97,98,104,106,109,110,113,117,120,121,122,123,127,131,132,133,136,137,139,140,142,143,144,146,148,150,151,152,153,154,155,156,157,158,159,161,162,163,164,165
0227_00004	29,30,48,49,54,72,74,82,85,86,89,90,93,95,100,102,104,106,109,111,112,115,116,122,124,126,128,130,131,132,138,139,140,141,146,147,148,149,152,153,155,157,158,159,160,161,164
0227_00005	25,38,43,53,54,65,72,77,78,79,80,82,84,89,90,91,92,95,97,98,100,104,105,106,109,110,111,113,117,119,120,121,127,128,131,132,133,135,137,138,139,140,142,143,144,145,146,151,152,153,154,155,156,157,158,159,161,162,163,164,165
0227_00006	54,84,95,123,131,139,151,154,156,157,158,159,160,161,164
0227_00007	25,43,77,78,84,85,86,90,93,95,100,104,106,115,119,122,123,131,132,139,142,148,151,153,154,155,156,157,158,159,160,161,164
0227_00008	51,54,60,61,67,73,84,86,88,90,91,93,95,102,104,111,115,116,123,124,131,132,136,139,146,147,148,151,153,154,155,156,157,158,159,160,161,164
0227_00009	53,54,72,82,89,90,91,104,109,131,132,138,139,140,146,152,153,155,157,159,164
0227_00010	53,54,72,82,89,90,91,104,109,131,132,138,139,140,146,152,153,155,157,159,164
0227_00011	54,82,86,93,95,100,104,115,123,131,132,139,151,153,154,155,157,158,159,160,161,164
0227_00012	53,84,97,104,111,115,123,131,132,139,151,154,155,156,157,158,159,160,161,164
0227_00013	53,54,72,82,89,90,91,104,109,131,132,139,140,146,152,153,154,155,157,159,164
0227_00014	53,89,123,131,136,139,140,146,154,157,159,160,164
0227_00015	25,38,43,53,54,65,72,77,79,80,82,84,89,90,92,95,97,98,104,105,106,109,110,113,117,120,121,125,127,131,132,133,135,137,139,140,142,143,145,146,151,152,153,154,155,156,157,158,159,161,162,163,164,165
0227_00016	25,29,38,43,48,57,62,65,69,72,75,77,79,80,83,84,85,89,90,91,92,95,96,97,98,102,105,106,109,110,112,113,117,120,121,122,124,127,130,131,132,133,135,136,137,139,140,142,143,145,146,148,150,151,152,153,154,156,157,158,159,161,162,163,164,165
0227_00017	54,72,113,123,127,131,139,140,143,144,146,150,152,154,157,159,162,163,164,165
0227_00018	53,54,57,72,82,89,90,91,98,109,123,127,131,132,137,139,140,143,146,150,152,153,155,157,159,163,164,165
0227_00019	53,54,66,72,89,90,91,104,112,123,127,131,132,139,140,143,146,150,152,154,157,159,163,164,165
0227_00020	53,54,82,83,90,91,95,96,97,100,104,111,121,123,127,131,132,137,139,143,146,151,152,153,154,156,157,158,159,161,164,165
0227_00021	53,54,90,93,95,97,104,111,116,123,131,132,136,139,140,146,151,154,155,156,157,158,159,160,161,164
0227_00022	54,65,83,84,90,91,95,96,104,105,111,113,121,123,127,131,137,139,142,143,146,151,152,154,155,156,157,158,159,161,162,163,164,165
0227_00023	54,84,90,95,104,111,123,131,139,151,154,155,156,157,158,159,161,162,163,164,165
0227_00024	54,82,84,92,95,100,104,110,117,123,131,132,133,135,136,139,142,146,151,153,154,155,156,157,158,159,161,162,163,164,165
0227_00025	54,82,92,95,100,104,110,113,117,123,127,131,132,136,139,140,143,146,151,152,153,154,155,156,157,158,159,161,162,163,164,165
0227_00026	37,43,53,54,65,77,80,89,92,95,97,98,106,110,113,117,120,121,123,127,131,136,137,139,140,142,143,146,151,154,156,157,159,161,162,163,164,165
0227_00027	29,38,48,57,62,65,69,72,75,77,79,80,83,84,85,89,90,91,92,95,96,97,98,102,105,106,109,110,112,117,120,121,122,124,127,130,131,132,133,135,137,139,140,142,143,145,146,148,150,151,152,153,156,157,158,159,161,162,163,164,165
0227_00028	65,75,77,79,83,85,93,96,97,104,108,111,120,121,122,123,132,137,139,142,148,154,155,156,157,158,159,160,161,162,164,165
0227_00029	37,38,43,53,54,65,75,77,79,80,83,85,89,92,93,95,96,97,98,105,106,110,113,117,120,121,122,127,131,136,137,142,143,144,146,148,150,151,154,156,158,159,160,161,162,163,164,165
0227_00030	37,38,43,53,65,75,77,79,80,83,85,89,92,93,95,96,97,98,105,106,110,113,117,120,121,122,127,131,136,137,142,143,144,146,148,150,151,154,156,158,159,160,161,162,163,164,165
0227_00031	37,38,43,53,54,65,75,77,79,80,83,85,89,92,93,95,96,97,98,105,106,110,113,117,120,121,122,127,131,136,137,142,143,144,146,148,150,151,154,156,158,159,160,161,162,163,164,165
0227_00032	53,54,57,72,82,89,90,91,92,95,97,98,109,110,117,123,127,131,132,133,137,139,140,143,146,150,151,152,153,154,155,156,157,158,159,160,161,163,164,165
0227_00033	54,83,90,91,92,95,96,104,110,111,117,121,123,127,131,132,136,137,139,143,146,147,151,154,156,157,158,159,161,164,165
0227_00034	53,54,57,72,82,89,90,91,92,95,97,98,109,110,117,123,127,131,132,133,137,139,140,143,146,150,151,152,153,154,155,156,157,158,159,160,161,163,164,165
0227_00035	25,38,43,54,65,72,77,79,80,84,92,95,97,98,105,106,110,113,117,120,121,125,127,131,133,135,137,139,142,143,145,146,151,152,154,156,157,158,159,160,161,162,163,164,165
0227_00036	37,43,53,54,57,62,65,72,77,80,82,83,89,90,91,92,96,97,98,106,109,110,113,117,120,121,127,131,132,136,137,139,140,142,143,144,146,150,151,152,153,154,155,156,157,159,161,162,163,164,165
0227_00037	53,54,84,95,97,113,123,127,131,133,135,139,143,144,146,150,151,152,154,156,157,158,159,161,162,163,164,165
0227_00038	37,38,53,54,57,62,65,72,75,77,80,82,83,84,85,89,90,91,92,95,96,97,98,106,109,110,113,117,120,121,122,127,131,132,133,135,137,139,140,142,143,144,146,148,150,151,152,153,154,155,156,157,158,159,161,162,163,164,165
0227_00039	53,54,65,77,79,80,82,83,90,92,95,96,97,100,104,108,110,111,116,117,120,121,123,128,131,132,136,137,139,140,142,146,147,151,153,154,155,156,157,158,159,160,161,162,164,165
0227_00040	53,54,65,77,79,80,83,90,92,95,96,104,108,110,111,117,120,121,123,131,136,137,139,142,146,151,154,155,156,157,158,159,160,161,162,164,165
0227_00041	53,54,66,72,89,90,91,99,104,112,113,123,126,127,131,132,136,139,140,143,144,145,146,150,152,154,157,159,162,163,164,165
0227_00042	65,77,79,83,96,99,120,121,123,131,137,139,142,151,154,156,157,159,161,162,164,165
0227_00043	37,43,53,77,82,84,90,97,100,106,110,115,117,123,131,136,139,142,146,151,153,154,155,156,157,158,159,160,161,164
0227_00044	53,54,82,89,90,92,95,104,108,109,110,111,117,123,131,136,139,140,146,151,153,154,155,156,157,158,159,160,161,164
0227_00045	54,72,99,113,123,127,131,139,140,143,144,146,150,152,154,157,159,162,163,164,165
0227_00046	54,84,90,91,92,95,104,108,110,111,117,123,131,132,136,139,140,142,146,147,151,154,155,156,157,158,159,160,161,164
0227_00047	54,65,83,84,90,91,95,96,104,105,111,121,123,131,137,139,142,151,154,155,156,157,158,159,161,162,163,164,165
0227_00048	54,79,82,83,90,91,92,95,96,100,104,110,111,117,121,123,127,128,131,132,136,137,139,140,142,143,146,147,151,153,154,155,156,157,158,159,161,164,165
0227_00049	54,84,95,123,131,139,151,154,156,157,158,159,161,162,163,164,165
0227_00050	90,91,104,118,123,128,129,131,132,136,139,140,146,147,154,155,157,159,164
0227_00051	37,43,54,77,82,84,90,91,92,95,100,104,106,108,110,111,117,118,123,131,136,139,140,142,146,147,151,153,154,155,156,157,158,159,160,161,164
0227_00052	25,38,43,53,54,57,62,65,72,75,77,79,80,82,83,84,85,89,90,91,92,95,96,97,98,105,106,109,110,113,117,120,121,122,127,131,132,133,135,137,139,140,142,143,146,148,150,151,152,153,154,155,156,157,158,159,161,162,163,164,165
0227_00053	53,54,57,65,72,83,89,95,96,97,98,105,113,120,121,123,126,127,131,137,139,140,143,145,146,150,151,152,154,156,157,159,161,162,163,164,165
0227_00054	39,40,48,51,55,58,60,61,67,69,73,75,79,82,85,86,88,90,91,95,97,98,100,102,104,106,109,111,112,118,120,121,122,124,128,129,130,131,132,136,137,138,139,140,142,146,147,148,153,155,157,158,159,161,163,164,165
0227_00055	37,38,43,53,54,77,79,80,83,84,89,92,95,96,97,106,110,117,120,121,127,131,133,136,137,142,143,146,150,151,154,156,158,159,161,164,165
0227_00056	53,54,80,84,90,92,95,97,104,108,110,111,117,123,131,132,136,139,140,142,146,151,154,155,156,157,158,159,160,161,164
0227_00057	53,54,57,72,89,92,98,110,113,117,123,126,127,131,133,135,136,137,139,140,143,145,146,150,151,152,154,156,157,158,159,160,161,162,163,164,165
0227_00058	53,65,77,79,83,96,97,104,111,120,121,123,131,132,137,139,142,151,154,155,156,157,159,161,162,164,165
0227_00059	37,43,53,77,82,84,90,91,97,100,104,106,110,111,117,123,131,132,136,139,142,146,147,151,153,154,155,156,157,158,159,161,164
0227_00060	54,84,90,95,104,111,113,123,127,131,139,143,146,151,152,154,155,156,157,158,159,161,162,163,164,165
0227_00061	54,82,84,90,91,92,95,100,104,108,110,111,116,117,118,123,129,131,136,139,142,146,147,151,153,154,155,156,157,158,159,160,161,164
0227_00062	65,83,90,91,96,104,105,113,121,123,127,131,132,137,139,143,146,151,152,154,155,156,157,159,161,162,163,164,165
0227_00063	54,84,90,91,95,97,104,111,113,123,127,131,132,133,135,136,139,140,142,143,144,146,150,151,152,154,155,156,157,158,159,161,162,163,164,165
0227_00064	53,54,79,84,90,92,95,97,104,110,111,117,123,131,132,136,139,140,142,146,151,154,155,156,157,158,159,161,162,163,164,165
0227_00065	37,38,43,53,54,57,62,65,72,75,77,79,80,82,83,85,89,90,91,92,95,96,97,98,105,106,109,110,113,117,120,121,122,127,131,132,133,136,137,139,140,142,143,146,148,150,151,152,153,154,155,156,157,158,159,161,162,163,164,165
0227_00066	51,54,55,58,60,61,67,73,84,86,88,90,91,93,95,102,104,111,112,115,116,123,124,130,131,132,136,139,140,146,147,148,151,153,154,155,156,157,158,159,160,161,164
0227_00067	53,54,72,82,89,90,104,109,123,131,132,139,140,146,152,153,154,155,157,159,164
0227_00068	37,38,43,53,54,65,77,79,80,83,89,92,95,96,97,98,105,106,110,113,117,120,121,127,131,136,137,142,143,146,151,154,156,159,161,162,163,164,165
0227_00069	53,54,72,82,89,90,91,104,109,131,132,138,139,140,146,152,153,155,157,159,164
0227_00070	53,89,113,123,127,131,139,143,144,146,150,152,154,157,159,160,162,163,164,165
0227_00071	50,57,76,82,89,91,93,96,98,99,105,109,123,126,127,128,129,131,137,139,140,143,146,153,154,155,157,159,160,163,164,165
0227_00072	8,11,19,36,47,66,74,79,81,83,85,88,92,95,96,97,104,105,110,111,112,117,120,121,122,123,127,131,132,133,136,137,139,140,142,143,146,148,149,150,151,154,155,156,157,158,159,160,161,162,163,164,165
0227_00073	26,50,53,66,72,76,82,89,90,91,96,99,104,105,108,109,112,115,116,118,127,128,129,131,132,136,139,140,143,145,146,147,149,150,152,153,154,155,157,159,160,163,164,165
0227_00074	54,84,95,113,127,131,133,135,139,143,144,150,151,152,156,157,158,161,162,163,164,165
0227_00075	37,43,54,66,74,77,79,83,89,92,95,96,97,106,110,112,117,120,121,127,131,136,137,142,143,149,150,151,154,156,158,159,160,161,164,165
0227_00076	53,84,89,92,97,110,113,117,127,131,139,143,144,150,151,152,154,156,157,158,159,161,162,163,164,165
0227_00077	54,72,123,131,139,146,152,154,157,159,162,163,164,165
0227_00078	72,82,93,109,113,126,127,131,139,143,144,146,150,152,153,155,157,159,160,162,163,164,165
0227_00079	53,65,82,89,91,95,97,98,109,113,121,123,127,131,137,139,140,143,144,146,150,152,153,154,155,156,157,159,160,161,162,163,164,165
0227_00080	66,90,91,96,104,105,108,112,115,116,118,123,127,128,129,131,132,139,140,141,143,145,146,147,149,150,152,154,155,157,159,160,163,164,165
0227_00081	90,91,104,114,115,116,118,123,132,139,147,154,155,157,159,160,164
0227_00082	53,89,113,123,127,131,139,143,144,146,150,152,154,157,159,162,163,164,165
0227_00083	92,110,113,117,127,131,133,135,139,143,151,152,154,156,157,158,159,160,161,162,163,164,165
0227_00084	33,36,39,40,48,55,57,58,60,61,67,69,73,76,88,89,92,94,97,98,99,102,106,110,112,117,120,121,124,127,130,136,137,140,143,146,148,151,152,154,156,157,158,159,160,161,163,164,165
0227_00085	42,87,99,107,123,134,139,154,157,159,162,163,164,165
0227_00086	37,43,53,77,80,82,89,90,92,97,98,100,106,110,115,117,120,121,127,131,136,137,142,143,150,151,153,154,156,158,159,160,161,163,164,165
0227_00087	54,65,92,95,98,105,110,113,117,121,125,127,131,137,139,143,145,151,152,154,156,157,159,161,162,163,164,165
0227_00088	37,38,65,75,77,79,80,83,85,89,92,93,95,96,97,98,105,106,110,113,117,120,121,122,127,136,137,142,143,144,148,149,150,151,154,156,158,159,160,161,162,163,164,165
0227_00089	32,33,36,51,55,58,59,60,61,67,69,73,81,83,88,89,92,94,96,102,105,106,110,112,117,120,121,124,127,130,136,137,143,144,146,148,151,154,156,158,159,161,162,163,164,165
0227_00090	53,54,66,72,74,82,89,90,91,92,95,97,100,104,109,110,111,112,115,117,118,131,132,138,139,140,146,147,149,151,152,153,154,155,156,157,158,159,160,161,164
0227_00091	54,66,82,90,91,92,95,96,100,104,105,108,110,111,112,115,116,117,118,123,127,128,129,131,132,136,139,140,141,143,145,146,147,149,150,151,152,153,154,155,156,157,158,159,160,161,163,164,165
0227_00092	54,72,90,91,114,115,123,131,139,146,149,152,154,155,157,159,160,164
0227_00093	54,72,90,104,123,131,132,139,146,152,154,155,157,159,162,163,164,165
0227_00094	33,39,40,43,48,55,58,60,61,67,69,73,88,90,91,94,102,104,106,111,112,117,118,124,129,130,131,133,136,139,146,147,148,151,156,158,159,161,163,164,165
0227_00095	37,38,65,75,77,79,80,83,85,89,92,93,95,96,97,98,105,106,110,113,117,120,121,122,127,136,137,141,142,143,144,146,148,149,150,151,154,156,158,159,160,161,162,163,164,165
0227_00096	39,40,48,51,53,55,58,60,61,66,67,69,73,82,88,90,91,92,96,97,100,102,104,105,106,108,110,111,112,115,116,117,118,124,127,128,129,130,131,132,136,138,139,140,141,143,145,146,147,148,149,150,151,152,153,154,155,156,157,158,159,160,161,163,164,165
0227_00097	54,74,90,92,95,104,108,110,111,115,117,123,131,136,139,141,146,149,151,154,155,156,157,158,159,160,161,164
0227_00098	54,82,92,95,99,100,104,110,117,123,131,132,136,139,146,151,153,154,155,156,157,158,159,161,162,163,164,165
0227_00099	66,90,91,96,104,105,108,112,115,116,118,123,127,128,129,131,132,139,140,141,143,145,146,147,149,150,152,154,155,157,159,160,163,164,165
0227_00100	37,53,57,62,65,72,75,77,80,82,83,85,89,90,91,92,96,97,98,104,106,109,110,111,113,117,120,121,122,127,128,129,131,132,133,136,137,139,140,142,143,144,146,148,150,151,152,153,154,155,156,157,158,159,160,161,162,163,164,165
0227_00101	54,74,82,92,95,100,104,110,111,115,117,123,129,131,132,136,139,146,149,151,153,154,155,156,157,158,159,160,161,164
0227_00102	38,47,53,54,57,59,62,64,65,72,75,77,79,80,81,82,83,84,85,88,89,90,91,92,93,95,96,97,98,105,106,109,110,117,120,121,122,127,131,132,133,135,137,139,140,142,143,146,148,150,151,152,153,155,156,157,158,159,160,161,162,163,164,165
0227_00103	99,123,131,136,139,140,146,154,157,159,164
0227_00104	54,72,74,123,131,139,146,149,152,154,157,159,160,164
0227_00105	123,139,154,157,159,162,163,164,165
0227_00106	54,82,92,95,100,104,110,111,117,123,129,131,132,136,139,146,151,153,154,155,156,157,158,159,161,162,163,164,165
0227_00107	53,54,82,89,92,95,97,100,104,110,113,117,123,127,131,132,136,139,140,143,144,146,150,151,152,153,154,155,156,157,158,159,161,162,163,164,165
0227_00108	54,86,88,90,91,92,93,95,104,108,110,111,115,116,117,123,131,136,139,146,147,149,151,153,154,155,156,157,158,159,160,161,164
0227_00109	72,90,114,123,132,136,139,146,152,154,155,157,159,160,164
0227_00110	53,66,74,89,104,112,115,123,131,132,139,146,149,152,154,155,157,159,160,164
0227_00111	53,65,77,79,80,82,83,90,92,96,100,104,108,110,111,116,117,120,121,131,137,142,147,151,153,154,155,156,158,160,161,162,164,165
0227_00112	50,54,76,82,92,95,99,100,104,108,110,117,123,131,132,136,139,146,149,151,153,154,155,156,157,158,159,160,161,164
0227_00113	54,74,92,95,110,117,123,131,136,139,141,146,149,151,154,156,157,158,159,160,161,164
0227_00114	37,38,54,65,75,77,79,80,83,85,89,92,93,95,96,97,98,105,106,110,113,117,120,121,122,127,131,136,137,142,143,144,148,150,151,154,156,158,159,160,161,162,163,164,165
0227_00115	37,38,43,53,65,75,77,79,80,83,85,89,92,93,95,96,97,98,105,106,110,113,117,120,121,122,127,131,136,137,142,143,148,151,154,156,158,159,160,161,162,163,164,165
0227_00116	37,38,53,54,65,75,77,79,80,83,85,89,92,93,95,96,97,98,105,106,110,113,117,120,121,122,127,131,136,137,142,143,144,148,150,151,154,156,158,159,160,161,162,163,164,165
0227_00117	37,43,53,65,77,80,89,92,97,98,106,110,113,117,120,121,127,131,136,137,142,143,151,154,156,159,161,162,163,164,165
0227_00118	54,82,92,95,100,104,110,117,123,131,132,136,139,146,151,153,154,155,156,157,158,159,161,162,163,164,165
0227_00119	38,53,57,62,65,72,75,77,79,80,82,83,84,85,89,90,91,92,96,97,98,104,105,109,110,111,117,120,121,122,127,128,129,131,132,133,135,137,139,142,143,146,148,150,151,152,153,155,156,157,158,159,161,162,163,164,165
0227_00120	54,66,82,90,91,92,95,96,100,104,105,108,110,111,112,115,116,117,118,123,127,128,129,131,132,136,139,140,141,143,145,146,147,149,150,151,152,153,154,155,156,157,158,159,160,161,163,164,165
0227_00121	65,95,98,105,121,123,125,137,139,145,154,156,157,159,161,162,163,164,165
0227_00122	54,65,95,97,98,105,113,121,123,125,127,131,136,137,139,143,145,146,151,152,154,156,157,159,161,162,163,164,165
0227_00123	37,38,54,65,75,77,79,80,84,85,89,92,93,95,97,98,106,110,113,117,120,121,122,127,131,133,135,136,137,142,143,144,146,148,149,150,151,154,156,158,159,160,161,162,163,164,165
0227_00124	39,40,48,55,58,60,61,65,67,69,73,83,88,95,96,97,102,105,106,112,113,121,124,126,127,130,131,136,137,139,140,143,146,148,151,152,156,157,159,161,162,163,164,165
0227_00125	37,53,57,62,65,72,75,77,80,82,83,85,89,90,91,92,96,97,98,104,106,109,110,111,113,117,120,121,122,127,128,129,131,132,133,136,137,139,140,142,143,144,146,148,150,151,152,153,154,155,156,157,158,159,161,162,163,164,165
0227_00126	53,54,79,84,90,92,93,95,97,104,108,110,111,117,123,126,131,132,136,139,140,142,146,151,154,155,156,157,158,159,160,161,162,163,164,165
0227_00127	25,43,77,78,84,90,95,100,104,106,119,123,131,132,139,142,151,153,154,155,156,157,158,159,161,164
0227_00128	53,84,97,123,131,133,135,139,144,150,151,154,156,157,158,159,161,162,163,164,165
0227_00129	54,82,90,92,95,100,104,110,111,114,115,117,123,128,129,131,132,136,139,146,147,151,153,154,155,156,157,158,159,160,161,164
0227_00130	54,86,88,90,91,93,95,104,110,111,115,116,117,123,131,136,139,146,147,151,153,154,155,156,157,158,159,160,161,164
0227_00131	54,84,90,91,92,95,104,110,111,117,123,128,131,132,136,139,140,142,146,147,151,154,155,156,157,158,159,161,162,163,164,165
0227_00132	38,53,57,62,65,72,75,77,79,80,82,83,85,89,90,92,93,95,96,97,98,105,109,110,113,117,120,121,122,126,127,131,132,133,137,139,140,142,143,146,148,150,151,152,153,154,155,156,157,158,159,160,161,162,163,164,165
0227_00133	90,104,115,116,123,132,136,139,146,147,152,154,155,157,159,160,164
0227_00134	72,93,99,113,123,126,127,131,139,140,143,144,146,150,152,154,157,159,160,162,163,164,165
0227_00135	37,38,43,54,65,75,77,79,80,83,85,89,92,93,95,96,97,98,105,106,110,113,117,120,121,122,127,131,136,137,142,143,144,146,148,149,150,151,154,156,158,159,160,161,162,163,164,165
0227_00136	53,82,90,91,97,98,100,104,111,118,121,123,129,131,137,139,145,147,151,153,154,156,157,158,159,161,162,163,164,165
0227_00137	54,65,83,90,91,92,95,96,104,105,108,110,111,117,121,123,131,136,137,139,142,146,151,154,155,156,157,158,159,160,161,162,163,164,165
0227_00138	39,40,48,51,53,55,58,60,61,67,69,73,82,88,90,91,97,100,102,104,106,111,112,118,124,128,129,130,131,132,133,136,138,139,146,147,148,151,153,155,156,158,159,161,163,164,165
0227_00139	25,38,53,54,57,62,65,72,74,75,77,79,80,82,83,85,86,89,90,91,92,93,95,96,97,98,105,106,109,110,113,117,120,121,122,127,131,132,133,135,137,139,140,142,143,146,148,149,150,151,152,153,154,155,156,157,158,159,160,161,162,163,164,165
0227_00140	54,72,123,131,139,146,152,154,157,159,160,164
0227_00141	65,97,98,121,123,137,139,154,157,159,161,162,163,164,165
0227_00142	38,54,65,77,79,80,83,84,96,98,105,120,121,131,133,135,137,142,151,156,158,161,162,163,165
0227_00143	38,53,54,57,62,65,72,75,77,79,80,82,83,84,85,89,90,91,92,95,96,97,98,105,109,110,117,120,121,122,127,131,132,133,135,137,139,140,142,143,146,148,150,151,152,153,155,156,157,158,159,161,162,163,164,165
0227_00144	25,38,53,57,62,65,72,75,77,79,80,82,83,84,85,89,90,91,92,93,95,96,97,98,104,105,106,109,110,111,113,117,120,121,122,127,128,129,131,132,133,135,137,139,140,142,143,144,146,148,150,151,152,153,154,155,156,157,158,159,160,161,162,163,164,165
0227_00145	53,54,82,88,90,92,95,104,108,110,111,117,123,131,136,139,146,151,153,154,155,156,157,158,159,160,161,164
0227_00146	37,38,43,65,75,77,79,80,83,85,89,92,93,95,96,97,98,105,106,110,113,117,120,121,122,127,131,136,137,142,143,144,146,148,149,150,151,154,156,158,159,160,161,162,163,164,165
0227_00147	72,89,93,113,123,126,127,131,139,140,143,144,146,149,150,152,154,157,159,160,162,163,164,165
0227_00148	54,74,79,84,90,92,95,104,110,111,115,117,123,131,136,139,141,142,146,149,151,154,155,156,157,158,159,160,161,164
0227_00149	57,72,83,96,123,137,139,146,152,154,157,159,162,164,165
0227_00150	25,43,75,77,78,79,83,85,86,90,91,92,93,95,96,97,100,104,106,110,111,115,117,119,120,121,122,127,131,132,133,137,142,143,148,150,151,153,154,156,158,160,161,164,165
0227_00151	65,98,104,121,123,132,137,139,154,155,157,159,161,162,163,164,165
0227_00152	43,54,72,89,92,95,110,117,123,131,136,139,140,146,151,154,156,157,158,159,161,162,163,164,165
0227_00153	54,65,72,83,90,91,96,104,105,121,123,131,132,137,139,146,151,152,154,155,156,157,159,161,162,163,164,165
0227_00154	53,89,113,123,127,131,139,140,143,144,146,150,152,154,157,159,162,163,164,165
0227_00155	25,38,43,65,75,77,79,80,83,84,85,92,93,95,96,97,98,105,106,110,113,117,120,121,122,127,131,133,135,137,142,143,148,151,154,156,158,160,161,162,163,164,165
0227_00156	38,54,65,77,79,80,83,92,95,96,97,98,105,110,113,117,120,121,127,131,137,142,143,151,154,156,161,162,163,164,165
0227_00157	72,93,104,113,123,126,127,131,132,139,140,143,144,146,150,152,154,155,157,159,160,162,163,164,165
0227_00158	37,53,54,57,62,65,72,75,77,80,82,83,85,89,90,91,92,95,96,97,98,106,109,110,113,117,120,121,122,127,131,132,133,136,137,139,140,142,143,144,146,148,150,151,152,153,154,155,156,157,158,159,161,162,163,164,165
0227_00159	54,65,80,82,92,95,97,98,100,104,110,117,121,123,131,132,136,137,139,142,146,151,153,154,155,156,157,158,159,161,162,163,164,165
0227_00160	37,38,43,54,65,75,77,79,80,84,85,89,92,93,95,97,98,106,110,113,117,120,121,122,127,131,133,135,136,137,142,143,144,146,148,149,150,151,154,156,158,159,160,161,162,163,164,165
0227_00161	54,90,92,95,104,108,110,111,113,117,123,127,131,136,139,140,143,146,151,152,154,155,156,157,158,159,160,161,162,163,164,165
0227_00162	53,89,104,115,123,131,132,139,146,152,154,155,157,159,160,164
0227_00163	37,38,43,52,53,65,69,77,79,80,83,89,92,94,96,97,98,105,106,110,113,117,120,121,124,127,131,136,137,142,143,151,154,156,159,161,162,163,164,165
0227_00164	72,93,113,123,126,127,131,139,140,143,144,146,150,152,154,157,159,160,162,163,164,165
0227_00165	53,54,57,72,82,89,90,91,98,109,123,127,131,132,137,139,140,143,146,150,152,153,154,155,157,159,163,164,165
0227_00166	25,38,53,54,57,62,65,72,75,77,79,80,82,83,84,85,89,90,91,92,93,95,96,97,98,105,106,109,110,113,117,120,121,122,127,131,132,133,135,137,139,140,142,143,144,146,148,150,151,152,153,154,155,156,157,158,159,160,161,162,163,164,165
0227_00167	53,54,66,72,74,82,89,90,91,92,95,97,100,104,109,110,111,112,115,117,123,131,132,136,138,139,140,146,147,149,151,152,153,154,155,156,157,158,159,160,161,164
0227_00168	36,37,43,54,77,79,81,83,88,90,91,96,101,104,105,106,110,111,117,118,120,121,123,127,128,129,131,132,136,137,139,142,143,146,147,151,153,154,155,156,157,158,159,161,164,165
0227_00169	54,65,83,95,96,121,123,131,137,139,151,154,156,157,159,161,162,164,165
0227_00170	30,49,74,75,83,85,86,93,95,96,100,108,111,112,115,116,118,121,122,123,137,147,148,149,150,153,154,156,157,158,159,160,161,164,165
0227_00171	82,90,91,92,100,104,108,110,111,116,117,118,123,131,132,136,139,146,147,151,153,154,155,156,157,158,159,160,161,164
0227_00172	54,82,92,95,100,104,110,113,117,123,127,131,132,136,139,140,143,146,151,152,153,154,155,156,157,158,159,161,162,163,164,165
0227_00173	54,74,79,84,90,92,95,104,110,111,115,117,123,131,136,139,141,142,146,149,151,154,155,156,157,158,159,160,161,164
0227_00174	37,38,53,57,62,65,72,75,77,80,82,83,84,85,89,90,91,92,96,97,98,104,106,109,110,111,113,117,120,121,122,127,128,129,131,132,133,135,137,139,140,142,143,144,146,148,150,151,152,153,154,155,156,157,158,159,161,162,163,164,165
0227_00175	54,72,90,104,113,123,127,131,132,139,140,143,146,152,154,155,157,159,162,163,164,165
0227_00176	54,72,93,113,123,126,127,131,139,140,143,144,146,150,152,154,157,159,160,162,163,164,165
0227_00177	37,38,43,65,77,80,84,97,98,106,110,113,117,120,121,127,131,133,135,137,142,143,151,154,156,158,161,162,163,164,165
0227_00178	37,38,43,53,54,65,77,79,80,83,89,92,95,96,97,98,105,106,110,113,117,120,121,127,131,136,137,142,143,151,154,156,159,161,162,163,164,165
0227_00179	53,54,89,92,95,110,117,123,131,136,139,140,146,149,151,152,154,156,157,158,159,160,161,164
0227_00180	25,38,43,53,54,57,62,65,72,75,77,79,80,82,83,85,89,90,91,92,93,95,96,97,98,105,106,109,110,113,117,120,121,122,127,131,132,133,135,137,139,140,142,143,146,148,150,151,152,153,154,155,156,157,158,159,160,161,162,163,164,165
0227_00181	65,75,77,79,83,85,95,96,100,104,120,121,122,123,132,137,139,142,148,153,154,155,157,158,159,161,162,164,165
0227_00182	84,123,131,133,135,139,151,154,156,157,158,159,161,162,163,164,165
0227_00183	37,38,43,53,65,75,77,79,80,83,85,89,92,93,95,96,97,98,105,106,110,113,117,120,121,122,127,131,136,137,142,143,148,151,154,156,158,159,160,161,162,163,164,165
0227_00184	90,91,104,118,123,128,129,131,132,136,139,140,146,147,154,155,157,159,164
0227_00185	54,65,95,97,98,105,113,121,123,125,127,131,136,137,139,140,143,145,146,151,152,154,156,157,159,161,162,163,164,165
0227_00186	38,53,54,57,62,65,72,75,77,79,80,82,83,84,85,89,90,91,92,95,96,97,109,110,117,120,121,122,127,131,132,133,135,137,139,140,142,143,144,146,148,150,151,152,153,154,155,156,157,158,159,161,162,164,165
0227_00187	38,53,54,57,62,65,72,75,77,79,80,82,83,85,89,90,91,92,95,96,97,98,105,109,110,113,117,120,121,122,127,131,132,133,137,139,140,142,143,146,148,150,151,152,153,154,155,156,157,158,159,161,162,163,164,165
0227_00188	53,54,72,82,89,90,91,104,109,129,131,132,138,139,140,146,152,153,155,157,159,164
0227_00189	54,84,90,91,95,104,111,114,115,116,118,123,131,139,147,151,154,155,156,157,158,159,160,161,164
0227_00190	53,54,57,72,82,83,89,90,91,96,109,123,127,131,132,137,139,140,143,146,150,152,153,155,157,159,164,165
0227_00191	54,74,84,90,95,104,111,115,123,131,139,149,151,154,155,156,157,158,159,160,161,164
0227_00192	54,82,92,95,100,104,110,116,117,123,131,132,136,139,146,151,153,154,155,156,157,158,159,160,161,164
0227_00193	49,65,75,85,93,97,98,121,122,123,137,148,154,157,158,159,160,161,162,163,164,165
0227_00194	54,84,90,91,95,114,115,123,131,139,149,151,154,155,156,157,158,159,160,161,164
0227_00195	54,84,90,91,95,97,104,111,123,131,132,133,135,136,139,142,144,146,150,151,152,154,155,156,157,158,159,161,162,163,164,165
0227_00196	54,72,82,104,109,123,131,132,139,146,153,154,155,157,159,164
0227_00197	54,84,86,88,90,91,93,95,104,111,115,116,123,131,139,147,151,153,154,155,156,157,158,159,160,161,164
0227_00198	34,51,54,60,61,67,73,84,86,88,90,91,95,97,99,102,104,111,123,124,131,132,136,138,139,146,148,151,153,154,155,156,157,158,159,161,164
0227_00199	54,82,90,91,95,98,100,104,111,118,121,123,129,131,137,139,147,151,153,154,156,157,158,159,161,163,164,165
0227_00200	53,54,72,82,89,90,91,104,109,128,131,132,138,139,140,146,152,153,155,157,159,164
0227_00201	54,82,83,90,91,95,96,100,104,111,118,121,123,131,137,139,147,151,153,154,156,157,158,159,161,164,165
0227_00202	54,74,84,95,123,131,139,149,151,154,156,157,158,159,160,161,164
0227_00203	53,54,72,82,89,90,91,104,109,131,132,138,139,140,146,152,153,154,155,157,159,164
0227_00204	53,54,72,82,89,90,91,104,109,131,132,139,140,146,152,153,154,155,157,159,164
0227_00205	54,84,90,95,104,111,114,123,131,139,151,154,155,156,157,158,159,160,161,164
0227_00206	39,40,48,51,55,58,60,61,67,69,73,75,79,85,86,88,90,97,98,100,102,104,106,111,112,118,120,121,122,124,128,129,130,131,132,136,137,138,139,140,142,146,147,148,153,155,158,159,161,163,164,165
0227_00207	38,53,54,57,62,65,72,75,77,79,80,82,83,85,89,90,91,92,95,96,97,98,104,105,109,110,111,117,120,121,122,123,127,131,132,133,135,136,137,139,140,142,143,146,148,150,151,152,153,154,155,156,157,158,159,161,162,163,164,165
0227_00208	29,30,37,38,48,49,54,57,62,65,69,72,74,75,77,80,83,84,85,86,89,90,91,92,93,95,96,97,98,100,102,106,109,110,111,112,113,115,116,117,120,121,122,124,126,127,130,131,132,133,135,136,137,138,139,140,141,142,143,144,146,147,148,149,150,151,152,153,154,155,156,157,158,159,160,161,162,163,164,165
0227_00209	54,65,79,82,83,84,90,91,96,100,104,111,121,123,128,129,131,132,136,137,139,140,142,144,146,147,150,151,153,154,155,156,157,158,159,161,162,164,165
0227_00210	53,54,65,77,79,80,82,83,84,90,92,95,96,97,100,104,110,111,117,120,121,123,128,131,132,136,137,139,142,146,147,151,153,154,155,156,157,158,159,161,162,164,165
0227_00211	39,40,48,51,53,55,58,59,60,61,64,67,69,73,81,88,89,102,106,112,113,123,124,127,130,131,136,139,140,143,144,146,148,150,152,154,157,159,162,163,164,165
0227_00212	65,95,97,98,121,123,131,136,137,139,140,144,146,150,154,156,157,159,161,162,163,164,165
0227_00213	25,43,53,54,77,78,84,90,91,95,97,100,104,106,111,118,119,123,131,132,136,139,140,142,146,147,151,153,154,155,156,157,158,159,161,164
0227_00214	37,43,53,54,77,84,90,91,95,97,104,106,110,111,117,123,131,132,136,139,140,142,146,151,154,155,156,157,158,159,161,164
0227_00215	25,38,43,54,65,77,79,80,82,84,90,91,92,95,97,98,100,104,105,106,110,111,113,117,120,121,123,125,127,131,132,133,135,136,137,139,140,142,143,145,146,147,151,153,154,155,156,157,158,159,161,162,163,164,165
0227_00216	38,53,54,57,62,65,72,75,77,78,79,80,82,83,85,89,90,91,92,93,95,96,97,98,105,109,110,117,119,120,121,122,127,131,132,133,135,137,139,140,142,143,144,146,148,150,151,152,153,155,156,157,158,159,160,161,162,163,164,165
0227_00217	50,76,90,91,99,104,123,131,132,136,139,140,146,154,155,157,159,164
0227_00218	29,43,48,54,69,72,82,89,90,102,104,106,109,112,124,126,130,131,132,138,139,140,146,148,152,153,155,157,159,164
0227_00219	54,84,86,88,90,91,95,104,111,123,129,131,136,138,139,140,142,146,147,151,153,154,155,156,157,158,159,161,164
0227_00220	29,43,48,65,69,89,90,91,95,97,98,102,106,109,112,113,121,124,126,127,130,131,136,137,139,140,143,144,146,148,150,152,153,154,155,156,157,159,160,161,162,163,164,165
0227_00221	14,54,67,84,88,90,91,95,104,111,118,123,124,128,129,131,136,138,139,140,142,146,147,151,153,154,155,156,157,158,159,161,164
0227_00222	29,37,38,43,48,54,57,62,65,69,72,75,77,80,83,84,85,89,90,91,92,95,96,97,98,102,106,109,110,112,113,117,120,121,122,124,126,127,130,131,132,133,135,136,137,139,140,142,143,144,146,148,150,151,152,153,154,155,156,157,158,159,161,162,163,164,165
0227_00223	26,39,40,48,50,55,58,60,61,66,67,69,73,76,88,91,96,99,102,105,106,108,112,115,116,118,124,126,127,128,129,130,132,136,139,140,143,145,146,147,148,149,150,152,154,157,159,160,163,164,165
0227_00224	74,113,127,139,141,143,144,149,150,152,157,160,162,163,164,165
0227_00225	66,91,96,105,108,112,113,115,116,118,127,128,129,132,139,143,144,145,147,150,152,154,157,159,160,162,163,164,165
0227_00226	90,91,104,108,114,115,116,118,123,128,129,132,139,147,154,155,157,159,160,164
0227_00227	87,90,103,104,107,123,125,131,132,133,134,135,139,144,145,150,151,154,155,156,157,158,159,161,162,163,164,165
0227_00228	34,45,50,53,65,76,80,83,90,91,92,96,99,104,108,110,111,116,117,118,120,121,123,127,128,129,131,132,136,137,139,140,141,142,143,144,146,147,149,150,151,154,155,156,157,158,159,160,161,162,164,165
0227_00229	82,92,93,95,100,110,116,117,123,126,132,136,146,151,153,154,155,156,157,158,159,160,161,162,163,164,165
0227_00230	79,85,86,91,92,95,100,104,110,111,114,116,117,122,132,133,135,138,141,142,144,148,149,150,151,153,154,155,156,158,160,161,162,163,164,165
0227_00231	53,79,85,86,91,92,95,97,100,104,110,111,113,114,116,117,122,127,131,132,133,135,138,139,141,142,143,144,148,149,150,151,152,153,154,155,156,157,158,159,160,161,162,163,164,165
0227_00232	90,91,99,104,108,114,115,116,118,123,128,129,132,139,147,154,155,157,159,160,164
0227_00233	26,50,53,66,72,76,82,89,90,91,96,99,104,105,108,109,112,115,116,118,127,128,129,131,132,136,139,140,143,145,146,147,149,150,152,153,154,155,157,159,160,163,164,165
0227_00234	37,66,74,75,77,79,83,85,89,92,93,95,96,97,106,110,112,117,120,121,122,127,136,137,141,142,143,148,149,150,151,154,156,158,159,160,161,164,165
0227_00235	57,89,98,105,113,123,125,127,137,139,143,145,146,152,154,157,159,162,163,164,165
0227_00236	57,62,89,98,105,113,125,127,131,132,137,139,140,143,144,145,146,152,154,157,159,162,163,164,165
0227_00237	50,66,74,76,90,99,108,112,115,123,127,131,132,136,139,140,141,143,146,149,150,152,154,157,159,160,163,164,165
0227_00238	34,45,50,53,65,76,78,80,83,90,91,92,96,99,104,108,110,116,117,118,119,120,121,123,127,131,132,136,137,139,140,141,142,143,144,146,147,149,150,151,154,155,156,157,158,159,160,161,162,164,165
0227_00239	25,43,77,78,84,90,91,100,104,106,111,118,119,123,131,132,139,142,147,151,153,154,155,156,157,158,159,161,164
0227_00240	90,91,104,115,116,123,129,131,132,136,139,140,146,147,154,155,157,159,160,164
0227_00241	25,43,54,77,78,84,90,91,92,95,100,104,106,108,110,111,117,118,119,123,131,136,139,142,146,147,151,153,154,155,156,157,158,159,160,161,164
0227_00242	39,40,48,51,53,55,58,60,61,67,69,73,82,84,88,90,97,100,102,104,106,111,112,124,130,131,132,136,138,139,146,147,148,151,153,155,158,159,161,164
0227_00243	53,54,72,82,89,90,91,104,109,123,131,132,139,140,146,152,153,154,155,157,159,164
0227_00244	54,82,84,90,91,92,95,100,104,108,110,111,117,118,123,129,131,136,139,142,146,147,151,153,154,155,156,157,158,159,160,161,164
0227_00245	25,38,49,53,54,57,62,65,72,75,77,79,80,82,83,84,85,89,90,91,92,93,95,96,97,98,105,106,109,110,113,117,120,121,122,127,131,132,133,135,137,139,140,142,143,146,148,150,151,152,153,155,156,157,158,159,160,161,162,163,164,165
0227_00246	53,54,57,72,82,83,89,90,91,96,98,109,112,120,123,126,127,128,131,132,137,138,139,140,143,146,150,152,153,155,157,159,163,164,165
0227_00247	82,84,90,91,100,104,111,118,123,131,132,139,147,151,153,154,155,157,158,159,161,164
0227_00248	53,54,82,84,88,90,91,92,95,104,110,111,117,123,128,131,132,136,139,140,142,146,147,151,153,154,155,156,157,158,159,161,164
0227_00249	29,37,43,48,57,62,65,69,72,75,77,80,83,85,89,90,91,92,96,97,98,102,104,106,109,110,111,112,113,117,120,121,122,124,126,127,128,129,130,131,132,133,136,137,139,140,142,143,144,146,148,150,151,152,153,154,155,156,157,158,159,160,161,162,163,164,165
0227_00250	53,89,104,123,131,132,136,139,140,146,154,155,157,159,164
0227_00251	54,84,90,91,92,95,104,110,111,117,123,131,132,136,139,142,146,147,151,154,155,156,157,158,159,161,164
0227_00252	37,38,43,53,54,77,80,84,95,97,106,110,117,123,131,136,139,140,142,146,151,154,156,157,158,159,161,164
0227_00253	37,43,54,77,82,84,90,91,95,100,104,106,110,111,117,118,123,129,131,136,139,142,146,147,151,153,154,155,156,157,158,159,161,164
0227_00254	53,54,79,82,84,88,90,91,92,95,100,104,110,111,117,123,128,131,132,136,138,139,140,142,146,147,151,153,154,155,156,157,158,159,161,164
0227_00255	54,84,90,91,95,104,111,123,131,132,136,139,140,146,147,151,154,155,156,157,158,159,161,164
0227_00256	53,54,65,75,77,79,80,82,83,84,85,90,92,93,95,96,97,100,104,110,111,116,117,120,121,122,123,128,131,132,136,137,139,142,144,146,147,148,150,151,153,154,155,156,157,158,159,160,161,162,164,165
0227_00257	54,84,90,91,95,104,111,118,123,131,132,136,139,140,146,147,151,154,155,156,157,158,159,161,164
0227_00258	53,54,80,84,90,92,95,97,104,110,111,117,123,131,132,136,139,142,146,151,154,155,156,157,158,159,161,164
0227_00259	53,54,84,90,95,97,104,111,123,131,132,136,139,140,146,151,154,155,156,157,158,159,161,164
0227_00260	54,90,91,92,95,104,108,110,111,117,123,131,132,136,139,140,146,147,151,154,155,156,157,158,159,160,161,164
0227_00261	53,54,82,84,89,90,95,104,109,111,123,131,139,146,151,153,154,155,156,157,158,159,161,164
0227_00262	90,91,104,118,123,131,132,136,139,140,146,147,154,155,157,159,164
0227_00263	14,39,40,48,54,55,58,60,61,67,69,73,81,84,88,90,95,102,104,106,111,112,123,124,130,131,136,139,140,146,148,151,153,154,155,156,157,158,159,161,164
0227_00264	90,104,123,131,132,136,139,140,146,147,154,155,157,159,164
0227_00265	72,90,91,104,118,123,131,132,136,139,140,146,147,152,154,155,157,159,164
0227_00266	53,54,90,92,95,97,104,108,110,111,117,123,131,132,136,139,140,146,151,154,155,156,157,158,159,160,161,164
0227_00267	37,43,54,77,82,84,90,91,95,100,104,106,110,111,117,118,123,131,136,139,142,146,147,151,153,154,155,156,157,158,159,161,164
0227_00268	53,54,82,84,89,90,91,95,100,104,123,131,132,139,146,151,152,153,154,155,157,158,159,161,164
0227_00269	53,54,72,89,123,131,136,139,140,146,152,154,157,159,164
0227_00270	54,82,86,91,95,100,104,123,131,132,136,138,139,140,146,151,153,154,155,157,158,159,161,164
0227_00271	72,90,91,104,123,131,132,136,139,140,146,147,152,154,155,157,159,164
0227_00272	99,123,131,136,139,140,146,154,157,159,164
0227_00273	53,54,72,89,90,104,123,131,132,136,139,140,146,152,154,155,157,159,164
0227_00274	29,37,43,48,54,57,62,65,69,72,75,77,80,83,85,89,90,91,92,95,96,97,98,102,106,109,110,112,113,117,120,121,122,124,126,127,130,131,132,133,136,137,139,140,142,143,144,146,148,150,151,152,153,154,155,156,157,158,159,161,162,163,164,165
0227_00275	29,38,43,48,54,57,62,65,69,72,75,77,79,80,83,84,85,89,90,91,92,95,96,97,98,102,105,106,109,110,112,117,120,121,122,124,126,127,130,131,132,133,135,137,139,140,142,143,146,148,150,151,152,153,155,156,157,158,159,161,162,163,164,165
0227_00276	54,72,123,131,136,139,140,146,154,157,159,164
0227_00277	14,54,67,84,88,90,95,104,111,123,124,129,131,136,138,139,140,142,146,151,153,154,155,156,157,158,159,161,164
0227_00278	54,65,75,77,79,80,83,84,85,90,93,95,96,104,111,116,120,121,122,123,131,137,139,142,144,148,150,151,154,155,156,157,158,159,160,161,162,164,165
0227_00279	53,54,65,77,79,80,83,84,90,95,96,104,111,120,121,123,131,137,139,142,151,154,155,156,157,158,159,161,162,164,165
0227_00280	90,91,104,123,131,132,136,139,140,146,154,155,157,159,164
0227_00281	14,54,67,79,82,84,88,90,91,92,95,100,104,110,111,117,118,123,124,128,129,131,132,136,138,139,140,142,146,147,151,153,154,155,156,157,158,159,161,164
0227_00282	53,54,66,72,89,90,104,112,115,123,131,132,136,139,140,146,152,154,155,157,159,160,164
0227_00283	53,54,72,89,123,131,136,139,140,146,152,154,157,159,164
0227_00284	50,76,90,91,99,104,123,131,132,136,139,140,146,154,155,157,159,164
0227_00285	53,54,72,82,89,90,91,104,109,123,131,132,139,140,146,152,153,154,155,157,159,164
0227_00286	29,43,48,53,54,57,69,72,82,89,90,91,98,102,104,106,109,112,123,124,126,127,128,130,131,132,137,138,139,140,143,146,148,150,152,153,155,157,159,163,164,165
0227_00287	53,54,72,89,113,123,127,131,139,140,143,144,146,150,152,154,157,159,162,163,164,165
0227_00288	53,54,66,72,89,90,91,104,112,123,131,132,136,139,140,146,152,154,155,157,159,164
0227_00289	53,54,72,89,90,91,104,123,131,132,136,139,140,146,152,154,155,157,159,164
0227_00290	36,38,47,49,65,75,77,80,81,82,83,84,85,88,90,96,98,100,104,108,109,116,120,121,122,128,131,132,133,135,137,138,139,142,144,147,148,149,150,151,153,155,156,157,158,160,161,162,163,164,165
0227_00291	54,74,84,85,86,90,91,93,95,100,104,108,111,115,116,118,122,123,129,131,139,142,147,148,149,151,153,154,155,156,157,158,159,160,161,164
0227_00292	25,43,54,77,78,82,84,90,91,93,95,100,104,106,108,111,118,119,123,131,139,142,147,149,151,153,154,155,156,157,158,159,160,161,164
0227_00293	54,82,84,86,90,91,93,95,100,104,108,111,115,116,118,123,129,131,139,142,147,151,153,154,155,156,157,158,159,160,161,164
0227_00294	54,82,84,90,91,95,100,104,111,123,129,131,132,139,142,146,147,151,152,153,154,155,156,157,158,159,161,164
0227_00295	54,82,84,90,91,95,100,104,111,118,123,129,131,139,142,147,151,153,154,155,156,157,158,159,161,164
