id	bits.on
0072_00001	62,65,75,80,83,85,86,93,96,98,100,108,111,115,116,118,120,121,122,137,142,147,148,150,153,156,158,160,161,162,163,165
0072_00002	22,54,66,84,90,95,104,111,112,123,131,133,139,151,154,156,157,158,159,161,164,165
0072_00003	54,72,82,91,98,100,104,105,108,111,113,116,121,127,131,137,139,143,144,145,147,150,151,152,153,156,157,158,159,160,161,162,163,164,165
0072_00004	38,53,54,57,62,65,72,75,77,78,79,80,82,83,85,89,90,91,92,93,95,96,97,98,105,109,110,117,119,120,121,122,127,131,132,133,135,137,139,140,142,143,144,146,148,150,151,152,153,155,156,157,158,159,160,161,162,163,164,165
0072_00005	49,65,75,80,84,85,92,93,97,98,110,117,121,122,137,142,148,151,154,156,158,160,161,162,163,164,165
0072_00006	54,72,82,89,90,99,104,108,109,114,115,116,118,123,126,128,129,131,132,138,139,140,146,147,152,153,154,155,157,159,160,164
0072_00007	65,92,98,110,113,117,121,127,137,143,151,154,156,161,162,163,164,165
0072_00008	27,54,84,87,90,95,104,107,111,113,123,125,126,127,131,134,139,140,143,144,145,146,150,151,152,154,155,156,157,158,159,161,162,163,164,165
0072_00009	27,54,84,87,90,95,104,107,111,113,123,127,131,134,139,143,144,146,150,151,152,154,155,156,157,158,159,161,162,163,164,165
0072_00010	83,92,96,105,110,117,121,127,135,137,143,144,150,151,154,156,158,160,161,162,163,164,165
0072_00011	38,54,65,75,77,78,79,80,83,85,93,96,98,105,119,120,121,122,131,133,135,137,142,148,151,156,158,160,161,162,163,165
0072_00012	65,75,77,79,80,82,83,84,85,93,96,100,104,108,111,116,120,121,122,137,142,144,147,148,150,151,153,155,156,158,160,161,162,165
0072_00013	24,49,54,56,63,70,71,84,89,90,94,95,102,104,111,113,119,122,123,124,127,130,131,133,135,136,139,140,142,143,144,146,148,150,151,152,154,155,156,157,158,159,161,162,163,164,165
0072_00014	25,43,77,78,84,90,91,100,104,106,111,118,119,123,131,132,139,142,147,151,153,154,155,156,157,158,159,161,164
0072_00015	54,65,95,97,98,105,113,121,123,125,127,131,136,137,139,143,145,146,151,152,154,156,157,159,161,162,163,164,165
0072_00016	37,38,43,65,77,80,84,97,98,106,110,113,117,120,121,127,131,133,135,137,142,143,144,150,151,154,156,158,160,161,162,163,164,165
0072_00017	38,54,57,62,65,72,75,77,79,80,83,84,85,86,88,89,90,91,92,93,95,96,97,98,105,110,115,117,120,121,122,127,131,132,133,135,137,139,142,143,146,148,150,151,152,153,155,156,157,158,159,160,161,162,163,164,165
0072_00018	53,65,92,97,98,110,113,117,121,123,127,131,136,137,139,143,146,151,154,156,157,159,161,162,163,164,165
0072_00019	38,54,65,77,79,80,83,84,96,98,105,120,121,131,133,135,137,142,151,156,158,161,162,163,165
0072_00020	25,43,77,78,82,84,90,91,100,104,106,111,118,119,129,131,138,142,147,151,153,155,156,158,161
0072_00021	34,45,50,53,65,76,80,83,90,91,92,96,99,104,108,110,111,116,117,118,120,121,123,127,128,129,131,132,136,137,139,140,141,142,143,144,146,147,149,150,151,154,155,156,157,158,159,160,161,162,164,165
0072_00022	34,45,50,53,65,76,78,80,83,90,91,92,96,99,104,108,110,116,117,118,119,120,121,123,127,131,132,136,137,139,140,141,142,143,144,146,147,149,150,151,154,155,156,157,158,159,160,161,162,164,165
0072_00023	36,37,43,54,77,79,81,83,88,90,91,96,101,104,105,106,110,111,117,118,120,121,123,127,128,129,131,132,136,137,139,142,143,146,147,151,153,154,155,156,157,158,159,161,164,165
0072_00024	108,109,114,115,116,118,123,126,128,129,136,138,140,141,144,146,147,149,150,153,154,155,157,159,160,162,163,164,165
0072_00025	53,80,82,84,86,90,100,104,111,118,128,129,131,138,142,147,151,153,155,158,161
0072_00026	37,38,65,75,77,79,80,83,85,89,92,93,95,96,97,98,105,106,110,113,117,120,121,122,127,136,137,141,142,143,144,148,149,150,154,156,158,159,160,161,162,163,164,165
0072_00027	30,49,74,82,85,86,93,95,100,104,109,111,112,115,116,122,132,138,139,141,147,148,149,153,155,157,158,160,161,164
0072_00028	26,50,53,66,72,76,82,89,90,91,96,99,104,105,108,109,112,115,116,118,127,128,129,131,132,136,139,140,143,145,146,147,149,150,152,153,154,155,157,159,160,163,164,165
0072_00029	26,50,66,72,76,89,90,91,96,99,104,105,108,109,112,115,116,118,123,126,127,128,129,131,132,136,139,140,141,143,145,146,147,149,150,152,153,154,155,157,159,160,163,164,165
0072_00030	26,50,53,66,72,76,82,89,90,91,96,99,104,105,108,109,112,115,116,118,127,128,129,131,132,136,139,140,143,145,146,147,149,150,152,153,154,155,157,159,160,163,164,165
0072_00031	25,43,75,77,78,79,83,85,86,90,91,92,93,95,96,97,100,104,106,110,111,115,117,119,120,121,122,127,131,132,133,137,142,143,148,150,151,153,154,156,158,160,161,164,165
0072_00032	37,38,43,65,77,80,84,97,98,106,110,113,117,120,121,127,131,133,135,137,142,143,151,154,156,158,161,162,163,164,165
0072_00033	26,50,66,72,76,96,99,105,108,109,112,115,116,118,123,126,127,128,129,132,136,140,141,143,145,146,147,149,150,152,153,154,155,157,159,160,163,164,165
0072_00034	54,82,86,91,95,100,104,109,111,118,128,129,131,132,138,139,147,151,153,155,157,158,159,161,164
0072_00035	65,77,79,83,96,105,120,121,137,142,144,149,150,151,156,160,161,162,163,165
0072_00036	53,54,66,72,74,82,89,90,91,92,95,97,100,104,109,110,111,112,115,117,123,131,132,136,138,139,140,146,147,149,151,152,153,154,155,156,157,158,159,160,161,164
0072_00037	65,83,90,91,96,105,108,109,114,121,123,126,129,132,137,151,153,154,155,156,157,159,160,161,162,163,164,165
0072_00038	25,38,43,54,65,77,79,80,82,84,90,91,92,95,97,98,100,104,105,106,110,111,113,117,120,121,123,125,127,131,132,133,135,136,137,139,140,142,143,145,146,147,151,153,154,155,156,157,158,159,161,162,163,164,165
0072_00039	53,54,72,82,84,89,90,91,95,97,104,109,123,131,132,139,140,146,151,152,153,154,155,156,157,158,159,161,164
0072_00040	25,43,77,78,84,90,95,100,104,106,119,123,131,132,139,142,151,153,154,155,156,157,158,159,161,164
0072_00041	25,38,43,54,65,77,79,80,83,84,92,95,96,97,98,105,106,110,113,117,120,121,127,131,133,135,137,142,143,151,154,156,158,161,162,163,164,165
0072_00042	54,82,92,95,100,104,110,117,123,131,132,136,139,146,151,153,154,155,156,157,158,159,161,162,163,164,165
0072_00043	53,65,77,79,80,82,83,84,90,96,100,104,111,120,121,131,137,142,147,151,153,155,156,158,161,162,165
0072_00044	65,83,84,90,91,92,96,104,105,110,111,117,121,131,132,137,142,151,154,155,156,158,161,162,163,164,165
0072_00045	49,65,83,90,91,96,105,121,123,132,137,151,154,155,156,157,159,161,162,163,164,165
0072_00046	65,82,83,90,91,96,104,105,109,121,131,132,137,139,147,151,153,155,156,157,161,162,163,164,165
0072_00047	25,43,54,77,78,84,90,91,95,100,104,106,111,118,119,123,131,139,142,147,151,153,154,155,156,157,158,159,161,164
0072_00048	30,49,74,85,86,89,93,95,100,108,112,114,115,116,118,122,123,126,128,129,132,136,140,141,146,147,148,149,152,153,154,155,157,158,159,160,161,164
0072_00049	30,49,74,85,86,89,93,95,100,104,108,112,115,122,123,132,139,141,146,148,149,152,153,154,155,157,158,159,160,161,164
0072_00050	53,54,65,77,79,80,83,84,90,95,96,104,111,120,121,123,131,137,139,142,151,154,155,156,157,158,159,161,162,164,165
0072_00051	53,54,65,77,79,80,82,83,84,90,91,95,96,104,109,111,120,121,131,137,139,142,151,153,155,156,157,158,161,162,164,165
0072_00052	54,82,84,90,91,95,100,104,111,118,123,129,131,139,142,147,151,153,154,155,156,157,158,159,161,164
0072_00053	54,84,90,95,104,111,123,131,139,151,154,155,156,157,158,159,161,162,163,164,165
0072_00054	54,65,79,83,84,90,91,92,95,96,104,105,110,111,117,121,131,137,142,151,154,155,156,158,161,162,163,164,165
0072_00055	37,38,43,53,65,77,79,80,89,92,95,97,98,105,106,110,113,117,120,121,125,127,131,136,137,142,143,144,145,149,150,151,154,156,159,160,161,162,163,164,165
0072_00056	65,82,83,90,91,92,93,96,100,104,105,108,110,111,113,116,117,121,126,127,131,137,142,143,147,149,151,152,153,154,155,156,157,158,159,160,161,162,163,164,165
0072_00057	65,83,90,91,93,96,105,116,121,123,126,132,137,151,154,155,156,157,159,160,161,162,163,164,165
0072_00058	25,43,77,78,84,93,106,119,131,142,151,156,158,160,161
0072_00059	54,65,75,77,79,80,83,84,85,90,93,95,96,104,111,116,120,121,122,123,131,137,139,142,144,148,150,151,154,155,156,157,158,159,160,161,162,164,165
0072_00060	38,50,54,65,74,76,77,79,80,82,83,91,96,98,99,100,105,116,120,121,131,133,135,137,142,149,151,153,155,156,158,160,161,162,163,165
0072_00061	54,65,83,90,91,92,95,96,104,105,108,110,111,117,121,123,131,136,137,139,142,146,151,154,155,156,157,158,159,160,161,162,163,164,165
0072_00062	54,90,92,95,104,108,110,111,117,123,131,136,139,146,151,154,155,156,157,158,159,160,161,162,163,164,165
0072_00063	65,82,83,90,91,92,96,100,104,105,108,110,111,113,116,117,121,127,131,137,139,142,143,147,151,152,153,154,155,156,157,158,159,160,161,162,163,164,165
0072_00064	54,82,84,90,91,92,95,100,104,108,110,111,117,118,123,129,131,136,139,142,146,147,151,153,154,155,156,157,158,159,160,161,164
0072_00065	30,49,74,84,85,86,90,91,93,95,100,104,108,111,112,115,116,118,122,123,129,141,142,147,148,149,151,153,154,155,156,157,158,159,160,161,164
0072_00066	65,80,84,92,97,98,110,117,121,137,142,151,154,156,158,161,162,163,164,165
0072_00067	65,82,83,86,90,91,93,96,100,104,105,111,115,116,121,131,137,142,147,151,153,155,156,158,160,161,162,163,165
0072_00068	54,84,90,91,95,97,104,109,111,118,123,126,128,129,131,132,136,139,140,146,147,151,153,154,155,156,157,158,159,161,164
0072_00069	34,50,53,65,76,80,83,90,96,99,104,105,108,116,118,120,121,123,131,132,136,137,139,140,141,142,144,146,147,149,150,151,154,155,156,157,159,160,161,162,164,165
0072_00070	65,98,105,121,125,137,145,156,161,162,163,165
0072_00071	54,72,82,89,90,104,108,109,114,115,116,118,123,126,128,129,131,132,138,139,140,146,147,152,153,154,155,157,159,160,164
0072_00072	37,38,53,54,65,72,75,77,79,80,82,85,89,90,91,92,95,97,98,100,104,105,106,109,110,113,117,120,121,122,127,128,131,132,136,137,138,139,140,142,143,144,145,146,148,149,150,151,152,153,154,155,156,157,158,159,160,161,162,163,164,165
0072_00073	65,82,83,84,90,91,96,100,104,105,111,113,121,127,131,137,139,142,143,147,151,152,153,155,156,157,158,161,162,163,164,165
0072_00074	54,79,82,84,86,88,90,91,92,95,100,104,108,110,111,114,115,116,117,118,123,128,129,131,132,136,138,139,140,142,146,147,151,153,154,155,156,157,158,159,160,161,164
0072_00075	53,80,82,84,86,90,91,100,104,111,118,128,129,131,138,142,147,151,153,155,158,161
0072_00076	36,38,47,49,65,75,77,80,81,82,83,84,85,88,90,96,98,100,104,108,109,116,120,121,122,128,131,132,133,135,137,138,139,142,144,147,148,149,150,151,153,155,156,157,158,160,161,162,163,164,165
0072_00077	38,47,59,64,65,77,79,80,81,83,88,93,96,98,105,120,121,137,142,151,156,160,161,162,163,165
0072_00078	27,54,84,87,90,95,104,107,111,113,123,125,126,127,131,134,139,140,143,144,145,146,150,151,152,154,155,156,157,158,159,161,162,163,164,165
0072_00079	65,77,79,83,96,99,120,121,123,131,137,139,142,151,154,156,157,159,161,162,164,165
0072_00080	34,50,66,74,76,90,96,99,104,105,108,112,115,116,118,127,128,129,132,139,141,143,145,147,149,150,152,157,160,163,164,165
0072_00081	37,38,43,53,54,65,77,79,80,83,89,92,95,96,97,98,105,106,110,113,117,120,121,127,131,136,137,142,143,151,154,156,159,161,162,163,164,165
0072_00082	54,65,95,97,98,105,113,121,123,125,127,131,136,137,139,140,143,145,146,151,152,154,156,157,159,161,162,163,164,165
