id	bits.on
0362_00001	14,20,94,107,118,128,141,145,153,157,186,207,226,231,250,257,270,284,285,366,387,403,427,480,481,508,516,530,566,626,627,635,673,690,692,727,739,757,871,917,927,984,997,1006
0362_00002	14,20,94,107,118,128,141,145,153,159,207,209,231,242,250,257,270,284,285,299,327,340,366,403,440,480,481,508,516,530,541,552,563,626,627,635,673,690,692,727,739,757,871,915,917,927,984
0362_00003	20,94,107,205,207,390,508,626,727,802,909,948
0362_00004	57,153,266,347,378,430,508,540,566,588,600,626,692,700,718,763,833,919,932,948,954,981,994
0362_00005	20,46,53,94,144,153,341,355,480,481,508,541,596,603,626,670,675,678,727,783,948,978
0362_00006	20,54,94,107,118,141,153,207,231,250,261,284,480,481,508,530,626,635,727,730,752,984
0362_00007	54,57,84,138,142,153,207,267,292,320,326,347,390,422,429,430,474,508,540,576,600,626,700,718,734,763,779,833,845,877,911,919,921,932,948,954,955,994
0362_00008	20,62,124,138,153,171,182,207,225,272,306,338,347,387,423,434,497,508,511,526,530,536,575,627,640,700,727,747,827,833,888,915,916,919,948,994
0362_00010	20,39,49,94,107,118,141,153,207,297,481,508,527,626,635,727,802,852,948,949
