id	bits.on
0240_00004	66,90,91,96,104,105,108,112,115,116,118,123,127,128,129,131,132,139,140,141,143,145,146,147,149,150,152,154,155,157,159,160,163,164,165
0240_00006	26,50,66,74,76,91,96,99,104,105,108,112,115,116,118,127,128,129,132,139,141,143,145,147,149,150,152,154,155,157,159,160,163,164,165
0240_00008	66,90,91,96,104,105,108,112,115,116,118,123,127,128,129,131,132,139,140,141,143,145,146,147,149,150,152,154,155,157,159,160,163,164,165
0240_00009	26,50,57,66,76,83,90,96,98,99,101,104,105,108,109,112,115,116,118,120,123,127,128,129,132,137,139,141,143,145,146,147,149,152,153,157,159,160,163,164,165
0240_00010	26,50,66,76,90,91,96,99,104,105,108,112,115,116,118,123,127,128,129,131,132,136,139,140,141,143,145,146,147,149,150,152,154,155,157,159,160,163,164,165
0240_00011	54,66,82,90,91,92,95,96,100,104,105,108,110,111,112,115,116,117,118,123,127,128,129,131,132,136,139,140,141,143,145,146,147,149,150,151,152,153,154,155,156,157,158,159,160,161,163,164,165
0240_00012	39,40,48,51,53,55,58,60,61,66,67,69,73,82,88,90,91,92,96,97,100,102,104,105,106,108,110,111,112,115,116,117,118,124,127,128,129,130,131,132,136,138,139,140,141,143,145,146,147,148,149,150,151,152,153,154,155,156,157,158,159,160,161,163,164,165
0240_00013	26,50,53,66,72,76,82,89,90,91,96,99,104,105,108,109,112,115,116,118,127,128,129,131,132,136,139,140,143,145,146,147,149,150,152,153,154,155,157,159,160,163,164,165
0240_00017	16,19,22,57,66,74,89,90,96,104,105,108,112,115,116,118,127,128,129,132,137,139,141,143,145,147,149,150,152,155,157,159,160,163,164,165
0240_00018	54,66,72,90,91,96,104,105,108,112,115,116,118,123,127,128,129,131,132,139,140,141,143,145,146,147,149,150,152,154,155,157,159,160,163,164,165
0240_00025	26,50,66,74,76,90,96,99,104,105,108,112,115,116,118,127,128,129,132,139,141,143,145,147,149,150,152,155,157,160,163,164,165
0240_00028	50,53,57,62,66,76,83,89,90,91,96,99,104,105,108,109,112,115,116,118,123,127,128,129,131,132,137,139,140,143,145,146,147,149,150,152,153,154,157,159,160,163,164,165
0240_00029	66,90,91,96,104,105,108,112,115,116,118,123,127,128,129,131,132,139,140,141,143,145,146,147,149,150,152,154,155,157,159,160,163,164,165
0240_00032	26,50,66,74,76,90,96,99,104,105,108,112,115,116,118,127,128,129,131,132,139,141,143,145,147,149,150,152,155,157,159,160,163,164,165
0240_00033	66,90,91,96,104,105,108,112,115,116,118,123,127,128,129,131,132,139,140,141,143,145,146,147,149,150,152,154,155,157,159,160,163,164,165
0240_00038	30,49,74,85,86,89,93,95,100,108,112,114,115,122,123,126,132,136,140,141,146,148,149,152,153,154,155,157,158,159,160,161,164
0240_00039	30,49,74,85,86,89,93,95,100,104,108,112,115,122,123,126,128,132,136,139,140,141,146,148,149,152,153,154,155,157,158,159,160,161,164
0240_00040	30,49,74,85,86,89,93,95,100,108,112,114,115,116,118,122,123,126,128,129,132,136,140,141,146,147,148,149,152,153,154,155,157,158,159,160,161,164
0240_00041	66,90,96,104,105,108,112,115,116,118,123,127,128,129,132,136,139,141,143,145,146,147,149,150,152,154,155,157,159,160,163,164,165
0240_00042	66,90,91,96,104,105,108,112,115,116,118,123,127,128,129,131,132,136,139,140,141,143,145,146,147,149,150,152,154,155,157,159,160,163,164,165
0240_00043	66,90,91,96,104,105,108,112,115,116,118,123,127,128,129,131,132,139,140,141,143,145,146,147,149,150,152,154,155,157,159,160,163,164,165
0240_00044	66,90,96,104,105,108,112,115,116,118,123,127,128,129,132,136,139,140,141,143,145,146,147,149,150,152,154,155,157,159,160,163,164,165
0240_00048	54,66,82,90,91,92,95,96,100,104,105,108,110,111,112,115,116,117,118,123,127,128,129,131,132,136,139,140,141,143,145,146,147,149,150,151,152,153,154,155,156,157,158,159,160,161,163,164,165
0240_00050	26,50,66,72,76,82,91,96,99,104,105,108,109,112,115,116,118,127,128,129,131,132,136,139,140,143,145,146,147,149,150,152,153,154,155,157,159,160,163,164,165
0240_00051	66,90,91,96,104,105,108,112,115,116,118,123,127,128,129,131,132,139,141,143,145,146,147,149,150,152,154,155,157,159,160,163,164,165
0240_00052	66,90,91,96,104,105,108,112,115,116,118,123,127,128,129,131,132,139,140,141,143,145,146,147,149,150,152,154,155,157,159,160,163,164,165
0240_00053	66,90,91,96,104,105,108,112,115,116,118,123,127,128,129,131,132,139,140,141,143,145,146,147,149,150,152,154,155,157,159,160,163,164,165
0240_00055	66,90,91,96,104,105,108,112,115,116,118,123,127,128,129,131,132,136,139,140,141,143,145,146,147,149,150,152,154,155,157,159,160,163,164,165
0240_00056	54,66,72,90,91,96,104,105,108,112,115,116,118,123,127,128,129,131,132,139,140,141,143,145,146,147,149,150,152,154,155,157,159,160,163,164,165
0240_00058	39,40,48,51,53,55,58,60,61,66,67,69,73,82,88,90,91,92,96,97,100,102,104,105,106,108,110,111,112,115,116,117,118,124,127,128,129,130,131,132,136,138,139,140,141,143,145,146,147,148,149,150,151,152,153,154,155,156,157,158,159,160,161,163,164,165
0240_00059	39,40,48,51,53,55,58,60,61,66,67,69,73,82,88,90,91,92,96,97,100,102,104,105,106,108,110,111,112,115,116,117,118,124,127,128,129,130,131,132,136,138,139,140,141,143,145,146,147,148,149,150,151,152,153,154,155,156,157,158,159,160,161,163,164,165
0240_00060	39,40,48,51,53,54,55,58,60,61,66,67,69,72,73,82,88,90,91,92,96,97,100,102,104,105,106,108,110,111,112,115,116,117,118,124,127,128,129,130,131,132,136,138,139,140,141,143,145,146,147,148,149,150,151,152,153,154,155,156,157,158,159,160,161,163,164,165
0240_00061	30,49,74,85,86,89,93,95,100,108,112,114,115,122,123,126,128,132,136,140,141,146,147,148,149,152,153,154,155,157,158,159,160,161,164
0240_00062	30,49,74,85,86,89,93,95,100,108,112,115,118,122,123,126,128,129,132,136,140,141,146,147,148,149,152,153,154,155,157,158,159,160,161,164,166
0240_00064	30,49,74,85,86,89,93,95,100,108,112,114,115,116,118,122,123,126,128,129,132,136,140,141,146,147,148,149,152,153,154,155,157,158,159,160,161,164
0240_00065	30,49,74,85,86,89,93,95,99,100,108,112,114,115,116,118,122,123,126,128,129,132,136,140,141,146,147,148,149,152,153,154,155,157,158,159,160,161,164
0240_00066	30,49,74,85,86,89,93,95,100,108,112,114,115,116,118,122,123,126,128,129,132,136,140,141,146,147,148,149,152,153,154,155,157,158,159,160,161,164
0240_00067	66,90,91,96,104,105,108,112,115,116,118,123,127,128,129,131,132,139,140,141,143,145,146,147,149,150,152,154,155,157,159,160,163,164,165
0240_00068	26,50,66,76,82,90,91,96,99,104,105,108,109,112,115,116,118,127,128,129,131,132,139,141,143,145,147,149,150,152,153,155,157,159,160,163,164,165
0240_00069	66,90,91,96,104,105,108,112,115,116,118,123,127,128,129,131,132,139,140,141,143,145,146,147,149,150,152,154,155,157,159,160,163,164,165
0240_00070	39,40,48,51,53,55,58,60,61,66,67,69,73,82,88,90,91,92,96,97,100,102,104,105,106,108,110,111,112,115,116,117,118,124,127,128,129,130,131,132,136,138,139,140,141,143,145,146,147,148,149,150,151,152,153,154,155,156,157,158,159,160,161,163,164,165
0240_00071	30,49,74,85,86,89,93,95,99,100,108,112,114,115,116,118,122,123,126,128,129,132,136,140,141,146,147,148,149,152,153,154,155,157,158,159,160,161,164
0240_00073	30,49,74,85,86,89,93,95,100,104,108,112,115,122,123,132,139,141,146,148,149,152,153,154,155,157,158,159,160,161,164
0240_00074	30,49,74,85,86,89,93,95,100,108,112,115,122,123,126,132,136,140,141,146,148,149,152,153,154,155,157,158,159,160,161,164
0240_00075	30,49,74,85,86,89,93,95,100,108,112,115,122,123,126,128,132,136,140,141,146,148,149,152,153,154,155,157,158,159,160,161,164
0240_00076	30,49,74,85,86,89,90,91,93,95,100,104,108,112,115,118,122,123,126,128,132,136,139,140,141,146,147,148,149,152,153,154,155,157,158,159,160,161,164
0240_00077	30,49,74,85,86,89,90,91,93,95,100,104,108,112,114,115,116,118,122,123,126,128,129,132,136,139,140,141,146,147,148,149,152,153,154,155,157,158,159,160,161,164
0240_00086	30,49,50,74,76,85,86,89,93,95,99,100,108,112,115,122,123,126,132,136,140,141,146,148,149,152,153,154,155,157,158,159,160,161,164
0240_00087	30,49,74,85,86,89,93,95,100,108,112,114,115,116,118,122,123,126,128,132,136,140,141,146,147,148,149,152,153,154,155,157,158,159,160,161,164
0240_00089	30,49,74,85,86,89,93,95,99,100,108,112,114,115,116,118,122,123,126,129,132,136,140,141,146,147,148,149,152,153,154,155,157,158,159,160,161,164
0240_00090	30,49,74,85,86,89,93,95,100,108,112,114,115,116,118,122,123,126,128,129,132,136,140,141,146,147,148,149,152,153,154,155,157,158,159,160,161,164
0240_00092	30,49,74,85,86,89,93,95,99,100,108,112,114,115,116,118,122,123,126,128,129,132,136,140,141,146,147,148,149,152,153,154,155,157,158,159,160,161,164
0240_00093	30,49,74,85,86,89,93,95,100,108,112,114,115,116,118,122,123,126,128,129,132,136,140,141,146,147,148,149,152,153,154,155,157,158,159,160,161,164
0240_00094	30,49,74,85,86,89,93,95,99,100,108,112,114,115,116,118,122,123,126,128,129,132,136,140,141,146,147,148,149,152,153,154,155,157,158,159,160,161,164
0240_00095	30,49,74,85,86,89,93,95,100,108,112,114,115,116,118,122,123,126,128,129,132,136,140,141,146,147,148,149,152,153,154,155,157,158,159,160,161,164
0240_00101	74,90,91,104,108,115,116,118,123,128,129,132,139,147,149,154,155,157,159,160,164
0240_00113	74,91,104,108,115,116,118,123,128,129,132,139,141,147,149,154,155,157,159,160,164
0240_00122	91,99,108,114,115,116,118,123,128,129,139,147,154,155,157,159,160,164
0240_00140	66,74,91,104,112,115,123,131,132,136,139,140,146,149,154,155,157,159,160,164
0240_00150	90,91,99,104,118,123,128,129,131,132,136,139,140,146,147,154,155,157,159,164
0240_00157	74,123,139,149,154,157,159,160,164
0240_00159	34,90,91,99,104,118,123,128,129,132,139,147,154,155,157,159,164
0240_00161	82,90,91,99,104,109,118,123,128,129,131,132,139,146,147,153,154,155,157,159,164
0240_00162	82,90,91,104,109,118,123,128,129,131,132,139,146,147,153,154,155,157,159,164
0240_00164	17,90,91,99,104,108,114,115,116,118,123,128,129,132,139,147,154,155,157,159,160,164
0240_00175	90,91,104,108,114,115,116,118,123,128,129,132,139,147,154,155,157,159,160,164
0240_00181	90,104,114,115,123,132,139,147,154,155,157,159,160,164
0240_00185	90,91,104,118,123,128,129,131,132,136,139,140,146,147,154,155,157,159,164
0240_00188	90,91,99,104,108,114,115,116,118,123,128,129,131,132,139,146,147,152,154,155,157,159,160,164
0240_00189	54,72,82,90,91,104,109,118,123,128,129,131,132,139,140,146,147,152,153,154,155,157,159,164
0240_00192	90,91,99,104,108,114,115,116,118,123,128,129,132,139,147,154,155,157,159,160,164
0240_00195	29,38,43,48,54,57,62,65,69,72,75,77,79,80,83,85,89,90,91,92,95,96,97,98,102,105,106,109,110,112,113,117,120,121,122,124,126,127,130,131,132,133,136,137,139,140,142,143,146,148,150,151,152,153,154,155,156,157,158,159,161,162,163,164,165
0240_00196	25,38,43,53,54,57,62,65,72,75,77,79,80,82,83,84,85,89,90,91,92,95,96,97,98,105,106,109,110,113,117,120,121,122,127,131,132,133,135,137,139,140,142,143,146,148,150,151,152,153,154,155,156,157,158,159,161,162,163,164,165
0240_00197	37,53,57,62,65,72,75,77,80,82,83,85,89,90,91,92,96,97,98,104,106,109,110,111,113,117,120,121,122,127,128,129,131,132,133,136,137,139,140,142,143,144,146,148,150,151,152,153,154,155,156,157,158,159,160,161,162,163,164,165
0240_00198	29,38,43,48,57,62,65,69,72,75,77,79,80,83,84,85,89,90,92,96,97,98,102,104,105,106,109,110,111,112,117,120,121,122,124,126,127,128,129,130,131,132,133,135,137,139,140,142,143,146,148,150,151,152,153,155,156,157,158,159,161,162,163,164,165
0240_00200	29,48,49,54,57,62,65,69,72,75,80,83,84,85,89,90,91,92,95,96,97,98,102,106,109,110,112,117,120,121,122,124,126,127,130,131,132,133,136,137,139,140,142,143,146,148,150,151,152,153,154,155,156,157,158,159,161,162,163,164,165
0240_00201	38,54,57,62,65,72,75,77,79,80,83,84,85,86,88,89,90,91,92,93,95,96,97,98,105,110,115,117,120,121,122,127,131,132,133,135,137,139,142,143,146,148,150,151,152,153,155,156,157,158,159,160,161,162,163,164,165
0240_00202	53,54,57,72,82,89,90,92,95,97,98,104,109,110,112,117,123,127,131,132,133,136,137,139,140,143,146,150,151,152,153,154,155,156,157,158,159,160,161,163,164,165
0240_00203	54,65,83,90,91,92,95,96,104,105,108,110,111,117,121,123,131,136,137,139,142,146,151,154,155,156,157,158,159,160,161,162,163,164,165
0240_00204	25,38,43,54,65,77,79,80,82,84,90,91,92,95,97,98,100,104,105,106,110,111,113,117,120,121,123,125,127,131,132,133,135,136,137,139,140,142,143,145,146,147,151,153,154,155,156,157,158,159,161,162,163,164,165
0240_00207	29,38,48,49,54,57,62,65,69,72,75,77,79,80,83,84,85,89,90,91,92,95,96,97,98,102,105,106,109,110,112,117,120,121,122,124,125,126,127,130,131,132,133,135,136,137,138,139,140,142,143,145,146,148,150,151,152,153,154,155,156,157,158,159,161,162,163,164,165
0240_00217	25,43,77,78,84,90,95,100,104,106,119,123,131,132,139,142,151,153,154,155,156,157,158,159,161,164
0240_00226	37,43,53,65,77,80,89,92,97,98,106,110,113,117,120,121,127,131,136,137,142,143,151,154,156,159,161,162,163,164,165
0240_00228	37,43,53,77,80,82,89,90,91,92,97,98,100,104,106,110,111,117,120,121,127,131,132,136,137,142,143,147,151,153,154,156,158,159,161,163,164,165
0240_00234	25,43,75,77,78,79,83,85,86,90,91,92,93,95,96,97,100,104,106,110,111,115,117,119,120,121,122,127,131,132,133,137,142,143,148,150,151,153,154,156,158,160,161,164,165
0240_00238	25,43,77,78,84,85,86,90,93,95,100,104,106,115,119,122,123,131,132,139,142,148,151,153,154,155,156,157,158,159,160,161,164
0240_00248	38,65,77,79,80,83,96,98,105,120,121,137,142,151,156,161,162,163,165
0240_00250	37,38,43,53,54,65,77,79,80,83,89,92,95,96,97,98,105,106,110,113,117,120,121,127,131,136,137,142,143,151,154,156,159,161,162,163,164,165
0240_00253	25,38,43,54,65,77,79,80,83,84,92,95,96,97,98,105,106,110,113,117,120,121,127,131,133,135,137,142,143,151,154,156,158,161,162,163,164,165
0240_00260	14,54,67,84,88,90,95,104,111,123,124,129,131,136,138,139,140,142,146,151,153,154,155,156,157,158,159,161,164
0240_00262	37,43,54,77,82,84,90,91,95,100,104,106,110,111,117,118,123,131,136,139,142,146,147,151,153,154,155,156,157,158,159,161,164
0240_00267	65,97,98,121,123,137,139,154,157,159,161,162,163,164,165
0240_00279	54,84,90,95,104,111,123,131,139,151,154,155,156,157,158,159,161,162,163,164,165
0240_00280	54,84,90,95,104,111,113,123,127,131,139,143,146,151,152,154,155,156,157,158,159,161,162,163,164,165
0240_00284	37,38,53,54,57,62,65,72,75,77,80,82,83,84,85,89,90,91,92,95,96,97,98,106,109,110,113,117,120,121,122,127,131,132,133,135,137,139,140,142,143,144,146,148,150,151,152,153,154,155,156,157,158,159,161,162,163,164,165
0240_00285	29,37,38,43,48,57,62,65,69,72,75,77,80,83,84,85,89,90,92,96,97,98,102,104,106,109,110,111,112,113,117,120,121,122,124,126,127,128,129,130,131,132,133,135,136,137,139,140,142,143,144,146,148,150,151,152,153,154,155,156,157,158,159,161,162,163,164,165
0240_00286	53,54,65,77,79,80,82,83,84,90,92,95,96,97,100,104,110,111,117,120,121,123,128,131,132,136,137,139,142,146,147,151,153,154,155,156,157,158,159,161,162,164,165
0240_00289	54,84,90,91,95,97,104,111,123,131,132,133,135,136,139,142,144,146,150,151,152,154,155,156,157,158,159,161,162,163,164,165
0240_00290	37,38,43,53,54,57,62,65,72,75,77,79,80,82,83,85,89,90,91,92,95,96,97,98,105,106,109,110,113,117,120,121,122,127,131,132,133,136,137,139,140,142,143,146,148,150,151,152,153,154,155,156,157,158,159,161,162,163,164,165
0240_00292	25,29,38,43,48,57,62,65,69,72,75,77,79,80,83,84,85,89,90,92,95,96,97,98,102,104,105,106,109,110,111,112,113,117,120,121,122,124,126,127,128,129,130,131,132,133,135,136,137,139,140,142,143,146,148,150,151,152,153,154,155,156,157,158,159,161,162,163,164,165
0240_00293	29,38,43,48,54,57,62,65,69,72,75,77,79,80,83,84,85,89,90,91,92,95,96,97,98,102,105,106,109,110,112,117,120,121,122,124,126,127,130,131,132,133,135,137,139,140,142,143,146,148,150,151,152,153,155,156,157,158,159,161,162,163,164,165
0240_00297	54,65,83,84,90,91,95,96,104,105,111,121,123,131,137,139,142,151,154,155,156,157,158,159,161,162,163,164,165
0240_00298	38,53,54,57,62,65,72,75,77,78,79,80,82,83,85,89,90,91,92,93,95,96,97,98,105,109,110,117,119,120,121,122,127,131,132,133,135,137,139,140,142,143,144,146,148,150,151,152,153,155,156,157,158,159,160,161,162,163,164,165
0240_00299	30,49,74,85,86,89,90,91,93,95,100,104,108,112,115,118,122,123,126,128,132,136,139,140,141,146,147,148,149,152,153,154,155,157,158,159,160,161,164
0240_00300	53,54,57,72,82,89,90,91,98,109,120,123,126,127,131,132,137,138,139,140,143,145,146,150,152,153,155,157,159,163,164,165
0240_00301	29,30,37,38,48,49,54,57,62,65,69,72,74,75,77,80,83,84,85,86,89,90,91,92,93,95,96,97,98,100,102,106,109,110,111,112,113,115,116,117,120,121,122,124,126,127,130,131,132,133,135,136,137,138,139,140,141,142,143,144,146,147,148,149,150,151,152,153,154,155,156,157,158,159,160,161,162,163,164,165
0240_00309	30,49,74,85,86,89,93,95,100,108,112,114,115,116,118,122,123,126,128,129,132,136,140,141,146,147,148,149,152,153,154,155,157,158,159,160,161,164
0240_00316	29,43,48,53,69,82,84,90,97,100,102,104,106,111,112,124,130,131,132,138,139,146,147,148,151,153,155,158,159,161,164
0240_00320	39,40,48,51,53,54,55,58,60,61,67,69,73,84,88,90,95,97,102,104,106,111,112,123,124,130,131,132,136,139,140,146,148,151,153,154,155,156,157,158,159,161,164
0240_00329	53,54,82,84,88,90,91,95,104,111,123,131,139,147,151,153,154,155,156,157,158,159,161,164
0240_00330	30,49,74,85,86,93,95,100,112,115,122,123,132,141,148,149,153,154,155,157,158,159,160,161,164
0240_00331	54,84,90,91,95,104,111,114,115,123,131,139,147,151,154,155,156,157,158,159,160,161,164
0240_00335	25,43,77,78,82,84,90,91,100,104,106,111,118,119,129,131,138,142,147,151,153,155,156,158,161
0240_00338	53,54,82,83,90,91,95,96,97,100,104,111,121,123,127,131,132,137,139,143,146,151,152,153,154,156,157,158,159,161,164,165
0240_00340	53,54,90,93,95,97,104,111,116,123,131,132,136,139,140,146,151,154,155,156,157,158,159,160,161,164
0240_00346	82,90,91,92,100,104,108,110,111,116,117,118,123,131,132,136,139,146,147,151,153,154,155,156,157,158,159,160,161,164
0240_00347	54,84,90,91,95,104,111,118,123,131,132,136,139,140,146,147,151,154,155,156,157,158,159,161,164
0240_00348	54,90,91,93,95,104,108,111,116,123,131,132,136,139,140,146,147,151,154,155,156,157,158,159,160,161,164
0240_00352	53,54,72,82,89,90,91,104,109,123,131,132,139,140,146,152,153,154,155,157,159,164
0240_00359	29,43,48,53,54,57,69,72,84,89,90,91,95,97,98,102,106,109,112,123,124,126,127,130,131,132,133,137,139,140,143,146,148,150,151,152,153,155,156,157,158,159,161,163,164,165
0240_00361	53,80,82,84,86,90,100,104,111,118,128,129,131,138,142,147,151,153,155,158,161
0240_00365	53,54,65,77,79,80,83,84,90,95,96,104,111,120,121,123,131,137,139,142,151,154,155,156,157,158,159,161,162,164,165
0240_00367	54,65,75,77,79,80,83,84,85,90,93,95,96,104,108,111,120,121,122,123,131,137,139,142,148,151,154,155,156,157,158,159,160,161,162,164,165
0240_00368	54,84,90,91,95,104,111,118,123,131,136,139,140,142,146,147,151,154,155,156,157,158,159,161,164
0240_00369	54,84,86,88,90,91,95,104,111,123,129,131,136,138,139,140,142,146,147,151,153,154,155,156,157,158,159,161,164
0240_00371	37,38,65,75,77,79,80,83,85,89,92,93,95,96,97,98,105,106,110,113,117,120,121,122,127,136,137,142,143,144,148,149,150,151,154,156,158,159,160,161,162,163,164,165
0240_00372	37,38,65,75,77,79,80,83,85,89,92,93,95,96,97,98,105,106,110,113,117,120,121,122,127,136,137,142,143,144,148,149,150,151,154,156,158,159,160,161,162,163,164,165
0240_00374	37,38,65,75,77,79,80,83,85,89,92,93,95,96,97,98,105,106,110,113,117,120,121,122,127,136,137,141,142,143,144,148,149,150,154,156,158,159,160,161,162,163,164,165
0240_00377	54,84,90,91,95,97,104,109,111,118,123,126,128,129,131,132,136,139,140,146,147,151,153,154,155,156,157,158,159,161,164
0240_00378	14,54,67,84,88,90,91,95,104,111,118,123,124,128,129,131,136,138,139,140,142,146,147,151,153,154,155,156,157,158,159,161,164
0240_00380	53,65,82,89,91,95,97,98,109,113,121,123,127,131,137,139,140,143,144,146,150,152,153,154,155,156,157,159,160,161,162,163,164,165
0240_00381	37,53,57,62,65,72,75,77,80,82,83,85,89,90,91,92,96,97,98,104,106,109,110,111,113,117,120,121,122,127,128,129,131,132,133,136,137,139,140,142,143,144,146,148,150,151,152,153,154,155,156,157,158,159,161,162,163,164,165
0240_00382	37,38,53,57,62,65,72,75,77,80,82,83,84,85,89,90,91,92,96,97,98,104,106,109,110,111,113,117,120,121,122,127,128,129,131,132,133,135,137,139,140,142,143,144,146,148,150,151,152,153,154,155,156,157,158,159,161,162,163,164,165
0240_00387	25,29,38,43,48,57,62,65,69,72,75,77,79,80,83,84,85,89,90,91,92,95,96,97,98,102,105,106,109,110,112,113,117,120,121,122,124,127,130,131,132,133,135,136,137,139,140,142,143,145,146,148,150,151,152,153,154,156,157,158,159,161,162,163,164,165
0240_00389	38,54,57,62,65,72,75,77,79,80,83,84,85,89,92,95,96,97,98,105,110,117,120,121,122,127,131,133,135,137,139,142,143,146,148,150,151,152,156,157,158,159,160,161,162,163,164,165
0240_00390	25,38,43,53,57,62,65,72,75,77,79,80,82,83,84,85,89,90,91,92,95,96,97,98,104,105,106,109,110,111,113,117,120,121,122,127,128,129,131,132,133,135,137,139,140,142,143,146,148,150,151,152,153,154,155,156,157,158,159,161,162,163,164,165
0240_00391	25,29,38,43,48,54,57,62,65,69,72,75,77,79,80,83,84,85,89,90,91,92,95,96,97,98,102,105,106,109,110,112,113,117,120,121,122,124,126,127,130,131,132,133,135,136,137,139,140,142,143,146,148,150,151,152,153,154,155,156,157,158,159,161,162,163,164,165
0240_00398	53,80,82,84,86,90,91,100,104,111,118,128,129,131,138,142,147,151,153,155,158,161
0240_00399	29,36,38,47,48,49,65,69,75,77,80,81,83,84,85,88,90,91,96,98,100,102,106,108,109,112,116,120,121,122,124,126,128,130,131,132,133,135,137,138,139,140,142,144,146,147,148,149,150,151,153,155,156,157,158,159,160,161,162,163,164,165
0240_00408	54,79,82,84,86,88,90,91,92,95,100,104,108,110,111,114,115,116,117,118,123,128,129,131,132,136,138,139,140,142,146,147,151,153,154,155,156,157,158,159,160,161,164
0240_00409	37,38,53,54,65,72,75,77,79,80,82,85,89,90,91,92,95,97,98,100,104,105,106,109,110,113,117,120,121,122,127,128,131,132,136,137,138,139,140,142,143,144,145,146,148,149,150,151,152,153,154,155,156,157,158,159,160,161,162,163,164,165
0240_00412	30,49,74,85,86,89,93,95,100,108,112,114,115,116,118,122,123,126,128,129,132,136,140,141,146,147,148,149,152,153,154,155,157,158,159,160,161,164
0240_00425	25,29,43,48,53,69,77,78,84,85,86,90,93,94,95,97,100,102,104,106,112,115,117,119,122,123,124,130,131,132,136,139,140,142,146,148,151,153,154,155,156,157,158,159,160,161,164
0240_00432	25,43,77,78,84,90,91,100,104,106,111,118,119,123,131,132,139,142,147,151,153,154,155,156,157,158,159,161,164
0240_00437	29,30,48,49,69,74,85,86,90,91,93,95,100,102,106,109,111,112,115,116,122,124,126,130,132,138,139,140,141,146,147,148,149,153,155,157,158,159,160,161,164
0240_00441	37,38,43,65,77,80,84,97,98,106,110,113,117,120,121,127,131,133,135,137,142,143,144,150,151,154,156,158,160,161,162,163,164,165
0240_00443	53,65,77,79,80,82,83,84,90,96,100,104,111,120,121,131,137,142,147,151,153,155,156,158,161,162,165
0240_00444	82,84,90,91,95,100,104,123,129,131,132,136,139,146,147,151,152,153,154,155,157,158,159,161,164
0240_00445	54,92,95,110,117,123,131,136,139,146,149,151,154,156,157,158,159,160,161,164
0240_00450	53,54,72,82,84,89,90,91,95,97,104,109,123,131,132,139,140,146,151,152,153,154,155,156,157,158,159,161,164
0240_00455	54,86,88,90,91,92,93,95,104,108,110,111,115,116,117,123,131,136,139,146,147,149,151,153,154,155,156,157,158,159,160,161,164
0240_00456	53,54,57,72,82,89,90,91,93,98,109,123,126,127,131,132,137,139,140,143,146,150,152,153,155,157,159,160,163,164,165
0240_00457	30,49,74,85,86,93,100,108,111,112,115,116,118,122,123,132,141,147,148,149,153,154,155,157,158,159,160,161,164
0240_00458	30,49,74,85,86,89,93,95,100,104,108,112,115,122,123,132,139,141,146,148,149,152,153,154,155,157,158,159,160,161,164
0240_00459	53,80,82,84,86,90,91,100,104,111,118,128,129,131,138,142,147,151,153,155,158,161
0240_00464	53,65,82,84,90,91,95,97,98,100,108,109,113,121,127,129,131,137,138,139,142,143,144,150,151,152,153,155,156,157,158,159,160,161,162,163,164,165
0240_00465	54,82,84,90,91,92,95,100,104,108,110,111,117,118,123,129,131,136,139,142,146,147,151,153,154,155,156,157,158,159,160,161,164
0240_00466	25,54,74,77,78,84,85,86,90,91,93,95,100,104,106,108,111,118,119,122,123,131,139,142,147,148,149,151,153,154,155,156,157,158,159,160,161,164
0240_00468	24,49,54,56,63,70,71,84,89,90,94,95,102,104,111,113,119,122,123,124,127,130,131,133,135,136,139,140,142,143,144,146,148,150,151,152,154,155,156,157,158,159,161,162,163,164,165
0240_00469	29,37,38,48,57,62,65,69,72,75,77,80,82,83,84,85,89,92,95,96,97,98,101,102,105,106,109,110,112,113,117,120,121,122,124,127,130,131,132,133,135,136,137,139,140,142,143,144,146,148,150,151,152,153,154,155,156,157,158,159,161,162,163,164,165
0240_00471	54,72,82,84,93,95,100,104,113,126,127,131,132,139,143,144,146,150,151,152,153,155,157,158,159,160,161,162,163,164,165
0240_00472	29,37,38,43,48,54,57,62,65,69,72,75,77,80,83,84,85,89,90,91,92,95,96,97,98,102,106,109,110,112,113,117,120,121,122,124,126,127,130,131,132,133,135,136,137,139,140,142,143,144,146,148,150,151,152,153,154,155,156,157,158,159,161,162,163,164,165
0240_00477	29,38,43,48,53,54,57,62,65,69,72,75,77,79,80,83,84,85,89,90,91,92,95,96,97,102,106,109,110,112,117,120,121,122,124,126,127,130,131,132,133,135,136,137,139,140,142,143,144,146,148,150,151,152,153,154,155,156,157,158,159,161,162,164,165
0240_00479	30,49,74,84,85,86,90,91,93,95,100,104,108,111,112,115,116,118,122,123,129,141,142,147,148,149,151,153,154,155,156,157,158,159,160,161,164
0240_00568	65,83,84,90,91,92,96,104,105,110,111,117,121,131,132,137,142,151,154,155,156,158,161,162,163,164,165
0240_00569	72,93,99,113,123,126,127,131,139,140,143,144,146,150,152,154,157,159,160,162,163,164,165
0240_00570	65,82,83,90,91,96,104,105,109,121,131,132,137,139,147,151,153,155,156,157,161,162,163,164,165
0240_00571	65,82,83,84,90,91,96,100,104,105,111,121,131,137,142,147,151,153,155,156,158,161,162,163,165
0240_00574	38,50,54,65,74,76,77,79,80,82,83,91,96,98,99,100,105,116,120,121,131,133,135,137,142,149,151,153,155,156,158,160,161,162,163,165
0240_00577	65,95,98,105,121,123,125,137,139,145,154,156,157,159,161,162,163,164,165
0240_00582	54,65,79,83,84,90,91,92,95,96,104,105,110,111,117,121,131,137,142,151,154,155,156,158,161,162,163,164,165
0240_00583	54,90,92,95,104,108,110,111,117,123,131,136,139,146,151,154,155,156,157,158,159,160,161,162,163,164,165
0240_00584	65,82,83,86,90,91,93,96,100,104,105,111,115,116,121,131,137,142,147,151,153,155,156,158,160,161,162,163,165
0240_00586	37,38,43,53,65,77,79,80,89,92,95,97,98,105,106,110,113,117,120,121,125,127,131,136,137,142,143,144,145,149,150,151,154,156,159,160,161,162,163,164,165
0240_00587	65,82,83,90,91,92,93,96,100,104,105,108,110,111,113,116,117,121,126,127,131,137,142,143,147,149,151,152,153,154,155,156,157,158,159,160,161,162,163,164,165
0240_00588	27,54,84,87,90,95,104,107,111,113,123,125,126,127,131,134,139,140,143,144,145,146,150,151,152,154,155,156,157,158,159,161,162,163,164,165
0240_00589	26,50,53,66,72,76,82,89,90,91,96,99,104,105,108,109,112,115,116,118,127,128,129,131,132,136,139,140,143,145,146,147,149,150,152,153,154,155,157,159,160,163,164,165
0240_00591	26,50,66,72,76,89,90,91,96,99,104,105,108,109,112,115,116,118,123,126,127,128,129,131,132,136,139,140,141,143,145,146,147,149,150,152,153,154,155,157,159,160,163,164,165
0240_00592	54,66,82,90,91,92,95,96,100,104,105,108,110,111,112,115,116,117,118,123,127,128,129,131,132,136,139,140,141,143,145,146,147,149,150,151,152,153,154,155,156,157,158,159,160,161,163,164,165
0240_00593	54,66,82,90,91,92,95,96,100,104,105,108,110,111,112,115,116,117,118,123,127,128,129,131,132,136,139,140,141,143,145,146,147,149,150,151,152,153,154,155,156,157,158,159,160,161,163,164,165
0240_00610	50,74,76,82,99,109,116,139,149,153,155,157,160,164
0240_00620	91,104,115,123,131,132,136,139,140,146,154,155,157,159,160,164
0240_00623	25,38,43,65,77,79,80,84,92,95,97,98,105,106,110,113,117,120,121,125,127,131,133,135,137,142,143,145,151,154,156,158,161,162,163,164,165
0240_00624	38,47,59,64,65,77,79,80,81,83,88,93,96,98,105,120,121,137,142,151,156,160,161,162,163,165
0240_00625	113,127,139,143,152,157,162,163,164,165
0240_00629	54,84,95,113,127,131,133,135,139,143,144,150,151,152,156,157,158,161,162,163,164,165
0240_00631	75,83,85,90,91,92,95,96,100,108,110,111,116,117,118,121,122,123,136,137,139,146,147,148,150,153,154,156,157,158,159,160,161,164,165
0240_00632	90,91,104,118,123,128,129,131,132,136,139,140,146,147,154,155,157,159,164
0240_00633	154,162,163,164,165
0240_00635	123,139,154,157,159,162,163,164,165
0240_00636	113,127,139,143,152,154,157,159,162,163,164,165
0240_00637	113,127,139,143,152,154,157,159,162,163,164,165
0240_00641	84,123,131,133,135,139,151,154,156,157,158,159,161,162,163,164,165
0240_00642	53,84,97,123,131,133,135,139,144,150,151,154,156,157,158,159,161,162,163,164,165
0240_00651	14,36,67,81,83,84,88,90,91,92,96,104,110,111,117,118,120,124,128,129,132,137,147,151,153,154,155,156,158,161,164,165
0240_00658	25,38,43,53,54,65,72,77,78,79,80,82,84,90,91,92,95,97,98,100,105,106,108,110,111,113,117,119,120,121,127,131,133,135,137,139,142,143,144,145,146,151,152,153,154,156,157,158,159,160,161,162,163,164,165
0240_00659	72,82,84,93,100,104,111,113,126,127,131,139,143,144,147,150,151,152,153,155,157,158,159,160,161,162,163,164,165
0240_00660	54,72,99,113,123,127,131,139,140,143,144,146,150,152,154,157,159,162,163,164,165
0240_00661	72,90,113,123,127,131,132,136,139,140,143,146,152,154,155,157,159,162,163,164,165
0240_00662	27,54,84,87,90,95,104,107,111,113,123,127,131,134,139,143,144,146,150,151,152,154,155,156,157,158,159,161,162,163,164,165
0240_00665	36,37,43,54,77,79,81,83,88,90,91,96,101,104,105,106,110,111,117,118,120,121,123,127,128,129,131,132,136,137,139,142,143,146,147,151,153,154,155,156,157,158,159,161,164,165
0240_00666	37,43,54,77,79,83,90,91,96,104,106,108,110,111,116,117,118,120,121,123,127,128,129,131,132,136,137,139,142,143,146,147,150,151,154,155,156,157,158,159,160,161,164,165
0240_00667	90,91,104,118,123,128,129,131,132,136,139,140,146,147,154,155,157,159,164
0240_00669	65,98,105,121,123,125,137,139,145,154,156,157,159,161,162,163,164,165
0240_00670	65,83,90,91,96,105,121,132,137,151,154,155,156,161,162,163,164,165
0240_00671	65,83,90,91,96,104,105,113,121,123,127,131,132,137,139,143,146,151,152,154,155,156,157,159,161,162,163,164,165
0240_00672	65,83,90,91,93,96,105,116,121,123,126,132,137,151,154,155,156,157,159,160,161,162,163,164,165
0240_00673	65,83,90,91,96,105,108,109,114,121,123,126,129,132,137,151,153,154,155,156,157,159,160,161,162,163,164,165
0240_00674	65,82,83,90,91,92,96,100,104,105,108,110,111,113,116,117,121,127,131,137,139,142,143,147,151,152,153,154,155,156,157,158,159,160,161,162,163,164,165
0240_00675	53,54,57,72,82,83,89,90,91,96,98,109,112,120,123,126,127,128,131,132,137,138,139,140,143,146,150,152,153,155,157,159,163,164,165
0240_00676	53,54,57,72,82,89,90,91,98,109,120,123,126,127,131,132,137,138,139,140,143,145,146,150,152,153,155,157,159,163,164,165
0240_00677	53,54,57,72,82,89,90,91,98,109,120,123,126,127,131,132,137,138,139,140,143,145,146,150,152,153,155,157,159,163,164,165
0240_00678	53,54,57,72,82,89,90,91,98,109,120,123,126,127,131,132,137,138,139,140,143,145,146,150,152,153,155,157,159,163,164,165
0240_00679	53,54,57,72,82,83,89,90,91,96,98,104,109,112,120,123,126,127,128,131,132,137,138,139,140,143,146,150,152,153,155,157,159,163,164,165
0240_00697	43,65,89,92,98,110,113,117,121,127,131,137,139,143,151,154,156,157,159,161,162,163,164,165
0240_00698	54,65,83,95,96,121,123,131,137,139,151,154,156,157,159,161,162,164,165
0240_00705	90,91,104,115,116,123,131,132,136,139,140,146,147,154,155,157,159,160,164
0240_00706	90,91,104,118,123,129,131,132,136,139,140,146,147,154,155,157,159,164
0240_00707	90,91,93,104,108,116,118,123,126,132,136,139,140,146,147,154,155,157,159,160,164
0240_00709	17,123,139,154,157,159,164
0240_00710	53,54,57,72,82,83,89,90,91,96,104,109,112,123,127,128,131,132,137,138,139,140,143,146,150,152,153,155,157,159,164,165
0240_00711	53,54,57,72,82,89,90,91,98,104,109,112,123,127,129,131,132,137,138,139,140,143,146,150,152,153,155,157,159,163,164,165
0240_00712	53,54,72,89,127,131,139,140,143,146,150,152,157,159,163,164,165
0240_00713	53,54,57,72,82,89,90,91,98,109,123,127,131,132,137,139,140,143,146,150,152,153,155,157,159,163,164,165
0240_00714	53,54,57,72,82,89,90,91,98,109,123,127,131,132,137,139,140,143,146,150,152,153,155,157,159,163,164,165
0240_00715	53,54,57,72,82,89,90,91,98,109,123,127,131,132,137,139,140,143,146,150,152,153,155,157,159,163,164,165
0240_00716	53,54,57,72,82,89,90,91,98,109,123,127,131,132,137,139,140,143,146,150,152,153,155,157,159,163,164,165
0240_00717	53,54,72,82,89,90,91,104,109,131,132,138,139,140,146,152,153,154,155,157,159,164
0240_00718	53,54,57,72,82,89,90,91,98,104,109,112,123,127,129,131,132,137,138,139,140,143,146,150,152,153,155,157,159,163,164,165
0240_00723	38,54,65,75,77,78,79,80,83,85,93,96,98,105,119,120,121,122,131,133,135,137,142,148,151,156,158,160,161,162,163,165
0240_00728	53,84,89,92,97,110,113,117,127,131,139,143,144,150,151,152,154,156,157,158,159,161,162,163,164,165
0240_00733	74,84,85,86,93,122,133,135,142,148,149,151,156,158,160,161,162,163,165
0240_00735	54,74,90,92,95,104,108,110,111,115,117,123,131,136,139,141,146,149,151,154,155,156,157,158,159,160,161,164
0240_00747	54,72,82,93,104,109,113,126,127,131,132,139,140,143,144,146,150,152,153,155,157,159,160,162,163,164,165
0240_00749	99,154,162,163,164,165
0240_00750	83,92,96,105,110,117,121,127,135,137,143,144,150,151,154,156,158,160,161,162,163,164,165
0240_00756	93,96,99,108,114,116,123,126,127,128,129,132,136,143,146,147,149,150,152,154,155,157,159,160,164,165
0240_00758	27,54,84,87,90,95,104,107,111,113,123,125,126,127,131,134,139,140,143,144,145,146,150,151,152,154,155,156,157,158,159,161,162,163,164,165
0240_00759	27,54,84,87,90,95,104,107,111,113,123,125,126,127,131,134,139,140,143,144,145,146,150,151,152,154,155,156,157,158,159,161,162,163,164,165
0240_00764	54,72,82,89,90,104,108,109,114,115,116,118,123,126,128,129,131,132,138,139,140,146,147,152,153,154,155,157,159,160,164
0240_00773	53,54,82,84,89,90,91,95,104,108,109,111,114,115,116,118,128,129,131,132,139,147,151,152,153,155,156,157,158,159,160,161,164
0240_00779	26,50,53,66,72,76,82,89,90,91,96,99,104,105,108,109,112,115,116,118,127,128,129,131,132,136,139,140,143,145,146,147,149,150,152,153,154,155,157,159,160,163,164,165
0240_00780	26,50,66,72,76,82,91,96,99,104,105,108,109,112,115,116,118,127,128,129,131,132,136,139,140,143,145,146,147,149,150,152,153,154,155,157,159,160,163,164,165
0240_00784	26,50,66,72,76,96,99,105,108,109,112,115,116,118,123,126,127,128,129,132,136,140,141,143,145,146,147,149,150,152,153,154,155,157,159,160,163,164,165
0240_00786	108,109,114,115,116,118,123,126,128,129,136,138,140,141,144,146,147,149,150,153,154,155,157,159,160,162,163,164,165
0240_00794	39,40,48,51,53,55,58,60,61,66,67,69,73,82,88,90,91,92,96,97,100,102,104,105,106,108,110,111,112,115,116,117,118,124,127,128,129,130,131,132,136,138,139,140,141,143,145,146,147,148,149,150,151,152,153,154,155,156,157,158,159,160,161,163,164,165
0240_00809	50,74,76,99,105,108,115,116,118,127,128,129,136,141,143,144,145,147,149,150,152,154,155,159,160,162,163,164,165
0240_00820	65,77,79,83,96,105,120,121,137,142,144,149,150,151,156,160,161,162,163,165
0240_00828	54,72,90,91,104,123,131,132,136,139,140,146,147,152,154,155,157,159,164
0240_00831	54,82,90,92,95,100,104,108,110,114,115,117,123,128,131,132,136,139,146,149,151,153,154,155,156,157,158,159,160,161,164
0240_00834	90,91,99,104,118,123,129,131,132,136,139,140,146,147,154,155,157,159,164
0240_00835	53,54,66,72,74,89,90,104,112,116,123,131,132,136,139,140,146,149,152,154,155,157,159,160,164
0240_00836	65,83,90,91,96,104,105,118,121,123,131,132,137,139,147,151,154,155,156,157,159,161,162,163,164,165
0240_00837	53,54,66,72,89,90,91,104,112,116,123,131,132,136,139,140,146,152,154,155,157,159,160,164
0240_00845	53,66,89,91,104,112,115,123,131,132,136,139,140,146,152,154,155,157,159,160,164
0240_00847	90,91,104,123,131,132,136,139,140,146,154,155,157,159,164
0240_00849	65,83,90,91,96,104,105,121,123,131,132,137,139,147,151,154,155,156,157,159,161,162,163,164,165
0240_00850	54,72,90,93,104,113,123,126,127,131,132,139,140,143,144,146,150,152,154,155,157,159,160,162,163,164,165
0240_00851	82,84,90,91,100,104,111,118,123,131,132,139,147,151,153,154,155,157,158,159,161,164
0240_00854	53,89,91,104,123,131,132,136,139,140,146,152,154,155,157,159,164
0240_00857	90,91,104,115,116,123,129,131,132,136,139,140,146,147,154,155,157,159,160,164
0240_00858	53,54,72,89,90,91,114,115,123,131,136,139,140,146,147,152,154,155,157,159,160,164
0240_00859	53,89,90,91,104,118,123,128,129,131,132,136,139,140,146,147,152,154,155,157,159,164
0240_00861	53,89,90,91,104,118,123,128,129,131,132,136,139,140,146,147,152,154,155,157,159,164
0240_00862	54,82,92,95,100,104,110,113,117,123,127,131,132,136,139,140,143,146,151,152,153,154,155,156,157,158,159,161,162,163,164,165
0240_00867	54,83,90,91,92,95,96,104,110,111,117,121,123,127,131,132,136,137,139,143,146,147,151,154,156,157,158,159,161,164,165
0240_00869	54,82,90,91,95,98,100,104,111,121,123,127,129,131,132,137,139,143,146,147,151,152,153,154,156,157,158,159,161,163,164,165
0240_00871	37,38,43,53,54,77,79,80,83,84,89,92,95,96,97,106,110,117,120,121,127,131,133,136,137,142,143,146,150,151,154,156,158,159,161,164,165
0240_00872	57,65,83,89,91,95,96,97,98,105,109,113,120,121,123,127,137,139,143,144,146,150,152,153,154,156,157,159,160,161,162,163,164,165
0240_00873	50,76,90,91,99,104,123,131,132,136,139,140,146,154,155,157,159,164
0240_00874	54,65,95,97,98,105,113,121,123,125,127,131,136,137,139,140,143,145,146,151,152,154,156,157,159,161,162,163,164,165
0240_00880	57,72,83,96,123,131,136,137,139,140,146,152,154,157,159,162,164,165
0240_00881	37,43,53,54,77,80,89,90,91,92,95,97,98,104,106,110,111,117,120,121,123,127,131,132,136,137,139,140,142,143,146,151,154,156,157,158,159,161,163,164,165
0240_00882	53,54,57,72,76,82,83,89,91,96,99,104,109,123,127,131,132,137,139,140,143,146,150,152,153,154,155,157,159,164,165
0240_00883	54,82,92,95,100,104,110,117,123,131,132,136,139,146,151,153,154,155,156,157,158,159,161,162,163,164,165
0240_00885	54,82,92,95,99,100,104,110,117,123,131,132,136,139,146,151,153,154,155,156,157,158,159,161,162,163,164,165
0240_00886	25,43,53,54,77,78,84,90,91,95,97,100,104,106,111,118,119,123,131,132,136,139,140,142,146,147,151,153,154,155,156,157,158,159,161,164
0240_00888	65,83,96,97,105,121,137,151,154,156,161,162,163,164,165
0240_00889	53,65,83,96,97,105,121,123,131,137,139,151,154,156,157,159,161,162,163,164,165
0240_00891	53,54,72,89,113,123,127,131,139,140,143,144,146,150,152,154,157,159,162,163,164,165
0240_00892	65,83,90,91,96,104,105,121,123,131,132,137,139,151,154,155,156,157,159,161,162,163,164,165
0240_00893	65,83,96,99,105,121,123,131,137,139,151,154,156,157,159,161,162,163,164,165
0240_00894	54,65,95,97,98,105,113,121,123,125,127,131,136,137,139,143,145,146,151,152,154,156,157,159,161,162,163,164,165
0240_00897	54,65,72,83,90,91,96,104,105,121,123,131,132,137,139,146,151,152,154,155,156,157,159,161,162,163,164,165
0240_00901	57,66,89,90,98,104,109,112,115,116,123,127,129,132,137,139,143,146,147,152,153,154,157,159,160,163,164,165
0240_00904	53,66,82,89,90,91,104,109,112,115,116,123,129,131,132,139,140,146,147,152,153,154,155,157,159,160,164
0240_00905	37,43,53,54,65,77,80,89,92,95,97,98,106,110,113,117,120,121,123,127,131,136,137,139,140,142,143,146,151,154,156,157,159,161,162,163,164,165
0240_00906	72,90,123,132,136,139,146,152,154,155,157,159,162,163,164,165
0240_00908	53,54,90,92,95,97,104,108,110,111,117,123,131,132,136,139,140,146,151,154,155,156,157,158,159,160,161,164
0240_00909	53,54,66,72,89,90,91,104,112,123,127,131,132,139,140,143,146,150,152,154,157,159,163,164,165
0240_00910	54,90,92,95,104,108,110,111,113,117,123,127,131,136,139,140,143,146,151,152,154,155,156,157,158,159,160,161,162,163,164,165
0240_00915	65,77,79,83,96,99,120,121,123,131,137,139,142,151,154,156,157,159,161,162,164,165
0240_00916	57,83,89,96,104,123,132,137,139,146,152,154,155,157,159,162,164,165
0240_00917	50,54,76,82,92,95,99,100,104,108,110,117,123,131,132,136,139,146,149,151,153,154,155,156,157,158,159,160,161,164
0240_00918	89,90,104,108,115,123,129,132,136,139,140,146,147,152,154,155,157,159,160,164
0240_00919	53,89,90,91,104,123,129,131,132,136,139,140,146,147,152,154,155,157,159,164
0240_00920	65,95,97,98,121,123,131,136,137,139,140,144,146,150,154,156,157,159,161,162,163,164,165
0240_00922	54,72,90,104,113,123,127,131,132,139,140,143,146,152,154,155,157,159,162,163,164,165
0240_00923	29,47,67,69,81,88,89,92,93,94,102,106,110,112,117,124,126,130,136,141,146,148,149,151,154,156,157,158,159,160,161,164
0240_00924	52,57,62,65,72,75,77,79,80,83,87,94,95,96,97,100,103,107,109,111,112,120,121,122,123,124,128,129,132,134,137,138,142,144,147,148,150,152,153,155,156,157,158,159,161,162,163,164,165
0240_00925	28,29,47,52,65,67,70,73,75,77,80,81,88,92,94,95,97,98,100,102,105,106,109,110,111,112,113,114,117,120,121,122,124,125,126,127,128,130,137,138,142,143,144,145,146,148,149,150,153,154,155,156,157,158,159,160,161,162,163,164,165
0240_00926	28,36,37,47,62,66,74,75,77,78,80,81,85,88,97,98,100,106,110,112,117,119,120,121,122,127,133,135,137,141,142,143,145,148,149,150,153,154,156,158,160,161,162,163,164,165
0240_00927	36,47,65,75,77,78,81,83,85,88,93,96,106,119,120,121,122,133,135,137,141,142,144,148,149,150,156,158,160,161,162,163,165
0240_00928	22,52,65,66,75,77,79,80,83,87,91,94,95,96,97,100,103,104,107,111,112,116,120,121,122,124,128,132,134,137,139,142,148,152,153,155,156,157,158,160,161,162,163,164,165
0240_00929	42,65,80,87,89,92,97,98,106,107,110,112,113,117,121,125,126,127,133,134,135,137,142,143,144,145,150,151,152,154,156,157,158,159,161,162,163,164,165
0240_00930	85,86,92,93,95,100,103,108,109,110,111,115,116,117,122,126,128,129,132,133,134,135,138,141,144,147,148,149,150,153,154,155,156,157,158,159,160,161,162,163,164,165
0240_00931	24,71,78,79,89,92,93,94,95,97,102,108,109,110,113,117,119,124,125,126,127,141,142,143,144,145,146,149,150,151,152,153,154,155,156,157,158,159,160,161,162,163,164,165
0240_00932	29,67,73,81,86,88,102,106,108,109,112,114,116,124,126,128,129,130,138,141,147,148,149,153,155,157,159,160,164
0240_00933	29,48,59,64,69,74,81,88,90,93,94,102,106,109,112,113,114,117,124,126,127,130,141,143,144,146,148,149,150,151,152,153,155,156,157,158,159,160,161,162,163,164,165
0240_00934	36,42,47,52,65,72,74,80,81,83,85,87,88,92,94,95,96,97,106,107,108,109,110,111,112,113,117,120,121,122,124,126,127,132,133,134,135,137,142,143,148,149,153,154,155,156,157,158,159,160,161,162,163,164,165
0240_00935	42,65,79,82,87,92,98,100,103,106,107,110,111,112,117,121,125,134,137,142,144,145,150,151,153,154,155,156,158,161,162,163,164,165
0240_00936	29,36,47,67,75,81,83,88,89,94,96,100,102,106,109,110,111,112,114,115,117,120,121,122,124,126,127,128,130,136,137,138,141,143,146,147,148,149,150,153,154,155,156,157,158,159,160,161,164,165
0240_00938	29,47,67,69,73,74,81,88,89,93,94,102,106,112,113,117,123,124,126,127,130,140,141,143,144,146,148,149,150,151,152,154,156,157,158,159,160,161,162,163,164,165
0240_00939	21,36,50,74,76,81,83,88,89,96,99,120,123,126,136,137,138,140,141,146,147,149,152,153,154,157,159,160,164,165
0240_00940	37,62,65,75,77,80,85,89,90,91,92,96,97,98,104,105,106,110,111,113,117,118,120,121,122,127,129,133,136,137,142,143,144,145,147,148,150,151,154,156,158,159,161,162,163,164,165
0240_00941	29,47,67,69,81,84,88,93,94,102,106,112,117,124,126,130,148,149,151,156,157,159,160,161,164
0240_00942	37,65,75,77,79,80,83,85,86,87,95,96,97,100,103,106,107,108,109,110,111,113,114,115,117,118,120,121,122,126,127,128,129,132,134,137,138,142,143,144,147,148,150,152,153,154,155,156,157,158,159,160,161,162,163,164,165
0240_00943	27,37,65,75,77,80,85,87,89,92,97,98,100,105,106,107,109,110,111,113,114,115,117,118,120,121,122,125,126,127,128,132,134,137,138,142,143,144,145,147,148,149,150,153,154,155,156,157,158,159,160,161,162,163,164,165
0240_00944	47,81,85,88,100,106,108,110,111,114,117,118,122,128,129,133,138,147,148,149,153,154,155,156,158,160,161,163,164,165
0240_00945	50,57,62,66,72,74,76,83,87,89,96,99,103,105,107,112,114,115,118,123,126,127,129,132,134,136,137,140,141,143,145,146,147,149,150,152,154,155,157,159,160,162,163,164,165
0240_00946	57,66,72,74,83,85,86,95,96,97,100,105,108,109,111,112,114,115,116,118,120,122,123,128,129,132,137,138,141,147,148,149,152,153,155,157,158,159,160,161,163,164,165
0240_00947	24,50,62,71,76,78,89,91,94,97,99,102,104,108,109,111,114,119,124,126,127,128,132,139,141,143,144,145,146,149,150,152,153,154,155,156,157,159,160,161,162,163,164,165
0240_00948	41,52,65,66,75,77,79,80,83,87,94,96,100,103,107,111,112,114,115,116,118,120,121,122,124,128,129,134,137,142,147,148,153,155,156,158,160,161,162,163,165
0240_00949	23,28,29,38,47,48,57,65,67,75,77,81,83,85,87,88,93,95,96,97,98,100,102,103,105,106,107,108,110,112,113,117,120,121,122,123,124,126,127,130,134,136,137,140,142,143,144,146,148,149,150,152,153,154,155,156,157,158,159,160,161,162,163,164,165
0240_00950	85,92,93,95,108,110,111,117,122,123,125,126,132,133,135,136,141,144,145,146,148,149,150,154,155,156,157,158,159,160,161,162,163,164,165
0240_00951	22,42,62,66,74,76,99,103,106,107,109,112,116,123,125,126,134,141,144,145,149,150,153,154,155,157,159,160,162,163,164,165
0240_00953	25,33,39,40,48,55,58,60,61,65,67,73,74,77,80,81,82,86,88,92,93,94,97,98,100,102,106,108,110,112,113,114,115,116,117,118,120,121,122,124,126,127,130,133,135,136,137,141,142,143,144,146,147,148,149,150,151,153,155,156,157,158,159,160,161,162,163,164,165
0240_00954	29,48,76,87,99,102,103,106,107,109,112,114,124,126,128,130,134,138,140,144,146,148,149,150,152,153,155,157,159,160,162,163,164,165
0240_00955	29,48,65,67,73,81,87,88,92,93,97,98,102,103,106,107,110,112,113,117,121,124,126,127,130,134,137,143,144,146,148,149,150,156,157,159,160,161,162,163,164,165
0240_00956	29,48,57,67,73,81,87,88,89,98,102,103,105,106,107,109,112,113,114,123,124,125,126,127,128,130,134,137,138,140,141,143,144,145,146,148,149,150,152,153,154,155,157,159,160,162,163,164,165
0240_00957	29,38,48,65,67,73,74,77,80,81,88,92,97,98,102,106,109,110,112,113,114,117,120,121,124,126,127,128,130,137,138,141,142,143,146,148,149,153,155,156,157,159,160,161,162,163,164,165
0240_00958	21,29,48,76,93,99,102,103,106,107,112,124,126,130,134,140,146,148,149,157,159,160,164
0240_00959	45,52,65,66,74,75,76,77,79,80,83,87,94,95,96,97,99,103,107,112,120,121,122,124,134,137,139,141,142,144,148,149,150,152,156,157,158,160,161,162,163,164,165
0240_00960	29,48,65,67,73,81,87,88,92,97,98,102,103,106,107,109,110,112,113,114,117,121,124,126,127,128,130,134,137,138,143,144,146,148,149,150,153,155,156,157,159,160,161,162,163,164,165
0240_00961	16,22,42,52,57,62,65,66,75,77,79,80,83,87,94,95,96,97,100,103,107,111,112,120,121,122,124,125,132,134,137,142,144,145,148,150,152,153,155,156,157,158,161,162,163,164,165
0240_00962	28,29,67,73,81,88,102,106,109,112,114,124,126,128,130,138,140,141,146,148,149,153,155,157,159,160,164
0240_00963	65,66,77,80,87,97,98,103,107,112,120,121,125,134,137,139,142,144,145,150,152,157,161,162,163,164,165
0240_00964	41,52,65,66,75,77,79,80,83,87,94,96,100,103,107,111,112,120,121,122,124,125,129,134,137,142,145,147,148,153,155,156,158,161,162,163,165
0240_00966	25,42,52,62,65,75,77,79,80,83,85,87,92,94,96,97,98,103,105,106,107,110,113,117,120,121,122,124,125,127,133,134,135,137,142,143,144,145,148,150,154,156,158,161,162,163,164,165
0240_00967	20,28,30,42,52,65,75,77,79,80,83,86,87,93,94,96,100,107,111,112,115,120,121,122,124,125,134,137,142,145,148,153,155,156,158,160,161,162,163,165
0240_00968	52,65,66,75,77,79,80,83,87,90,91,94,95,96,97,100,103,104,107,111,112,114,115,116,118,120,121,122,124,128,129,132,134,137,139,142,144,147,148,150,152,153,155,156,157,158,160,161,162,163,164,165
0240_00970	52,65,66,74,75,77,79,80,83,87,90,91,94,95,96,97,100,103,104,107,108,111,112,116,120,121,122,124,127,128,129,132,134,137,139,142,143,147,148,149,150,152,153,155,156,157,158,160,161,162,163,164,165
0240_00971	52,65,66,74,75,77,79,80,83,87,90,91,94,95,96,97,100,103,104,107,108,111,112,115,116,120,121,122,124,127,128,129,132,134,137,139,142,143,147,148,149,150,152,153,155,156,157,158,160,161,162,163,164,165
0240_00972	29,67,81,88,102,106,109,112,114,115,118,124,126,128,130,138,141,147,148,149,153,155,157,159,160,164
0240_00973	52,65,66,74,75,77,79,80,83,87,90,94,95,96,97,100,103,104,107,108,111,112,116,120,121,122,124,129,132,134,137,139,141,142,147,148,149,152,153,155,156,157,158,160,161,162,163,164,165
0240_00974	52,57,62,65,72,75,77,79,80,83,87,94,95,96,97,100,103,107,108,109,111,112,114,115,120,121,122,123,124,128,129,132,134,137,138,142,144,147,148,150,152,153,155,156,157,158,159,160,161,162,163,164,165
0240_00975	36,47,52,65,77,79,80,81,83,85,88,94,96,101,105,106,120,121,122,124,137,142,148,156,160,161,162,163,165
0240_00976	50,52,65,66,74,75,76,77,79,80,83,87,90,91,94,95,96,97,99,100,103,104,107,108,111,112,115,116,120,121,122,124,127,128,129,132,134,137,139,142,143,147,148,149,150,152,153,155,156,157,158,160,161,162,163,164,165
0240_00977	45,50,52,65,66,74,75,76,77,79,80,83,87,94,95,96,97,99,103,107,112,120,121,122,124,134,137,139,141,142,148,149,152,156,157,158,160,161,162,163,164,165
0240_00978	29,48,67,81,88,91,92,93,102,106,108,110,112,116,117,124,126,130,136,138,140,141,146,147,148,149,151,153,154,155,156,157,158,159,160,161,164
0240_00979	52,62,65,66,72,74,75,77,79,80,83,92,94,95,96,97,110,112,113,117,120,121,122,124,125,126,127,137,139,141,142,143,145,148,149,152,156,157,158,159,160,161,162,163,164,165
0240_00981	52,57,62,65,72,75,77,79,80,83,87,94,95,96,97,100,103,107,108,109,111,112,113,115,120,121,122,123,124,125,126,127,128,129,132,134,137,138,142,143,144,145,146,148,150,152,153,155,156,157,158,159,160,161,162,163,164,165
0240_00982	66,74,86,108,109,112,113,114,115,125,126,127,138,141,143,145,146,149,152,153,155,157,159,160,162,163,164,165
0240_00983	66,87,90,91,92,103,107,108,110,112,113,115,116,117,118,127,129,131,133,134,135,139,143,144,145,147,150,151,152,154,156,157,158,159,160,161,162,163,164,165
0240_00984	25,32,33,37,43,51,55,58,59,60,61,64,65,67,69,73,74,77,80,81,85,86,88,89,92,93,94,97,98,102,106,110,112,113,117,120,121,122,124,125,126,127,130,131,133,135,136,137,140,141,142,143,144,145,146,148,149,150,151,154,156,157,158,159,160,161,162,163,164,165
0240_00985	23,28,37,42,52,57,66,72,75,77,78,79,85,87,89,93,94,95,96,97,98,100,103,105,106,107,108,109,110,111,112,113,117,119,120,121,122,123,124,125,126,127,129,132,133,134,135,136,137,140,142,143,144,145,146,148,149,152,153,154,156,157,158,159,160,161,162,163,164,165
0240_00986	22,42,51,55,57,58,59,60,61,62,64,65,67,71,73,81,83,88,89,93,94,96,97,102,106,107,112,120,121,124,130,134,136,137,140,144,146,148,150,152,154,159,160,161,162,163,164,165
0240_00987	29,48,67,81,88,93,102,106,108,109,112,114,123,124,126,128,129,130,132,136,138,140,141,146,148,149,153,154,155,157,159,160,164
0240_00988	29,67,73,81,88,93,102,106,108,109,112,114,123,124,126,128,129,130,132,136,138,140,141,146,148,149,153,154,155,157,159,160,164
0240_00989	23,29,67,73,81,85,88,89,92,93,102,106,108,109,110,111,112,114,116,117,122,123,124,126,128,130,132,136,138,140,141,146,148,149,153,154,155,156,157,158,159,160,161,164
0240_00990	17,25,65,77,80,98,106,120,121,125,133,135,137,142,145,149,151,156,158,160,161,162,163,165
0240_00991	72,85,86,92,93,95,108,109,110,111,115,117,122,123,126,132,133,135,136,140,141,144,146,148,149,150,153,154,155,156,157,158,159,160,161,162,163,164,165
0240_00993	28,29,36,47,52,65,67,73,75,80,81,83,88,89,93,94,95,96,97,100,102,106,108,110,111,112,113,117,120,121,122,124,126,127,130,137,140,141,142,143,144,146,148,149,150,153,154,155,156,157,158,159,160,161,162,164,165
0240_00994	19,47,75,81,85,86,88,100,106,110,111,114,117,118,121,122,128,129,137,138,147,148,153,154,155,156,158,160,161,164,165
0240_00995	23,52,57,62,65,66,74,75,80,83,87,92,94,95,96,97,103,106,107,110,112,113,117,120,121,122,123,124,126,127,133,134,135,137,141,142,143,144,146,148,149,150,152,154,156,157,158,159,160,161,162,163,164,165
0240_00996	23,52,57,72,75,83,86,92,93,94,95,96,97,100,106,109,110,111,115,117,120,121,122,123,124,126,127,128,132,133,135,136,137,138,140,141,142,143,144,146,147,148,149,150,153,154,155,156,157,158,159,160,161,162,163,164,165
0240_00997	52,65,66,74,75,77,79,80,83,87,90,94,95,96,97,103,107,108,111,112,120,121,122,124,134,137,139,141,142,148,149,152,155,156,157,158,160,161,162,163,164,165
0240_00998	52,65,75,77,79,80,83,87,94,96,100,103,107,108,111,114,115,120,121,122,124,129,134,137,142,144,147,148,150,153,155,156,158,160,161,162,163,165
0240_00999	29,67,73,81,88,93,102,106,109,112,114,123,124,126,130,140,141,146,148,149,153,154,155,157,159,160,162,163,164,165
0240_01001	29,48,76,85,86,89,92,93,97,99,100,102,103,106,107,110,112,114,116,117,122,124,126,130,134,136,138,140,141,146,148,149,152,153,154,155,156,157,158,159,160,161,164
0240_01002	42,65,79,87,92,95,98,106,107,110,112,113,117,121,125,126,127,133,134,135,137,142,143,145,151,152,154,156,157,158,159,161,162,163,164,165
0240_01003	23,25,65,74,77,80,85,86,92,93,97,98,106,110,113,117,120,121,122,123,126,127,133,135,137,141,142,143,144,148,149,150,154,156,157,158,159,160,161,162,163,164,165
0240_01004	25,29,48,65,67,73,77,80,81,85,86,88,92,93,97,98,100,102,106,110,112,113,114,116,117,120,121,122,124,126,127,130,133,135,137,138,141,142,143,146,148,149,153,155,156,157,158,159,160,161,162,163,164,165
0240_01005	22,62,66,75,83,85,87,89,92,96,98,103,105,107,110,112,115,117,121,122,127,133,134,135,136,137,143,145,148,149,150,154,156,158,159,160,161,162,163,164,165
0240_01006	29,46,48,67,81,87,88,102,103,106,107,109,112,113,114,115,124,126,127,128,130,134,138,143,144,146,147,148,149,150,152,153,155,157,159,160,162,163,164,165
0240_01007	17,66,74,87,92,103,107,110,112,117,134,149,151,154,156,158,160,161,162,163,164,165
0240_01009	24,49,56,63,70,71,79,80,94,97,102,104,111,114,116,119,122,124,130,133,135,136,140,141,142,144,146,148,149,150,151,155,156,158,159,160,161,162,163,164,165
0240_01010	29,48,65,67,73,79,81,88,92,95,97,98,102,105,106,109,110,112,113,114,117,120,121,124,125,126,127,128,130,137,138,142,143,145,146,148,149,153,155,156,157,159,160,161,162,163,164,165
0240_01011	42,65,87,97,98,103,105,107,113,121,125,126,127,134,137,143,145,152,156,157,161,162,163,164,165
0240_01012	29,47,67,69,73,74,76,81,82,88,89,93,94,99,100,102,106,108,112,114,117,123,124,126,130,140,141,146,148,149,151,152,153,154,155,156,157,158,159,160,161,164
0240_01015	28,29,66,67,73,74,81,88,102,106,109,112,114,116,124,126,128,130,138,141,148,149,153,155,157,159,160,164
0240_01016	29,48,67,73,81,87,88,93,102,103,106,107,112,113,124,126,127,130,134,141,143,144,146,148,149,150,152,157,159,160,162,163,164,165
0240_01017	32,33,42,55,58,60,61,67,70,73,74,77,81,86,88,93,94,102,103,106,107,112,117,122,124,130,133,134,135,136,141,142,148,149,156,158,159,160,161,162,163,164,165
0240_01018	52,65,66,72,74,75,77,79,80,83,87,92,94,95,96,97,103,107,110,112,113,117,120,121,122,124,126,127,134,137,141,142,143,148,149,152,154,156,157,158,159,160,161,162,163,164,165
0240_01019	29,37,48,52,62,65,67,73,75,77,79,80,81,83,88,94,95,96,97,102,106,109,110,112,113,114,117,120,121,122,124,126,127,128,130,133,135,137,138,142,143,146,148,149,153,155,156,157,158,159,160,161,162,163,164,165
0240_01020	38,42,65,75,77,78,79,80,83,85,86,87,95,96,103,106,107,108,109,111,112,114,115,119,120,121,122,126,129,132,133,134,135,137,138,142,144,147,148,150,153,155,156,157,158,160,161,162,163,164,165
0240_01021	23,28,29,47,57,65,67,73,75,81,83,85,87,88,95,96,97,100,102,103,105,106,107,109,110,112,113,114,117,120,121,122,123,124,126,127,128,130,134,137,138,140,143,144,146,148,149,150,152,153,154,155,156,157,158,159,160,161,162,163,164,165
0240_01022	25,32,33,37,43,51,55,58,60,61,65,67,69,70,73,77,80,81,88,89,92,93,94,97,98,102,106,110,112,113,117,120,121,122,124,126,127,130,131,133,135,136,137,140,141,142,143,146,148,149,151,154,156,157,158,159,160,161,162,163,164,165
0240_01023	23,74,85,86,93,106,110,113,117,122,123,126,127,133,135,141,142,143,144,148,149,150,151,152,154,156,157,158,159,160,161,162,163,164,165
0240_01024	23,33,57,58,66,67,72,74,77,81,83,88,93,94,96,97,100,105,106,108,109,110,111,112,113,114,115,116,117,122,123,124,126,127,128,129,130,132,136,137,138,140,141,142,143,144,146,147,148,149,152,153,154,155,156,157,158,159,160,161,162,163,164,165
0240_01025	62,65,80,87,92,97,98,103,107,110,117,121,125,133,134,135,137,142,144,145,150,151,154,156,158,161,162,163,164,165
0240_01026	23,24,71,78,79,81,88,93,94,95,102,106,110,117,119,123,124,126,141,142,149,151,154,156,157,158,159,160,161,164
0240_01027	37,38,42,52,62,65,75,77,79,80,83,85,87,94,95,96,97,103,106,107,109,110,113,114,117,120,121,122,123,124,126,127,128,133,134,135,136,137,142,143,144,146,148,149,150,153,154,155,156,157,158,159,160,161,162,163,164,165
0240_01028	52,62,65,75,79,80,84,87,92,94,95,97,98,103,107,110,113,117,120,121,122,124,125,127,133,134,135,137,142,143,144,145,148,150,151,154,156,158,161,162,163,164,165
0240_01029	25,32,33,37,38,43,51,55,58,59,60,61,64,65,67,69,73,77,80,81,87,88,89,93,94,97,98,102,103,106,107,110,112,113,117,120,121,124,125,126,127,130,131,133,134,135,136,137,140,142,143,144,145,146,148,149,150,151,154,156,157,158,159,160,161,162,163,164,165
0240_01030	38,52,62,65,77,79,80,87,94,98,103,107,120,121,124,125,130,134,137,142,144,145,150,156,161,162,163,165
0240_01031	33,38,41,55,58,59,60,61,62,64,65,67,73,74,75,77,79,80,81,83,86,87,88,93,94,96,97,102,103,106,107,112,117,120,121,122,124,130,134,136,137,141,142,144,148,149,150,156,158,159,160,161,162,163,164,165
0240_01033	85,86,92,100,110,114,116,117,122,138,141,148,149,153,154,155,156,158,160,161,162,163,164,165
0240_01034	37,42,43,77,87,89,92,97,103,106,107,110,117,125,131,133,134,135,136,142,144,145,150,151,154,156,158,159,161,162,163,164,165
0240_01035	25,43,65,77,80,82,90,91,92,97,98,100,106,108,110,113,114,115,116,117,118,120,121,127,131,133,135,137,141,142,143,144,147,149,150,151,153,154,155,156,158,160,161,162,163,164,165
0240_01036	39,40,48,51,55,57,58,60,61,66,67,73,74,83,88,93,96,102,105,106,108,109,112,113,114,123,124,126,127,130,136,137,140,141,143,144,146,148,149,150,152,153,155,157,159,160,162,163,164,165
0240_01037	23,52,57,62,66,69,72,75,83,89,92,94,95,96,97,106,110,112,113,117,120,121,122,123,124,125,126,127,133,135,136,137,140,142,143,145,146,148,150,151,152,154,156,157,158,159,160,161,162,163,164,165
0240_01038	38,41,42,51,52,59,60,61,62,64,65,67,73,75,77,79,80,81,83,84,87,88,94,96,97,102,103,106,107,112,120,121,122,124,130,133,134,135,137,142,144,148,150,151,156,158,161,162,163,164,165
0240_01039	25,32,33,37,42,43,47,51,55,58,59,60,61,64,65,67,69,73,77,79,80,81,88,89,92,93,94,95,97,98,102,106,107,110,112,113,117,120,121,124,125,126,127,130,131,133,134,135,136,137,140,142,143,144,145,146,148,149,150,151,154,156,157,158,159,160,161,162,163,164,165
0240_01040	37,42,43,77,87,89,92,97,103,106,107,110,112,113,117,125,126,127,131,133,134,135,136,142,143,144,145,146,150,151,152,154,156,157,158,159,161,162,163,164,165
0240_01041	38,57,62,65,77,79,83,95,96,105,120,121,137,142,151,152,156,161,162,163,164,165
0240_01042	36,37,47,62,75,77,81,83,85,87,88,89,90,91,96,97,103,104,106,107,110,111,117,118,120,121,122,127,129,133,134,136,137,142,143,145,147,148,150,151,154,156,158,159,160,161,162,163,164,165
0240_01043	29,47,67,69,73,74,81,84,88,89,93,94,102,106,112,113,117,123,124,126,127,130,140,141,143,144,146,148,149,150,151,152,154,156,157,159,160,161,162,163,164,165
0240_01044	57,65,66,71,79,80,83,89,92,93,94,96,97,102,110,112,113,114,115,116,117,120,121,124,126,127,133,135,137,140,141,142,143,144,146,149,150,151,152,154,155,156,157,158,159,160,161,162,163,164,165
0240_01045	24,71,78,89,93,94,95,102,108,109,113,119,123,124,125,126,127,140,141,143,144,145,146,149,150,152,153,154,155,156,157,159,160,161,162,163,164,165
0240_01046	13,24,37,71,72,77,87,93,94,95,102,103,106,107,110,117,122,124,126,133,134,135,142,144,148,149,150,151,154,156,157,158,159,160,161,162,163,164,165
0240_01047	37,42,43,77,87,89,92,97,103,106,107,110,112,113,117,125,126,127,131,133,134,135,136,142,143,144,145,146,150,151,152,154,156,157,158,159,161,162,163,164,165
0240_01048	17,72,82,87,91,92,93,95,100,103,104,107,109,110,111,113,117,125,126,127,134,138,140,143,144,145,146,147,150,151,152,153,154,155,156,157,158,159,160,161,162,163,164,165
0240_01049	38,52,62,65,69,75,77,79,80,84,92,94,95,97,98,110,113,117,120,121,122,124,125,127,130,133,135,137,142,143,144,145,148,150,151,154,156,160,161,162,163,164,165
0240_01050	46,72,87,89,93,107,113,125,126,127,134,140,141,143,144,145,146,149,150,152,154,157,159,160,162,163,164,165
0240_01051	47,52,59,64,65,66,69,74,75,77,79,80,81,84,88,92,93,94,95,97,98,106,110,112,113,117,120,121,122,124,127,130,133,135,137,141,142,143,144,148,149,150,151,154,156,160,161,162,163,164,165
0240_01052	25,32,33,37,38,43,51,55,58,59,60,61,64,65,67,69,73,77,80,81,88,89,93,94,97,98,102,106,110,112,113,117,120,121,123,124,125,126,127,130,131,133,135,136,137,140,141,142,143,144,145,146,148,149,150,151,154,156,157,158,159,160,161,162,163,164,165
0240_01053	29,48,76,89,92,93,97,99,102,106,110,112,117,124,126,130,136,140,141,146,148,149,151,152,154,156,157,158,159,160,161,164
0240_01055	37,42,43,72,77,87,89,92,97,103,106,107,110,112,113,117,125,126,127,131,133,134,135,136,140,142,143,144,145,146,150,151,152,154,156,157,158,159,161,162,163,164,165
0240_01056	17,39,40,48,55,58,60,61,66,67,72,73,74,88,102,106,109,112,113,118,124,126,127,129,130,132,140,141,143,145,146,147,148,149,150,152,153,155,157,159,160,162,163,164,165
0240_01057	23,93,97,106,110,113,117,123,125,126,127,131,133,135,136,140,142,143,145,146,149,151,152,154,156,157,158,159,160,161,162,163,164,165
0240_01058	37,42,43,77,87,89,92,97,103,106,107,110,112,113,117,125,126,127,131,133,134,135,136,142,143,144,145,146,150,151,152,154,156,157,158,159,161,162,163,164,165
0240_01060	45,76,84,87,95,97,99,103,105,107,127,133,134,136,143,144,145,150,151,152,154,156,158,159,161,162,163,164,165
0240_01061	25,37,53,65,74,77,80,93,97,98,106,110,113,117,120,121,126,127,131,133,135,137,141,142,143,149,151,156,157,158,160,161,162,163,164,165
0240_01062	25,32,33,37,38,51,55,58,59,60,61,64,65,67,69,73,77,80,81,85,88,89,93,94,97,98,102,106,110,112,113,117,120,121,122,123,124,125,126,127,130,133,135,136,137,140,141,142,143,144,145,146,148,149,150,151,154,156,157,158,159,160,161,162,163,164,165
0240_01063	8,11,25,32,33,37,43,51,55,57,58,59,60,61,64,65,67,69,72,73,77,80,81,86,88,89,94,97,98,102,106,109,110,112,117,120,121,123,124,125,126,127,130,131,132,133,135,136,137,138,140,142,143,144,145,146,148,149,150,151,152,153,154,156,157,158,159,160,161,162,163,164,165
0240_01064	24,65,71,72,74,78,79,87,92,94,95,97,98,102,103,105,107,108,109,110,111,113,117,119,120,121,123,124,125,126,127,132,134,137,138,140,141,142,143,145,146,147,149,152,153,154,155,156,157,159,160,161,162,163,164,165
0240_01065	47,81,85,86,88,100,106,108,110,111,114,115,117,118,122,128,129,138,147,148,149,153,154,155,156,158,160,161,162,163,164,165
0240_01066	25,32,33,37,43,47,51,55,58,59,60,61,64,65,67,69,73,77,79,80,81,88,89,92,93,94,95,97,98,102,106,110,112,113,114,117,120,121,124,125,126,127,130,131,132,133,135,136,137,140,141,142,143,144,145,146,148,149,150,151,153,154,155,156,157,158,159,160,161,162,163,164,165
0240_01067	25,32,33,37,38,43,51,55,58,59,60,61,64,65,67,69,73,77,80,81,88,89,93,94,97,98,102,103,106,109,110,112,113,117,120,121,124,125,126,127,130,131,132,133,134,135,136,137,138,140,142,143,144,145,146,147,148,149,150,151,152,153,154,155,156,157,158,159,160,161,162,163,164,165
0240_01068	20,30,34,36,74,81,82,83,86,88,92,93,96,99,100,110,112,117,137,141,144,148,149,150,151,153,154,155,156,158,160,161,162,164,165
0240_01069	25,32,33,36,37,38,43,51,55,58,59,60,61,64,65,67,69,73,77,80,81,83,88,89,93,94,96,97,98,102,106,110,112,113,117,120,121,123,124,126,127,130,131,133,135,136,137,140,141,142,143,144,146,148,149,150,151,154,156,157,158,159,160,161,162,163,164,165
0240_01070	37,42,43,77,87,89,92,97,103,106,107,110,117,125,131,133,134,135,136,142,144,145,150,151,154,156,158,159,161,162,163,164,165
0240_01071	38,41,65,77,78,80,85,86,87,93,98,100,103,107,115,116,119,121,122,134,137,142,148,149,153,155,156,158,160,161,162,163,165
0240_01072	23,24,33,47,58,67,71,77,78,79,81,86,88,93,94,95,97,100,102,106,108,109,110,111,114,117,119,122,123,124,126,128,129,130,132,136,138,140,141,142,146,147,148,149,153,154,155,156,157,158,159,160,161,162,163,164,165
0240_01073	23,24,66,71,74,78,79,81,88,93,94,95,102,106,110,112,117,119,123,124,126,141,142,149,151,154,156,157,158,159,160,161,164
0240_01074	41,50,65,76,77,80,89,92,93,97,98,99,110,113,117,120,121,123,125,126,127,137,140,142,143,144,145,146,149,150,152,154,156,157,159,160,161,162,163,164,165
0240_01075	23,25,43,65,77,79,83,93,96,97,105,106,110,117,120,121,123,126,131,133,135,137,142,151,154,156,157,158,159,160,161,162,163,164,165
0240_01076	36,57,76,81,88,89,91,92,97,98,99,108,109,110,116,117,120,132,133,135,137,138,145,147,150,151,152,153,154,156,157,158,159,160,161,162,163,164,165
0240_01078	37,74,77,85,86,87,93,103,106,107,110,117,122,133,134,135,142,144,148,149,150,151,154,156,158,160,161,162,163,164,165
0240_01079	47,52,62,64,66,69,75,77,78,79,80,81,83,88,92,93,94,95,96,97,106,110,112,117,119,120,121,122,124,125,127,133,135,137,142,143,145,148,149,150,151,154,156,158,160,161,162,163,164,165
0240_01080	65,66,74,77,80,92,97,98,105,109,110,112,113,117,120,121,125,126,127,132,137,141,142,143,145,147,149,153,155,156,157,160,161,162,163,164,165
0240_01082	66,74,75,85,86,98,100,108,111,112,115,118,121,122,128,129,137,138,141,145,147,148,149,153,155,158,160,161,162,163,165
0240_01083	24,52,65,66,71,74,75,78,80,83,92,93,94,95,96,97,102,109,110,111,112,113,117,119,120,121,122,123,124,125,126,127,130,137,140,141,142,143,144,145,146,148,149,150,152,153,154,155,156,157,158,159,160,161,162,163,164,165
0240_01084	24,25,49,52,63,65,69,70,71,75,77,78,79,80,83,85,86,87,90,91,94,96,97,98,100,102,103,106,107,111,117,119,120,121,122,124,128,129,130,133,134,137,138,142,147,148,150,151,153,155,156,158,159,161,162,163,164,165
0240_01085	23,54,74,79,92,95,106,110,117,123,126,131,136,141,142,146,149,151,152,154,156,157,158,159,160,161,162,163,164,165
0240_01086	36,37,47,65,77,80,81,83,85,88,93,96,97,105,106,110,117,120,121,122,133,135,137,142,148,149,151,154,156,158,160,161,162,163,164,165
0240_01087	23,24,47,71,78,79,81,88,93,94,95,102,106,110,117,119,123,124,126,141,142,149,151,154,156,157,158,159,160,161,164
0240_01088	52,66,69,74,92,93,94,95,110,112,113,117,122,124,125,126,127,136,141,142,143,144,145,146,148,149,150,151,152,154,156,157,158,159,160,161,162,163,164,165
0240_01089	23,24,47,71,74,78,79,81,85,86,88,89,92,93,94,95,97,102,106,110,117,119,122,123,124,126,136,141,142,146,148,149,151,154,156,157,158,159,160,161,164
0240_01090	42,50,65,76,89,92,93,98,99,106,107,109,110,112,113,117,121,123,125,126,127,134,137,140,143,144,145,146,149,150,153,154,155,156,157,159,160,161,162,163,164,165
0240_01091	23,74,80,82,85,86,90,91,93,100,104,106,108,109,110,111,114,115,116,117,118,122,123,126,128,132,138,141,142,147,148,149,151,153,154,155,156,157,158,159,160,161,164
0240_01092	13,23,24,52,62,65,71,72,75,80,83,87,92,93,94,95,96,97,102,103,106,107,109,110,113,117,120,121,122,123,124,125,126,127,130,133,134,135,137,140,142,143,144,145,146,148,149,150,153,154,155,156,157,158,159,160,161,162,163,164,165
0240_01093	52,59,64,65,66,74,75,81,87,88,92,94,95,98,103,107,110,112,113,117,120,121,122,124,125,127,134,137,141,142,143,144,145,148,149,150,153,154,155,156,158,160,161,162,163,164,165
0240_01094	52,62,65,81,87,88,94,95,97,98,103,106,107,108,113,114,115,116,118,120,121,123,124,125,126,127,128,129,134,137,142,143,144,145,147,150,152,153,154,155,156,157,159,160,161,162,163,164,165
0240_01095	65,72,92,98,109,110,113,115,117,121,125,126,127,132,137,143,145,146,152,153,155,156,157,159,160,161,162,163,164,165
0240_01096	52,66,69,74,92,94,95,110,112,114,117,122,124,125,136,141,142,145,148,149,151,154,155,156,158,159,160,161,162,163,164,165
0240_01097	36,38,47,62,65,77,79,83,88,96,105,120,121,137,142,151,156,161,162,163,165
0240_01098	36,41,47,65,75,77,78,80,81,83,85,86,87,88,96,98,100,103,106,107,111,119,120,121,122,128,129,133,134,137,138,142,147,148,150,153,155,156,158,161,162,163,165
0240_01099	24,25,28,36,47,49,52,57,63,65,70,71,75,77,78,79,80,81,83,85,86,87,88,93,94,96,97,98,100,102,103,106,107,108,109,110,115,117,119,120,121,122,124,128,130,133,134,137,138,142,146,148,150,153,155,156,157,158,159,160,161,162,163,164,165
0240_01100	23,24,33,47,58,67,71,77,78,79,81,88,93,94,95,97,102,106,110,117,119,122,123,124,126,130,136,140,141,142,146,148,149,154,156,157,158,159,160,161,164
0240_01101	23,24,66,71,74,78,79,86,88,93,94,95,102,106,110,111,112,115,116,117,119,123,124,126,141,142,149,151,153,154,155,156,157,158,159,160,161,164
0240_01102	24,42,71,78,89,93,94,95,102,106,107,108,109,111,112,119,123,124,125,126,130,134,140,141,142,144,145,146,149,150,153,154,155,156,157,159,160,161,162,163,164,165
0240_01103	23,33,57,58,66,67,72,74,77,81,83,86,88,93,94,96,97,100,105,106,108,110,111,112,113,114,115,116,117,118,122,123,124,126,127,128,129,130,132,137,138,141,142,143,144,146,147,148,149,152,153,154,155,156,157,158,159,160,161,162,163,164,165
0240_01104	23,72,74,97,106,109,110,113,114,117,123,126,127,133,135,138,140,141,143,144,146,149,150,151,152,153,154,155,156,157,158,159,160,161,162,163,164,165
0240_01105	23,82,90,95,100,104,106,109,110,111,113,114,117,123,125,126,127,128,132,138,140,143,145,146,147,151,152,153,154,155,156,157,158,159,160,161,162,163,164,165
0240_01106	41,42,65,79,80,82,92,97,98,100,106,107,110,111,112,117,121,134,137,142,144,150,151,153,154,155,156,158,161,162,163,164,165
0240_01108	23,33,57,58,66,67,72,74,77,81,83,88,93,94,96,97,105,106,108,109,110,112,113,114,115,116,117,118,122,123,124,126,127,130,132,136,137,140,141,142,143,144,146,147,148,149,152,153,154,155,156,157,158,159,160,161,162,163,164,165
0240_01109	25,32,33,37,43,51,55,58,59,60,61,64,65,67,69,73,77,80,81,82,88,89,92,93,94,97,98,100,102,106,110,112,113,116,117,120,121,123,124,125,126,127,130,131,133,135,136,137,140,141,142,143,144,145,146,148,149,150,151,153,154,155,156,157,158,159,160,161,162,163,164,165
0240_01110	29,48,67,81,88,92,93,102,104,106,108,110,111,112,116,117,124,126,130,132,136,140,141,146,148,149,151,153,154,155,156,157,158,159,160,161,164
0240_01111	37,77,85,87,90,91,96,100,103,106,107,110,111,117,118,122,125,128,129,133,134,135,142,145,147,148,151,153,154,155,156,158,161,162,163,164,165
0240_01112	28,29,47,67,73,75,81,83,85,88,89,92,93,96,97,100,102,105,106,108,110,112,117,121,122,124,126,127,130,136,137,140,143,144,146,148,149,150,153,154,155,156,157,158,159,160,161,162,163,164,165
0240_01113	23,72,74,93,106,110,113,117,123,126,127,141,143,144,146,149,150,151,152,154,156,157,158,159,160,161,162,163,164,165
0240_01114	25,65,77,80,98,106,120,121,125,133,135,137,142,145,149,151,156,158,160,161,162,163,165
0240_01115	23,93,105,106,110,113,117,123,125,126,127,143,145,151,152,154,156,157,158,159,160,161,162,163,164,165
0240_01116	50,57,62,66,72,74,76,83,89,96,99,105,112,115,118,123,126,127,132,136,137,140,141,143,144,146,147,149,150,152,154,155,157,159,160,162,163,164,165
0240_01117	15,50,62,66,76,83,89,90,92,93,95,96,97,99,104,105,106,108,109,110,111,112,114,116,117,118,121,123,126,127,129,132,136,137,140,141,143,144,145,146,147,149,150,151,152,153,154,155,156,157,158,159,160,161,162,163,164,165
0240_01118	32,33,37,38,42,51,52,55,58,60,61,62,65,67,69,73,75,77,79,80,83,85,87,88,93,94,95,96,97,102,103,106,107,110,112,113,117,120,121,122,124,127,130,133,134,135,136,137,142,143,144,146,148,149,150,151,154,156,158,159,160,161,162,163,164,165
0240_01120	29,48,72,93,102,103,106,107,112,124,126,130,134,139,140,146,148,149,157,159,160,164
0240_01121	25,65,77,80,82,85,86,87,98,100,103,106,107,114,116,120,121,122,133,134,135,137,138,141,142,148,149,151,153,155,156,158,160,161,162,163,165
0240_01122	66,87,90,92,95,103,104,107,108,110,111,112,114,115,116,117,129,132,134,136,141,144,149,150,151,152,153,154,155,156,158,159,160,161,162,163,164,165
0240_01123	23,93,106,110,113,117,123,126,127,141,143,144,149,150,151,152,154,156,157,158,159,160,161,162,163,164,165
0240_01124	26,50,53,57,66,72,76,83,89,90,91,93,96,98,99,105,108,109,112,114,115,116,120,123,126,127,128,131,132,137,139,140,141,143,145,146,149,150,152,153,154,155,157,159,160,163,164,165
0240_01126	24,71,72,78,87,89,92,93,94,97,102,103,107,109,110,111,113,114,117,119,123,124,125,126,127,134,140,141,143,144,145,146,149,150,152,153,154,155,156,157,159,160,161,162,163,164,165
0240_01127	35,37,44,49,65,77,80,89,92,93,97,98,106,110,113,117,120,121,123,125,126,127,137,140,141,142,143,144,145,146,149,150,152,154,156,157,159,160,161,162,163,164,165,166
0240_01128	37,74,77,85,86,87,93,103,106,107,110,117,122,133,134,135,141,142,144,148,149,150,151,154,156,158,160,161,162,163,164,165
0240_01129	37,74,77,85,86,87,93,103,106,107,110,113,117,122,125,126,127,133,134,135,142,143,145,148,149,151,152,154,156,157,158,159,160,161,162,163,164,165
0240_01130	37,74,77,85,86,90,91,93,101,104,106,110,111,117,118,122,128,129,133,142,147,148,149,151,154,156,158,160,161,164,165
0240_01131	24,25,43,49,52,57,63,70,71,77,78,79,82,83,86,90,91,93,94,96,97,100,102,106,108,109,117,119,122,124,128,129,130,131,132,137,138,142,146,147,148,151,153,155,156,157,158,159,160,161,164,165
0240_01132	23,57,62,72,83,89,93,96,106,109,110,113,117,120,123,126,127,132,137,138,140,143,144,146,147,150,151,152,153,154,156,157,158,159,160,161,162,163,164,165
0240_01133	37,74,77,85,86,93,106,110,117,122,133,135,142,148,149,151,154,156,158,160,161,162,163,164,165
0240_01134	27,42,51,55,58,60,61,66,67,73,74,86,87,88,92,93,97,102,104,106,107,110,111,112,115,117,124,125,130,131,132,133,134,135,136,140,141,142,144,145,146,148,149,150,151,153,154,155,156,158,159,160,161,162,163,164,165
0240_01135	37,43,65,77,80,87,98,103,106,107,110,117,121,125,131,133,134,135,137,142,145,151,154,156,158,161,162,163,164,165
0240_01136	57,72,83,85,92,93,95,96,110,117,122,123,126,133,135,136,137,140,141,144,146,148,149,150,152,154,156,157,158,159,160,161,162,163,164,165
0240_01137	37,42,43,77,87,89,92,97,103,106,107,110,112,113,117,125,126,127,131,133,134,135,136,142,143,144,145,146,150,151,152,154,156,157,158,159,161,162,163,164,165
0240_01138	25,42,43,52,66,69,74,77,78,79,80,82,90,94,98,99,100,106,107,112,115,119,120,121,124,125,131,133,134,137,138,142,145,149,151,153,156,158,160,161,162,163,165
0240_01139	26,50,53,57,66,72,76,83,89,90,91,93,96,98,99,105,108,109,112,114,115,116,120,123,126,127,128,129,131,132,137,139,140,141,143,145,146,147,149,150,152,153,154,155,157,159,160,163,164,165
0240_01140	23,59,64,81,88,93,106,110,113,117,123,126,127,141,143,144,149,150,151,152,154,156,157,158,159,160,161,162,163,164,165
0240_01141	25,47,53,59,64,65,74,77,80,81,82,86,88,90,93,97,98,100,104,106,108,109,111,115,116,118,120,121,126,131,132,133,135,137,138,141,142,147,149,151,153,155,156,157,158,160,161,162,163,164,165
0240_01142	24,26,50,53,57,66,71,72,74,76,78,83,89,90,91,93,94,96,97,98,99,102,105,108,109,111,112,115,116,119,120,123,124,126,127,128,129,131,132,133,137,139,140,141,143,145,146,149,150,152,153,154,156,157,159,160,161,163,164,165
0240_01143	21,24,38,45,49,56,63,65,70,71,76,77,79,80,85,86,87,90,93,94,97,98,99,100,102,103,107,108,114,116,119,121,122,124,130,134,137,138,142,148,149,151,153,155,156,158,159,160,161,162,163,164,165
0240_01144	23,74,93,106,110,113,117,123,126,127,141,143,149,151,152,154,156,157,158,159,160,161,162,163,164,165
0240_01145	37,52,65,69,75,77,78,79,80,90,94,95,98,100,106,110,111,115,117,119,120,121,122,124,127,130,133,137,142,143,145,148,150,151,153,154,156,158,160,161,162,163,164,165
0240_01146	50,57,76,89,90,91,92,97,98,99,108,109,110,116,117,118,132,133,135,137,145,147,150,151,152,153,154,156,157,158,159,160,161,162,163,164,165
0240_01147	65,87,97,98,103,105,107,121,123,125,134,137,139,144,145,150,154,156,157,159,160,161,162,163,164,165
0240_01148	34,50,57,72,76,83,89,93,96,98,99,105,109,113,116,120,125,126,127,132,137,140,141,143,144,145,146,149,150,152,153,154,157,159,160,162,163,164,165
0240_01149	25,37,53,65,77,80,82,93,97,98,100,104,106,110,111,113,114,115,117,120,121,126,127,131,133,135,137,141,142,143,149,151,153,155,156,157,158,160,161,162,163,164,165
0240_01150	26,50,57,72,74,76,85,86,89,93,95,96,98,99,105,108,111,114,116,118,120,122,123,126,127,128,129,132,133,136,137,140,141,143,145,146,147,148,149,150,152,154,155,156,157,158,159,160,161,163,164,165
0240_01151	36,37,47,52,65,66,74,77,79,80,81,83,85,88,93,94,96,97,106,110,112,117,120,121,122,124,133,135,137,141,142,148,149,151,154,156,158,160,161,162,164,165
0240_01152	32,33,36,37,43,47,52,65,67,70,77,79,80,81,83,88,94,96,106,110,117,120,121,124,130,131,133,135,137,142,151,154,156,158,161,162,163,164,165
0240_01153	23,74,85,86,93,106,110,113,117,122,123,126,127,133,135,141,142,143,144,148,149,150,151,152,154,156,157,158,159,160,161,162,163,164,165
0240_01154	42,72,82,87,90,92,95,100,106,107,110,112,113,114,117,125,126,127,128,132,134,143,144,145,150,151,152,153,154,155,156,157,158,159,160,161,162,163,164,165
0240_01155	23,52,62,68,69,74,93,94,95,97,106,110,113,117,123,124,125,126,127,131,133,135,141,142,143,144,145,146,149,150,151,152,154,156,157,158,159,160,161,162,163,164,165
0240_01156	23,57,66,72,74,83,93,96,105,106,110,112,113,115,117,123,126,127,132,137,141,143,144,146,149,151,152,154,156,157,158,159,160,161,162,163,164,165
0240_01157	38,46,52,53,62,65,75,77,79,80,83,87,92,93,94,95,96,97,98,103,107,110,117,120,121,122,124,125,131,133,134,135,136,137,142,144,145,148,149,150,151,154,156,158,159,160,161,162,163,164,165
0240_01158	13,24,57,66,71,72,74,75,83,87,89,92,94,96,97,100,102,103,107,108,109,110,111,112,115,117,120,121,122,124,127,128,129,132,134,137,138,143,144,148,149,150,153,154,155,156,157,158,159,160,161,162,163,164,165
0240_01159	22,25,62,65,77,80,98,106,120,121,125,133,135,137,142,145,151,156,158,160,161,162,163,165
0240_01160	23,90,97,106,109,110,113,114,117,123,125,126,127,131,133,135,136,140,142,143,145,146,151,152,153,154,155,156,157,158,159,160,161,162,163,164,165
0240_01161	29,67,73,81,88,92,93,102,104,106,108,110,111,112,116,117,124,126,130,132,141,146,148,149,151,153,154,155,156,157,158,159,160,161,164
0240_01162	36,37,47,51,52,55,58,59,60,61,64,65,67,73,77,79,80,81,83,85,88,93,94,95,96,97,102,106,110,112,114,117,120,121,122,124,130,132,133,135,136,137,141,142,146,148,149,151,153,154,155,156,158,159,160,161,162,164,165
0240_01164	24,38,42,49,56,63,65,70,71,77,79,80,87,94,97,98,102,103,106,107,112,119,121,122,124,125,130,133,134,135,136,137,140,142,144,145,146,148,150,151,156,158,159,161,162,163,164,165
0240_01165	25,32,33,42,47,51,52,55,58,59,60,61,64,65,67,69,73,77,79,80,81,83,87,88,94,95,96,97,98,102,105,106,107,112,117,120,121,122,124,125,130,133,134,135,136,137,142,144,145,148,150,151,156,158,159,160,161,162,163,164,165
0240_01166	37,42,74,77,85,86,93,106,107,110,112,117,122,133,134,135,142,148,149,151,154,156,158,160,161,162,163,164,165
0240_01167	24,42,57,65,71,72,77,78,79,80,87,89,92,93,94,95,97,98,102,103,107,109,110,111,113,117,119,120,121,124,125,126,127,130,132,134,137,138,140,142,143,144,145,146,147,150,152,153,156,157,159,160,161,162,163,164,165
0240_01169	52,66,69,74,87,92,94,95,103,107,110,112,117,122,124,125,134,136,141,142,145,148,149,151,154,156,158,159,160,161,162,163,164,165
0240_01170	25,32,33,37,43,47,51,52,55,58,59,60,61,64,65,67,69,73,75,77,79,80,81,83,87,88,89,92,93,94,95,96,97,98,102,103,106,107,110,112,113,117,120,121,122,123,124,126,127,130,131,133,134,135,136,137,140,141,142,143,144,146,148,149,150,151,154,156,157,158,159,160,161,162,163,164,165
0240_01171	29,48,50,67,73,76,81,88,89,93,99,102,106,112,123,124,126,130,140,141,146,148,149,154,157,159,160,164
0240_01172	13,24,37,46,71,72,77,87,93,94,95,102,106,107,110,117,122,124,126,133,134,135,142,148,149,151,154,156,157,158,159,160,161,162,163,164,165
0240_01190	54,66,72,90,91,96,104,105,108,112,115,116,118,123,127,128,129,131,132,139,140,141,143,145,146,147,149,150,152,154,155,157,159,160,163,164,165
0240_01191	54,66,72,90,91,96,104,105,108,112,115,116,118,123,127,128,129,131,132,139,140,141,143,145,146,147,149,150,152,154,155,157,159,160,163,164,165
0240_01196	54,66,82,90,91,92,95,96,100,104,105,108,110,111,112,115,116,117,118,123,127,128,129,131,132,136,139,140,141,143,145,146,147,149,150,151,152,153,154,155,156,157,158,159,160,161,163,164,165
0240_01198	54,66,82,90,91,92,95,96,100,104,105,108,110,111,112,115,116,117,118,123,127,128,129,131,132,136,139,140,141,143,145,146,147,149,150,151,152,153,154,155,156,157,158,159,160,161,163,164,165
0240_01199	54,66,82,90,91,92,95,96,100,104,105,108,110,111,112,115,116,117,118,123,127,128,129,131,132,136,139,140,141,143,145,146,147,149,150,151,152,153,154,155,156,157,158,159,160,161,163,164,165
0240_01200	54,66,82,90,91,92,95,96,100,104,105,108,110,111,112,115,116,117,118,123,127,128,129,131,132,136,139,140,141,143,145,146,147,149,150,151,152,153,154,155,156,157,158,159,160,161,163,164,165
0240_01207	39,40,48,51,53,55,58,60,61,66,67,69,73,82,88,90,91,92,96,97,100,102,104,105,106,108,110,111,112,115,116,117,118,124,127,128,129,130,131,132,136,138,139,140,141,143,145,146,147,148,149,150,151,152,153,154,155,156,157,158,159,160,161,163,164,165
0240_01209	39,40,48,51,53,54,55,58,60,61,66,67,69,72,73,82,88,90,91,92,96,97,100,102,104,105,106,108,110,111,112,115,116,117,118,124,127,128,129,130,131,132,136,138,139,140,141,143,145,146,147,148,149,150,151,152,153,154,155,156,157,158,159,160,161,163,164,165
0240_01210	39,40,48,51,53,54,55,58,60,61,66,67,69,72,73,82,88,90,91,92,96,97,100,102,104,105,106,108,110,111,112,115,116,117,118,124,127,128,129,130,131,132,136,138,139,140,141,143,145,146,147,148,149,150,151,152,153,154,155,156,157,158,159,160,161,163,164,165
0240_01211	39,40,48,51,53,54,55,58,60,61,66,67,69,72,73,82,88,90,91,92,96,97,100,102,104,105,106,108,110,111,112,115,116,117,118,124,127,128,129,130,131,132,136,138,139,140,141,143,145,146,147,148,149,150,151,152,153,154,155,156,157,158,159,160,161,163,164,165
0240_01212	39,40,48,51,53,54,55,58,60,61,66,67,69,72,73,82,88,90,91,92,96,97,100,102,104,105,106,108,110,111,112,115,116,117,118,124,127,128,129,130,131,132,136,138,139,140,141,143,145,146,147,148,149,150,151,152,153,154,155,156,157,158,159,160,161,163,164,165
0240_01216	66,90,91,96,104,105,108,112,115,116,118,123,127,128,129,131,132,139,140,141,143,145,146,147,149,150,152,154,155,157,159,160,163,164,165
0240_01218	39,40,48,49,51,55,58,59,60,61,64,65,67,73,75,81,85,88,93,97,98,102,106,112,121,122,124,130,136,137,146,148,158,159,160,161,162,163,164,165
0240_01219	39,40,48,49,51,55,58,59,60,61,64,65,67,73,75,81,85,88,97,98,100,102,106,112,114,121,122,124,130,136,137,146,148,153,155,158,159,160,161,162,163,164,165
0240_01220	39,40,48,49,51,55,58,59,60,61,64,65,67,73,75,81,85,88,97,98,100,102,106,111,112,114,115,121,122,124,130,136,137,146,147,148,153,155,158,159,160,161,162,163,164,165
0240_01221	39,40,48,49,51,55,58,59,60,61,64,65,67,73,75,81,85,88,97,98,100,102,106,111,112,114,115,116,118,121,122,124,130,136,137,146,147,148,153,155,158,159,160,161,162,163,164,165
0240_01222	39,40,48,49,51,55,58,59,60,61,64,65,67,73,75,81,85,88,97,98,100,102,106,108,111,112,114,115,116,118,121,122,124,129,130,136,137,146,147,148,153,155,158,159,160,161,162,163,164,165
0240_01223	39,40,48,49,51,55,58,59,60,61,64,65,67,73,75,81,85,88,97,98,100,102,106,108,111,112,114,115,116,118,121,122,124,128,129,130,136,137,146,147,148,153,155,158,159,160,161,162,163,164,165
0240_01224	39,40,48,49,51,55,58,59,60,61,64,65,67,73,75,81,85,88,97,98,100,102,106,108,111,112,114,115,116,118,121,122,124,128,129,130,136,137,146,147,148,153,155,158,159,160,161,162,163,164,165
0240_01225	39,40,48,49,51,55,58,59,60,61,64,65,67,73,75,81,85,88,97,98,100,102,106,108,111,112,114,115,116,118,121,122,124,128,129,130,136,137,146,147,148,153,155,158,159,160,161,162,163,164,165
0240_01226	39,40,48,49,51,55,58,59,60,61,64,65,67,73,75,81,85,88,97,98,100,102,106,108,111,112,114,115,116,118,121,122,124,128,129,130,136,137,146,147,148,153,155,158,159,160,161,162,163,164,165
0240_01227	39,40,48,49,51,55,58,59,60,61,64,65,67,73,75,81,85,88,97,98,100,102,106,108,111,112,114,115,116,118,121,122,124,128,129,130,136,137,146,147,148,153,155,158,159,160,161,162,163,164,165
0240_01228	39,40,48,49,51,55,58,59,60,61,64,65,67,73,75,81,85,88,97,98,100,102,106,108,111,112,114,115,116,118,121,122,124,128,129,130,136,137,146,147,148,153,155,158,159,160,161,162,163,164,165
0240_01229	39,40,48,49,51,55,58,59,60,61,64,65,67,73,75,81,85,88,97,98,100,102,106,108,111,112,114,115,116,118,121,122,124,128,129,130,136,137,146,147,148,153,155,158,159,160,161,162,163,164,165
0240_01230	39,40,48,49,51,55,58,59,60,61,64,65,67,73,75,81,85,88,97,98,100,102,106,108,111,112,114,115,116,118,121,122,124,128,129,130,136,137,146,147,148,153,155,158,159,160,161,162,163,164,165
0240_01231	39,40,48,49,51,55,58,59,60,61,64,65,67,73,75,81,85,88,97,98,100,102,106,108,111,112,114,115,116,118,121,122,124,128,129,130,136,137,146,147,148,153,155,158,159,160,161,162,163,164,165
0240_01232	39,40,48,49,51,55,58,59,60,61,64,65,67,73,75,81,85,88,97,98,100,102,106,108,111,112,114,115,116,118,121,122,124,128,129,130,136,137,146,147,148,153,155,158,159,160,161,162,163,164,165
0240_01233	39,40,48,49,51,55,58,59,60,61,64,65,67,73,75,81,85,88,97,98,100,102,106,108,111,112,114,115,116,118,121,122,124,128,129,130,136,137,146,147,148,153,155,158,159,160,161,162,163,164,165
0240_01234	39,40,48,49,51,55,58,59,60,61,64,65,67,73,75,81,85,88,97,98,100,102,106,108,111,112,114,115,116,118,121,122,124,128,129,130,136,137,146,147,148,153,155,158,159,160,161,162,163,164,165
0240_01235	39,40,48,49,51,55,58,59,60,61,64,65,67,73,75,81,85,88,97,98,100,102,106,108,111,112,114,115,116,118,121,122,124,128,129,130,136,137,146,147,148,153,155,158,159,160,161,162,163,164,165
0240_01236	39,40,48,49,51,55,58,59,60,61,64,65,67,73,75,81,85,88,97,98,100,102,106,108,111,112,114,115,116,118,121,122,124,128,129,130,136,137,146,147,148,153,155,158,159,160,161,162,163,164,165
0240_01237	39,40,48,49,51,55,58,59,60,61,64,65,67,73,75,81,85,88,97,98,100,102,106,108,111,112,114,115,116,118,121,122,124,128,129,130,136,137,146,147,148,153,155,158,159,160,161,162,163,164,165
