id	bits.on
0062_00001	54,66,84,90,91,95,96,104,111,112,118,123,131,133,139,147,151,154,156,157,158,159,161,164,165
0062_00002	72,93,99,113,126,127,139,143,144,146,150,152,154,157,159,160,162,163,164,165
0062_00003	54,72,82,84,95,100,104,113,127,131,132,139,143,144,146,150,151,152,153,155,157,158,159,161,162,163,164,165
0062_00004	50,53,54,72,76,89,90,91,99,104,123,127,131,132,139,140,143,146,150,152,154,157,159,163,164,165
0062_00005	72,91,114,115,123,136,139,146,149,152,154,155,157,159,160,164
0062_00006	82,84,87,90,91,100,103,104,107,123,131,132,134,139,151,153,154,155,157,158,159,161,162,163,164,165
0062_00007	54,82,86,93,95,100,104,113,115,127,131,132,139,143,151,152,153,155,157,158,159,160,161,162,163,164,165
0062_00008	65,79,98,105,120,121,125,137,142,145,156,161,162,163,165
0062_00009	25,43,53,74,77,78,80,84,85,86,93,106,119,122,131,142,148,149,151,156,158,160,161
0062_00010	22,54,66,84,90,95,104,111,112,123,131,133,139,151,154,156,157,158,159,161,164,165
0062_00011	84,113,127,131,133,135,139,143,151,152,156,157,158,161,162,163,164,165
0062_00012	65,82,83,84,90,91,96,100,104,105,111,113,121,127,131,137,139,142,143,147,151,152,153,155,156,157,158,161,162,163,164,165
0062_00013	37,38,43,65,77,80,84,97,98,106,110,113,117,120,121,127,131,133,135,137,142,143,144,150,151,154,156,158,160,161,162,163,164,165
0062_00014	38,50,54,65,74,76,77,79,80,82,83,91,96,98,99,100,105,116,120,121,131,133,135,137,142,149,151,153,155,156,158,160,161,162,163,165
0062_00015	38,54,65,77,79,80,83,84,96,98,105,120,121,131,133,135,137,142,151,156,158,161,162,163,165
0062_00016	38,53,54,57,62,65,72,75,77,79,80,82,83,84,85,89,90,91,92,95,96,97,98,105,109,110,117,120,121,122,127,131,132,133,135,137,139,140,142,143,146,148,150,151,152,153,155,156,157,158,159,161,162,163,164,165
0062_00017	53,84,97,123,131,133,135,139,144,150,151,154,156,157,158,159,161,162,163,164,165
0062_00018	82,84,90,91,100,104,111,118,128,129,131,138,142,147,151,153,155,158,161
0062_00019	37,38,65,75,77,79,80,83,85,89,92,93,95,96,97,98,105,106,110,113,117,120,121,122,127,136,137,141,142,143,144,148,149,150,154,156,158,159,160,161,162,163,164,165
0062_00020	54,82,84,95,100,104,123,131,132,139,151,153,154,155,157,158,159,161,164
0062_00021	53,54,65,77,79,80,83,84,90,95,96,104,111,120,121,123,131,137,139,142,151,154,155,156,157,158,159,161,162,164,165
0062_00022	54,74,84,90,95,104,111,115,123,131,139,149,151,154,155,156,157,158,159,160,161,164
0062_00023	54,84,86,88,90,91,93,95,104,111,115,116,123,131,139,147,151,153,154,155,156,157,158,159,160,161,164
0062_00024	54,84,90,95,104,111,123,131,139,151,154,155,156,157,158,159,161,162,163,164,165
0062_00025	54,65,83,84,90,91,95,96,104,105,111,121,123,131,137,139,142,151,154,155,156,157,158,159,161,162,163,164,165
0062_00026	54,84,90,95,104,111,113,123,127,131,139,143,146,151,152,154,155,156,157,158,159,161,162,163,164,165
0062_00027	53,54,57,72,82,89,90,91,98,109,120,123,126,127,131,132,137,138,139,140,143,145,146,150,152,153,155,157,159,163,164,165
0062_00028	53,54,57,72,82,83,89,90,91,96,98,109,112,120,123,126,127,128,131,132,137,138,139,140,143,146,150,152,153,155,157,159,163,164,165
0062_00029	37,43,53,65,77,80,89,92,97,98,106,110,113,117,120,121,127,131,136,137,142,143,151,154,156,159,161,162,163,164,165
0062_00030	54,84,90,91,95,97,104,111,123,131,132,133,135,136,139,142,144,146,150,151,152,154,155,156,157,158,159,161,162,163,164,165
0062_00031	82,84,90,91,100,104,111,118,129,131,138,142,147,151,153,155,158,161
0062_00032	65,82,83,84,90,91,96,100,104,105,111,121,131,137,142,147,151,153,155,156,158,161,162,163,165
0062_00033	53,54,66,72,74,82,89,90,91,92,95,97,100,104,109,110,111,112,115,117,123,131,132,136,138,139,140,146,147,149,151,152,153,154,155,156,157,158,159,160,161,164
0062_00034	65,92,98,110,113,117,121,127,137,143,151,154,156,161,162,163,164,165
0062_00035	103,104,123,132,134,139,153,154,155,157,159,164
0062_00036	82,84,90,91,100,104,108,111,114,115,116,118,128,129,147,151,153,155,158,160,161
0062_00037	65,83,96,97,105,121,137,151,154,156,161,162,163,164,165
0062_00038	53,89,123,131,136,139,140,146,154,157,159,160,164
0062_00039	72,82,89,93,99,109,113,126,127,131,139,140,143,144,146,149,150,152,153,155,157,159,160,162,163,164,165
0062_00040	72,93,99,113,123,126,127,131,139,140,143,144,146,150,152,154,157,159,160,162,163,164,165
0062_00041	84,123,131,133,135,139,151,154,156,157,158,159,161,162,163,164,165
0062_00042	29,38,43,48,54,57,62,65,69,72,75,77,79,80,83,84,85,89,90,91,92,95,96,97,98,102,105,106,109,110,112,117,120,121,122,124,126,127,130,131,132,133,135,137,139,140,142,143,146,148,150,151,152,153,155,156,157,158,159,161,162,163,164,165
0062_00043	53,65,77,79,80,82,83,84,90,96,100,104,111,120,121,131,137,142,147,151,153,155,156,158,161,162,165
0062_00044	25,43,54,74,77,78,79,84,90,91,92,95,100,104,106,108,110,111,115,117,118,119,131,136,140,141,142,146,147,149,151,153,154,155,156,158,159,160,161,164
0062_00045	38,49,54,57,61,62,65,72,75,77,79,80,83,84,85,86,88,89,90,91,92,93,95,96,97,98,104,105,110,111,115,116,117,120,121,122,123,127,129,131,132,133,135,137,138,139,140,142,143,146,147,148,150,151,152,153,154,155,156,157,158,159,160,161,162,163,164,165
0062_00046	62,65,75,80,83,85,86,93,96,98,100,108,111,115,116,118,120,121,122,137,142,147,148,150,153,156,158,160,161,162,163,165
0062_00047	29,43,48,54,69,84,95,102,106,112,124,130,131,139,146,148,151,156,158,159,160,161,164
0062_00048	38,53,57,62,65,72,75,77,79,80,82,83,84,85,89,90,91,92,96,97,98,104,105,109,110,111,117,120,121,122,127,128,129,131,132,133,135,137,139,142,143,146,148,150,151,152,153,155,156,157,158,159,161,162,163,164,165
0062_00049	29,38,43,48,57,62,65,69,72,75,77,79,80,83,84,85,89,90,92,96,97,98,102,104,105,106,109,110,111,112,117,120,121,122,124,126,127,128,129,130,131,132,133,135,137,139,140,142,143,146,148,150,151,152,153,155,156,157,158,159,161,162,163,164,165
0062_00050	37,38,53,57,62,65,72,75,77,80,82,83,84,85,89,90,91,92,96,97,98,104,106,109,110,111,113,117,120,121,122,127,128,129,131,132,133,135,137,139,140,142,143,144,146,148,150,151,152,153,154,155,156,157,158,159,161,162,163,164,165
0062_00051	29,38,43,48,57,62,65,69,72,75,77,79,80,83,85,89,90,92,95,96,97,98,102,104,105,106,109,110,111,112,113,117,120,121,122,124,126,127,128,129,130,131,132,133,136,137,139,140,142,143,146,148,150,151,152,153,154,155,156,157,158,159,161,162,163,164,165
0062_00052	29,43,48,53,57,69,72,83,89,90,91,96,102,104,106,109,112,123,124,126,127,128,129,130,131,132,137,139,140,143,146,148,150,152,153,155,157,159,164,165
0062_00053	29,37,43,48,57,62,65,69,72,75,77,80,83,85,89,90,91,92,96,97,98,102,104,106,109,110,111,112,113,117,120,121,122,124,126,127,128,129,130,131,132,133,136,137,139,140,142,143,144,146,148,150,151,152,153,154,155,156,157,158,159,161,162,163,164,165
0062_00054	54,72,84,90,91,95,104,111,113,123,127,131,139,140,143,144,146,150,151,152,154,155,156,157,158,159,161,162,163,164,165
0062_00055	72,89,93,99,113,123,126,127,131,139,140,143,144,146,149,150,152,154,157,159,160,162,163,164,165
0062_00056	25,43,52,65,69,77,79,80,83,84,94,96,106,120,121,124,131,133,135,137,142,151,156,158,161,162,165
0062_00057	29,38,48,53,54,57,62,65,66,69,72,74,75,77,79,80,82,83,84,85,88,89,90,91,92,95,96,97,98,100,102,104,105,106,109,110,111,112,115,117,118,120,121,122,124,126,127,128,129,130,131,132,133,135,136,137,138,139,140,142,143,146,147,148,149,150,151,152,153,154,155,156,157,158,159,160,161,162,163,164,165
0062_00058	30,49,74,85,86,93,95,100,108,109,111,112,115,116,122,123,126,132,138,141,147,148,149,153,154,155,157,158,159,160,161,164
0062_00059	66,84,91,101,104,105,111,112,128,133,145,151,156,158,161,163,165
0062_00060	84,133,135,151,156,158,161,162,163,165
0062_00061	25,43,53,54,77,78,84,90,91,95,97,100,104,106,111,118,119,123,131,132,136,139,140,142,146,147,151,153,154,155,156,157,158,159,161,164
0062_00062	38,43,77,78,84,119,131,142,151,156,158,161,162,163,165
0062_00063	30,49,74,85,86,93,95,100,112,115,122,132,141,148,149,153,154,155,158,160,161,164
0062_00064	25,43,75,77,78,79,83,85,86,90,91,92,93,95,96,97,100,104,106,110,111,115,117,119,120,121,122,127,131,132,133,137,142,143,148,150,151,153,154,156,158,160,161,164,165
0062_00065	37,38,53,54,57,62,65,72,75,77,80,82,83,84,85,89,90,91,92,95,96,97,98,106,109,110,113,117,120,121,122,127,131,132,133,135,137,139,140,142,143,144,146,148,150,151,152,153,154,155,156,157,158,159,161,162,163,164,165
0062_00066	29,37,38,48,57,62,65,69,72,75,77,80,83,84,85,89,90,91,92,95,96,97,98,102,105,106,109,110,112,113,117,120,121,122,124,127,130,131,132,133,135,136,137,139,140,142,143,144,145,146,148,150,151,152,153,154,156,157,158,159,161,162,163,164,165
0062_00067	29,30,37,38,48,49,54,57,62,65,69,72,74,75,77,80,83,84,85,86,89,90,91,92,93,95,96,97,98,100,102,106,109,110,111,112,113,115,116,117,120,121,122,124,126,127,130,131,132,133,135,136,137,138,139,140,141,142,143,144,146,147,148,149,150,151,152,153,154,155,156,157,158,159,160,161,162,163,164,165
0062_00068	37,38,43,65,77,80,84,97,98,106,110,113,117,120,121,127,131,133,135,137,142,143,151,154,156,158,161,162,163,164,165
0062_00069	53,54,57,72,82,84,89,90,91,95,97,98,109,123,127,131,132,133,137,139,140,143,146,150,151,152,153,155,156,157,158,159,161,163,164,165
0062_00070	54,84,90,91,95,104,111,118,123,131,136,139,140,142,146,147,151,154,155,156,157,158,159,161,164
0062_00071	29,43,48,54,69,72,89,90,102,104,106,109,112,124,126,130,131,132,136,139,140,146,148,152,153,154,155,157,159,164
0062_00072	29,43,48,53,54,57,69,72,89,90,91,98,102,106,109,112,123,124,126,127,130,131,132,137,139,140,143,146,148,150,152,153,155,157,159,163,164,165
0062_00073	54,82,86,91,95,100,104,109,111,118,128,129,131,132,138,139,147,151,153,155,157,158,159,161,164
0062_00074	53,54,79,82,84,90,95,97,100,104,111,123,131,139,142,151,153,154,155,156,157,158,159,161,164
0062_00075	14,36,67,81,83,88,90,91,96,104,118,120,123,124,128,129,132,137,139,147,153,154,155,157,159,164,165
0062_00076	53,54,72,89,90,91,104,123,131,132,136,139,140,146,152,154,155,157,159,164
0062_00077	29,43,48,53,54,57,69,72,89,90,91,98,102,106,109,112,123,124,126,127,130,131,132,137,139,140,143,146,148,150,152,153,155,157,159,163,164,165
0062_00078	29,43,48,53,54,69,72,89,102,106,112,124,126,127,130,131,136,139,140,143,146,148,150,152,157,159,163,164,165
0062_00079	29,37,38,43,48,53,54,65,69,72,75,77,79,80,85,89,90,91,92,95,97,98,100,102,104,105,106,109,110,112,113,117,120,121,122,124,126,127,128,130,131,132,136,137,138,139,140,142,143,144,145,146,148,149,150,151,152,153,154,155,156,157,158,159,160,161,162,163,164,165
0062_00080	99,123,131,136,139,140,146,154,157,159,164
0062_00081	65,95,98,114,115,116,118,121,123,137,139,147,154,155,156,157,159,160,161,162,163,164,165
0062_00082	14,54,67,79,82,84,88,90,91,92,95,100,104,110,111,117,118,123,124,128,129,131,132,136,138,139,140,142,146,147,151,153,154,155,156,157,158,159,161,164
0062_00083	54,79,82,84,91,92,95,100,104,110,111,117,123,129,131,132,136,138,139,142,146,151,153,154,155,156,157,158,159,161,164
0062_00084	25,38,43,54,65,77,79,80,83,84,92,95,96,97,98,105,106,110,113,117,120,121,127,131,133,135,137,142,143,151,154,156,158,161,162,163,164,165
0062_00085	25,38,43,53,54,57,62,65,72,75,77,79,80,82,83,84,85,89,90,91,92,95,96,97,98,105,106,109,110,113,117,120,121,122,127,131,132,133,135,137,139,140,142,143,146,148,150,151,152,153,154,155,156,157,158,159,161,162,163,164,165
0062_00086	25,29,38,43,48,53,54,57,62,65,69,72,75,77,79,80,82,83,84,85,89,90,91,92,95,96,97,98,102,105,106,109,110,112,113,117,120,121,122,123,124,126,127,130,131,132,133,135,136,137,138,139,140,142,143,145,146,148,150,151,152,153,154,155,156,157,158,159,161,162,163,164,165
0062_00087	53,84,97,123,131,133,135,139,144,150,151,154,156,157,158,159,161,162,163,164,165
0062_00088	30,49,74,85,86,93,95,100,112,115,122,123,132,141,148,149,153,154,155,157,158,159,160,161,164
0062_00089	30,49,74,82,85,86,93,95,100,104,109,111,112,115,116,122,132,138,139,141,147,148,149,153,155,157,158,160,161,164
0062_00090	22,54,66,84,90,95,104,111,112,123,131,133,139,151,154,156,157,158,159,161,164,165
0062_00091	25,43,75,77,78,79,83,85,86,90,91,92,93,95,96,97,100,104,106,110,111,115,117,119,120,121,122,127,131,132,133,137,142,143,148,150,151,153,154,156,158,160,161,164,165
0062_00092	29,43,48,69,72,82,89,90,102,106,109,112,124,126,130,131,132,136,138,139,140,146,148,152,153,154,155,157,159,164
0062_00093	74,85,86,93,95,100,104,115,122,123,132,139,148,149,153,154,155,157,158,159,160,161,164
0062_00094	25,43,77,78,84,90,95,100,104,106,119,123,131,132,139,142,151,153,154,155,156,157,158,159,161,164
0062_00095	38,54,65,77,79,80,83,92,95,96,97,98,105,110,113,117,120,121,127,131,137,142,143,151,154,156,161,162,163,164,165
0062_00096	65,80,84,92,97,98,110,117,121,137,142,151,154,156,158,161,162,163,164,165
0062_00097	74,85,86,93,122,133,135,148,149,156,158,160,161,162,163,165
0062_00098	84,123,131,133,135,139,151,154,156,157,158,159,161,162,163,164,165
0062_00099	29,30,43,48,49,69,74,85,86,90,91,93,95,100,102,106,109,111,112,115,116,122,124,126,130,131,132,138,139,140,141,146,147,148,149,153,155,157,158,159,160,161,164
0062_00100	82,84,90,91,100,104,111,118,129,131,138,142,147,151,153,155,158,161
0062_00101	65,82,89,91,95,97,98,109,113,121,127,131,137,139,143,144,146,150,152,153,154,155,156,157,159,160,161,162,163,164,165
0062_00102	53,65,82,84,90,91,95,97,98,100,108,109,113,121,127,129,131,137,138,139,142,143,144,150,151,152,153,155,156,157,158,159,160,161,162,163,164,165
0062_00103	53,80,82,84,86,90,91,100,104,111,118,128,129,131,138,142,147,151,153,155,158,161
0062_00104	37,38,43,53,54,65,77,79,80,83,89,92,95,96,97,98,105,106,110,113,117,120,121,127,131,136,137,142,143,151,154,156,159,161,162,163,164,165
0062_00105	72,87,103,104,107,109,113,123,126,127,132,134,139,143,144,146,150,152,153,154,155,157,159,162,163,164,165
0062_00106	65,83,90,91,96,104,105,113,121,123,127,131,132,137,139,143,146,151,152,154,155,156,157,159,161,162,163,164,165
0062_00107	37,38,65,75,77,79,80,83,85,89,92,93,95,96,97,98,105,106,110,113,117,120,121,122,127,136,137,142,143,144,148,149,150,151,154,156,158,159,160,161,162,163,164,165
0062_00108	32,33,51,55,58,59,60,61,64,67,69,73,81,82,84,88,89,90,94,95,97,100,102,104,106,111,112,113,114,115,116,117,118,123,124,125,126,127,130,131,133,135,136,139,140,142,143,144,145,146,147,148,150,151,152,153,154,155,156,157,158,159,160,161,162,163,164,165
0062_00109	19,62,75,78,79,80,85,87,92,93,95,100,103,105,107,110,111,116,117,119,120,121,122,125,127,132,134,135,137,142,143,144,145,148,150,153,154,156,158,160,161,162,163,164,165
0062_00110	66,82,84,90,91,100,104,112,118,123,128,129,131,132,139,147,151,153,154,155,157,158,159,161,163,164,165
0062_00111	30,49,72,85,86,89,95,100,108,109,111,112,113,114,116,118,122,126,127,129,132,138,141,142,143,144,146,147,148,149,150,152,153,155,157,158,159,160,161,162,163,164,165
0062_00112	36,79,81,82,85,86,88,91,97,98,100,104,105,108,109,111,113,114,116,122,125,127,129,131,133,135,137,138,139,142,143,145,147,148,149,151,152,153,154,155,156,157,158,159,160,161,162,163,164,165
0062_00113	52,62,65,74,75,80,83,92,93,94,95,96,97,110,113,117,120,121,122,124,127,133,135,137,141,142,143,144,148,149,150,154,156,158,160,161,162,163,164,165
0062_00114	23,66,84,89,90,106,108,109,110,112,114,115,116,117,123,126,129,131,136,138,140,142,146,147,149,151,153,154,155,156,157,158,159,160,161,164
0062_00115	85,86,92,100,110,114,116,117,122,138,141,148,149,153,154,155,156,158,160,161,162,163,164,165
0062_00116	25,38,53,62,65,77,80,84,87,91,98,103,106,107,111,114,120,121,125,131,133,134,135,137,142,144,145,150,151,155,156,158,160,161,162,163,165
0062_00117	53,54,57,72,82,83,89,90,91,96,98,109,112,120,123,126,127,128,131,132,137,138,139,140,143,146,150,152,153,155,157,159,163,164,165
0062_00118	29,38,43,48,53,54,57,62,65,69,72,75,77,79,80,83,84,85,89,90,91,92,95,96,97,98,102,105,106,109,110,112,117,120,121,122,124,126,127,130,131,132,133,135,136,137,139,140,142,143,146,148,150,151,152,153,155,156,157,158,159,161,162,163,164,165
0062_00119	37,53,54,57,62,65,72,75,77,80,82,83,85,89,90,91,92,95,96,97,98,106,109,110,113,117,120,121,122,127,131,132,133,136,137,139,140,142,143,144,146,148,150,151,152,153,154,155,156,157,158,159,161,162,163,164,165
0062_00120	29,37,43,48,54,57,62,65,69,72,75,77,80,83,85,89,90,91,92,95,96,97,98,102,106,109,110,112,113,117,120,121,122,124,126,127,130,131,132,133,136,137,139,140,142,143,144,146,148,150,151,152,153,154,155,156,157,158,159,161,162,163,164,165
0062_00121	29,37,43,48,53,54,57,62,65,69,72,75,77,80,83,85,89,90,91,92,95,96,97,98,102,106,109,110,112,113,117,120,121,122,124,126,127,130,131,132,133,136,137,139,140,142,143,144,146,148,150,151,152,153,154,155,156,157,158,159,161,162,163,164,165
0062_00122	53,54,57,72,82,89,90,91,98,109,123,127,131,132,137,139,140,143,146,150,152,153,155,157,159,163,164,165
0062_00123	54,84,90,95,104,111,113,123,127,131,139,143,146,151,152,154,155,156,157,158,159,161,162,163,164,165
0062_00124	29,38,48,57,62,65,69,72,75,77,79,80,83,84,85,89,90,91,92,95,96,97,98,102,105,106,109,110,112,117,120,121,122,124,127,130,131,132,133,135,137,139,140,142,143,145,146,148,150,151,152,153,156,157,158,159,161,162,163,164,165
0062_00125	29,38,43,48,54,57,62,65,69,72,75,77,79,80,83,84,85,89,90,91,92,95,96,97,98,102,105,106,109,110,112,117,120,121,122,124,126,127,130,131,132,133,135,137,139,140,142,143,146,148,150,151,152,153,155,156,157,158,159,161,162,163,164,165
0062_00126	29,37,38,43,48,54,57,62,65,69,72,75,77,80,83,84,85,89,90,91,92,95,96,97,98,102,106,109,110,112,113,117,120,121,122,124,126,127,130,131,132,133,135,136,137,139,140,142,143,144,146,148,150,151,152,153,154,155,156,157,158,159,161,162,163,164,165
0062_00127	54,84,90,95,104,111,123,131,139,151,154,155,156,157,158,159,161,162,163,164,165
0062_00128	37,38,53,54,57,62,65,72,75,77,80,82,83,84,85,89,90,91,92,95,96,97,98,106,109,110,113,117,120,121,122,127,131,132,133,135,137,139,140,142,143,144,146,148,150,151,152,153,154,155,156,157,158,159,161,162,163,164,165
0062_00129	25,43,54,77,78,84,90,91,95,100,104,106,111,118,119,123,131,139,142,147,151,153,154,155,156,157,158,159,161,164
0062_00130	66,72,89,91,104,108,109,112,114,123,126,128,129,132,136,138,139,140,141,146,149,152,153,154,155,157,159,160,164
0062_00131	53,54,66,72,74,82,89,90,91,92,95,97,100,104,109,110,111,112,115,117,123,131,132,136,138,139,140,146,147,149,151,152,153,154,155,156,157,158,159,160,161,164
0062_00132	66,74,112,113,125,127,131,139,143,145,149,152,157,159,160,162,163,164,165
0062_00133	57,83,89,96,105,123,127,136,137,143,144,146,154,157,159,162,163,164,165
0062_00134	72,83,92,95,96,97,105,110,117,121,127,135,136,137,143,144,150,151,152,154,156,158,159,161,162,163,164,165
0062_00135	54,83,90,91,92,95,96,104,110,111,117,121,123,127,131,132,136,137,139,143,146,147,151,154,156,157,158,159,161,164,165
0062_00136	33,39,40,43,48,55,58,60,61,67,69,73,88,90,91,94,102,104,106,111,112,117,118,124,129,130,131,133,136,139,146,147,148,151,156,158,159,161,163,164,165
0062_00137	82,86,90,91,98,100,104,111,118,121,129,137,138,147,151,153,158,161,163,165
0062_00138	82,84,90,91,100,104,108,111,114,115,116,118,128,129,147,151,153,155,158,160,161
0062_00139	39,40,48,51,55,58,59,60,61,64,67,69,73,81,88,102,105,106,112,124,125,130,136,139,145,146,148,159,162,163,164,165
0062_00140	29,37,48,53,54,57,62,65,69,72,75,77,80,82,83,85,89,90,91,92,95,96,97,98,102,106,109,110,112,113,117,120,121,122,123,124,126,127,130,131,132,133,136,137,138,139,140,142,143,144,145,146,148,150,151,152,153,154,155,156,157,158,159,161,162,163,164,165
0062_00141	37,74,77,85,86,87,93,103,106,107,110,117,122,133,134,135,142,148,149,151,154,156,158,160,161,162,163,164,165
0062_00142	65,98,105,121,125,137,145,156,161,162,163,165
0062_00143	42,106,107,112,123,134,139,154,157,159,164
0062_00144	65,83,96,97,105,121,137,151,154,156,161,162,163,164,165
0062_00145	30,49,74,85,86,89,93,95,100,104,108,112,115,122,123,132,139,141,146,148,149,152,153,154,155,157,158,159,160,161,164
0062_00146	54,66,72,74,112,123,131,139,146,149,152,154,157,159,160,164
0062_00147	29,38,43,48,57,62,65,69,72,75,77,79,80,83,84,85,89,90,92,96,97,98,102,104,105,106,109,110,111,112,117,120,121,122,124,126,127,128,129,130,131,132,133,135,137,139,140,142,143,146,148,150,151,152,153,155,156,157,158,159,161,162,163,164,165
0062_00148	29,48,49,54,57,62,65,69,72,75,80,83,84,85,89,90,91,92,95,96,97,98,102,106,109,110,112,117,120,121,122,124,126,127,130,131,132,133,136,137,139,140,142,143,146,148,150,151,152,153,154,155,156,157,158,159,161,162,163,164,165
0062_00149	26,50,53,54,57,66,72,74,76,89,90,91,98,99,105,108,112,115,116,118,120,123,126,127,128,129,131,132,136,137,139,140,141,143,145,146,147,149,150,152,154,157,159,160,163,164,165
0062_00150	29,38,48,53,54,57,62,65,69,72,75,77,79,80,82,83,84,85,89,90,91,92,95,96,97,98,102,105,106,109,110,112,117,120,121,122,123,124,126,127,130,131,132,133,135,136,137,138,139,140,142,143,145,146,148,150,151,152,153,155,156,157,158,159,161,162,163,164,165
0062_00151	37,43,77,84,87,103,106,107,110,117,131,133,134,135,142,144,150,151,154,156,158,161,162,163,164,165
0062_00152	29,37,48,53,54,57,62,65,69,72,75,77,80,83,85,89,90,91,92,95,96,97,98,102,106,109,110,112,113,117,120,121,122,123,124,126,127,130,131,132,133,136,137,139,140,142,143,144,145,146,148,150,151,152,153,154,155,156,157,158,159,161,162,163,164,165
0062_00153	53,54,57,72,82,89,90,91,98,109,123,127,131,132,137,139,140,143,146,150,152,153,155,157,159,163,164,165
0062_00154	29,37,48,53,54,57,62,65,69,72,75,77,80,83,85,89,90,91,92,95,96,97,98,102,104,106,109,110,112,113,117,120,121,122,123,124,126,127,130,131,132,133,136,137,138,139,140,142,143,144,145,146,148,150,151,152,153,154,155,156,157,158,159,161,162,163,164,165
0062_00155	32,33,51,55,58,59,60,61,64,67,69,73,81,82,88,90,94,100,102,104,106,111,112,114,115,116,117,118,124,130,136,147,148,151,153,155,156,158,159,160,161,162,163,164,165
0062_00156	53,54,57,72,89,98,123,127,131,137,139,140,143,146,150,152,157,159,160,163,164,165
0062_00157	25,53,65,74,77,80,84,87,98,103,106,107,120,121,131,133,134,135,137,142,149,151,156,158,160,161,162,163,165
0062_00158	23,93,97,106,110,113,117,123,125,126,127,131,133,135,136,140,142,143,145,146,149,151,152,154,156,157,158,159,160,161,162,163,164,165
0062_00159	53,54,57,72,89,98,123,127,131,137,139,140,143,146,150,152,157,159,160,163,164,165
0062_00160	54,84,90,91,95,104,111,123,131,132,136,139,140,146,147,151,154,155,156,157,158,159,161,164
0062_00161	38,49,54,57,61,62,65,72,75,77,79,80,83,84,85,86,88,89,90,91,92,93,95,96,97,98,104,105,110,111,115,116,117,120,121,122,123,127,129,131,132,133,135,137,138,139,140,142,143,146,147,148,150,151,152,153,154,155,156,157,158,159,160,161,162,163,164,165
0062_00162	29,38,43,48,57,62,65,69,72,75,77,79,80,82,83,84,85,89,91,92,95,96,97,98,102,105,106,109,110,112,117,120,121,122,124,126,127,130,131,132,133,135,137,139,140,142,143,146,148,150,151,152,153,155,156,157,158,159,161,162,163,164,165
0062_00163	34,53,57,66,72,74,89,90,91,98,99,104,105,108,112,115,116,123,126,127,131,132,136,137,139,140,141,143,145,146,147,149,150,152,154,157,159,160,163,164,165
0062_00164	28,52,65,75,77,79,80,83,85,92,94,96,97,100,103,108,110,111,117,120,121,122,124,129,132,133,134,135,137,138,142,144,148,149,150,153,154,155,156,158,160,161,162,163,164,165
0062_00165	82,86,93,97,100,104,111,113,115,116,125,126,127,132,143,144,145,147,149,150,151,152,153,155,157,158,160,161,162,163,164,165
0062_00166	26,34,50,66,76,96,99,105,108,112,115,116,118,127,128,129,132,136,143,145,147,149,150,152,154,159,160,163,164,165
0062_00167	37,38,42,53,57,62,65,72,75,77,80,82,83,84,85,87,89,90,92,96,97,98,106,107,109,110,112,113,117,120,121,122,127,131,132,133,134,135,137,139,140,142,143,144,146,148,150,151,152,153,154,155,156,157,158,159,161,162,163,164,165
0062_00168	42,53,62,65,74,75,80,83,85,87,89,90,91,92,96,97,100,104,107,108,110,111,117,121,122,123,125,128,129,131,132,133,134,135,136,137,139,140,142,144,145,146,147,148,149,150,151,152,153,154,155,156,157,158,159,160,161,162,163,164,165
0062_00169	38,53,54,57,62,65,72,75,77,79,80,82,83,84,85,89,90,91,92,95,96,97,98,105,109,110,117,120,121,122,127,131,132,133,135,137,139,140,142,143,146,148,150,151,152,153,155,156,157,158,159,161,162,163,164,165
0062_00170	17,23,27,82,90,100,104,106,109,110,111,114,115,116,117,118,123,126,128,134,138,147,151,153,154,155,156,157,158,159,160,161,164
0062_00171	54,84,90,91,95,104,111,114,115,123,131,139,147,151,154,155,156,157,158,159,160,161,164
0062_00172	32,33,38,51,55,57,58,59,60,61,64,65,67,69,71,73,77,81,83,88,92,94,95,96,97,102,106,110,112,117,120,121,124,130,131,133,135,136,137,140,142,146,148,149,151,152,154,156,158,159,160,161,162,163,164,165
0062_00173	14,54,67,79,82,84,88,90,91,92,95,100,104,110,111,117,118,123,124,128,129,131,132,136,138,139,140,142,146,147,151,153,154,155,156,157,158,159,161,164
0062_00174	25,43,77,78,84,90,91,97,100,104,106,111,119,123,131,132,139,142,147,151,153,154,155,156,157,158,159,161,164
0062_00175	37,38,54,65,75,77,79,80,83,85,89,92,93,95,96,97,98,105,106,110,113,117,120,121,122,127,131,136,137,142,143,144,148,150,151,154,156,158,159,160,161,162,163,164,165
0062_00176	53,54,57,62,72,89,90,98,104,105,113,125,127,131,132,137,139,140,143,144,145,146,150,152,157,159,162,163,164,165
0062_00177	25,32,33,37,43,47,51,55,58,59,60,61,64,65,67,69,73,74,77,79,80,81,85,86,88,89,92,93,94,95,97,98,102,106,110,112,113,117,120,121,122,124,125,126,127,130,131,133,135,136,137,140,141,142,143,144,145,146,148,149,150,151,154,156,157,158,159,160,161,162,163,164,165
0062_00178	13,19,24,26,30,49,50,57,66,71,75,76,80,83,85,86,89,92,94,96,97,98,99,100,101,102,105,109,110,111,112,117,120,121,122,124,127,128,129,132,135,137,138,142,143,144,145,146,147,148,152,153,154,156,157,158,159,161,162,163,164,165
0062_00179	29,43,48,53,54,57,69,72,89,90,91,98,102,106,109,112,123,124,126,127,130,131,132,136,137,139,140,143,146,148,150,152,153,155,157,159,163,164,165
0062_00180	22,25,62,65,77,80,98,106,120,121,125,133,135,137,142,145,151,156,158,160,161,162,163,165
0062_00181	54,74,79,84,90,92,95,104,110,111,113,115,117,123,127,131,136,139,140,141,142,143,146,149,151,152,154,155,156,157,158,159,160,161,162,163,164,165
0062_00182	29,43,48,53,54,69,72,89,90,91,102,104,106,109,112,123,124,126,130,131,132,136,139,140,146,148,152,153,154,155,157,159,164
0062_00183	53,54,82,84,88,90,91,95,104,111,123,131,139,147,151,153,154,155,156,157,158,159,161,164
0062_00184	52,66,69,74,92,94,95,110,112,114,117,122,124,125,136,141,142,145,148,149,151,154,155,156,158,159,160,161,162,163,164,165
0062_00185	53,54,57,62,72,82,89,90,91,98,105,109,113,120,123,125,126,127,131,132,137,139,140,143,144,145,146,150,152,153,154,155,157,159,162,163,164,165
0062_00186	53,54,57,62,72,89,90,98,104,105,113,120,125,127,131,132,137,139,140,143,144,145,146,150,152,157,159,162,163,164,165
0062_00187	29,43,48,53,54,57,69,72,82,89,90,91,98,102,106,109,112,123,124,126,127,130,131,132,137,139,140,143,146,148,150,152,153,155,157,159,163,164,165
0062_00188	53,54,82,84,88,90,91,92,95,104,110,111,117,123,128,131,132,136,139,140,142,146,147,151,153,154,155,156,157,158,159,161,164
0062_00189	53,54,79,82,84,88,90,91,92,95,100,104,110,111,117,123,128,131,132,136,138,139,140,142,146,147,151,153,154,155,156,157,158,159,161,164
0062_00190	29,43,48,53,54,69,72,82,89,90,91,102,104,106,109,112,124,126,130,131,132,138,139,140,146,148,152,153,155,157,159,164
0062_00191	72,74,85,92,95,110,117,122,123,133,135,136,139,146,148,149,154,156,157,158,159,160,161,162,163,164,165
0062_00192	36,37,43,54,77,79,81,83,88,90,91,96,101,104,105,106,110,111,117,118,120,121,123,127,128,129,131,132,136,137,139,142,143,146,147,151,153,154,155,156,157,158,159,161,164,165
0062_00193	66,90,91,96,104,105,108,112,115,116,118,123,127,128,129,131,132,139,140,141,143,145,146,147,149,150,152,154,155,157,159,160,163,164,165
0062_00194	29,43,48,54,69,72,82,89,90,102,104,106,109,112,124,126,130,131,132,138,139,140,146,148,152,153,155,157,159,164
0062_00195	38,54,57,62,65,72,75,77,79,80,83,84,85,86,88,89,90,91,92,93,95,96,97,98,105,110,115,117,120,121,122,127,131,132,133,135,137,139,142,143,146,148,150,151,152,153,155,156,157,158,159,160,161,162,163,164,165
0062_00196	29,43,48,54,69,72,89,90,102,104,106,109,112,123,124,126,130,131,132,136,139,140,146,148,152,153,154,155,157,159,164
0062_00197	54,82,84,90,91,92,95,100,104,108,110,111,117,118,123,131,136,139,142,146,147,151,153,154,155,156,157,158,159,160,161,164
0062_00198	53,57,62,89,91,98,105,113,125,127,131,132,137,139,140,143,144,145,146,152,154,157,159,162,163,164,165
0062_00199	53,54,79,82,84,88,90,91,92,95,100,104,110,111,117,123,128,131,132,136,138,139,142,146,151,153,154,155,156,157,158,159,161,164
0062_00200	54,86,88,90,91,93,95,104,110,111,115,116,117,123,131,136,139,146,147,151,153,154,155,156,157,158,159,160,161,164
0062_00201	30,49,74,85,86,89,91,93,95,100,104,108,112,115,122,123,126,132,136,139,140,141,146,148,149,152,153,154,155,157,158,159,160,161,164
0062_00202	54,72,79,81,82,84,88,90,91,92,95,100,104,108,110,111,117,123,128,131,132,136,138,139,140,142,146,147,151,152,153,154,155,156,157,158,159,160,161,164
0062_00203	49,53,54,57,62,72,82,89,90,91,98,105,109,113,120,123,125,126,127,131,132,137,138,139,140,143,144,145,146,150,152,153,155,157,159,162,163,164,165
0062_00204	29,38,48,53,54,57,62,65,66,69,72,74,75,77,79,80,82,83,84,85,88,89,90,91,92,95,96,97,98,100,102,104,105,106,109,110,111,112,115,117,118,120,121,122,124,126,127,128,129,130,131,132,133,135,136,137,138,139,140,142,143,146,147,148,149,150,151,152,153,154,155,156,157,158,159,160,161,162,163,164,165
0062_00205	99,123,139,154,157,159,162,163,164,165
0062_00206	90,91,99,104,108,114,115,116,118,123,128,129,132,139,147,154,155,157,159,160,164
0062_00207	53,89,99,113,125,127,131,139,143,145,146,152,157,159,162,163,164,165
0062_00208	90,91,99,104,108,114,115,116,118,123,128,129,132,139,147,154,155,157,159,160,164
0062_00209	29,37,48,53,54,57,62,65,69,72,75,77,80,82,83,85,89,90,91,92,95,96,97,98,102,106,109,110,112,113,117,120,121,122,123,124,126,127,130,131,132,133,136,137,138,139,140,142,143,144,145,146,148,150,151,152,153,154,155,156,157,158,159,160,161,162,163,164,165
0062_00210	50,57,76,83,89,90,91,93,96,99,104,105,108,109,113,115,116,123,126,127,128,129,131,132,136,137,139,140,141,143,144,146,147,149,150,152,153,154,155,157,159,160,162,163,164,165
0062_00211	54,65,74,83,90,91,92,95,96,104,105,110,111,117,121,123,131,132,136,137,139,142,146,149,151,154,155,156,157,158,159,160,161,162,163,164,165
0062_00212	99,113,123,127,131,139,143,144,146,150,152,154,157,159,162,163,164,165
0062_00213	29,37,38,48,53,54,57,62,65,69,72,75,77,79,80,83,84,85,89,90,91,92,95,96,97,98,100,102,104,105,106,109,110,112,113,117,120,121,122,124,125,126,127,128,130,131,132,133,135,136,137,138,139,140,142,143,144,145,146,148,149,150,151,152,153,154,155,156,157,158,159,160,161,162,163,164,165
0062_00214	43,47,54,59,64,65,73,77,79,81,83,88,96,105,106,120,121,131,137,142,151,156,161,162,163,165
0062_00215	72,89,93,99,113,123,126,127,139,140,141,143,144,146,149,150,152,154,157,159,160,162,163,164,165
0062_00216	49,62,65,75,79,80,84,85,98,105,120,121,122,125,131,133,135,137,142,144,145,148,149,150,151,156,158,160,161,162,163,165
0062_00217	42,90,104,106,107,112,123,132,134,139,147,154,155,157,159,164
0062_00218	21,24,38,43,45,49,56,57,63,70,71,74,76,77,79,82,83,85,86,88,90,91,93,94,95,96,97,99,100,102,104,108,111,115,119,122,124,128,129,130,131,132,137,138,141,142,146,147,148,149,151,152,153,155,156,158,159,160,161,162,164,165
0062_00219	53,54,82,84,89,90,91,95,99,104,108,109,111,114,115,116,118,128,129,131,139,147,151,152,153,155,156,157,158,159,160,161,164
0062_00220	53,57,62,89,98,105,113,125,127,131,137,139,140,143,145,146,152,154,157,159,162,163,164,165
0062_00221	90,91,99,104,108,114,115,116,118,123,128,129,132,139,147,154,155,157,159,160,164
0062_00222	57,89,98,105,113,123,125,127,137,139,143,145,146,152,154,157,159,160,162,163,164,165
0062_00223	50,66,74,76,90,99,108,112,115,123,127,131,132,136,139,140,141,143,146,149,150,152,154,157,159,160,163,164,165
0062_00224	36,38,50,65,75,76,77,79,81,83,85,88,90,96,99,100,111,114,115,116,118,120,121,122,123,128,129,131,136,137,139,140,142,144,146,147,148,150,153,154,155,156,157,158,159,160,161,162,163,164,165
0062_00225	53,57,89,99,105,108,113,115,116,118,123,127,128,129,131,132,136,137,139,140,143,144,146,147,152,154,157,159,160,162,163,164,165
0062_00226	53,57,62,72,89,93,98,105,113,125,126,127,131,137,139,140,143,144,145,146,150,152,154,157,159,160,162,163,164,165
0062_00227	93,96,99,108,114,116,123,126,127,128,129,132,136,143,146,147,149,150,152,154,155,157,159,160,164,165
0062_00228	90,91,99,104,108,114,118,123,128,129,131,132,139,146,147,152,154,155,157,159,160,164
0062_00229	16,19,22,50,57,66,74,76,83,89,91,96,99,104,105,108,112,115,120,123,126,127,131,132,136,137,139,140,141,143,145,146,149,150,152,154,157,159,160,163,164,165
0062_00230	29,30,48,49,69,72,74,85,86,89,90,91,93,95,100,102,104,106,108,109,111,112,114,115,116,118,122,123,124,126,128,129,130,131,132,136,138,139,140,141,146,147,148,149,152,153,154,155,157,158,159,160,161,164
0062_00231	53,54,57,62,72,89,90,91,98,99,105,109,113,120,123,125,126,127,131,132,136,137,139,140,143,144,145,146,150,152,153,154,155,157,159,162,163,164,165
0062_00232	23,24,47,71,78,79,81,88,93,94,95,102,106,110,117,119,123,124,126,141,142,149,151,154,156,157,158,159,160,161,164
0062_00233	57,62,72,89,93,98,105,113,125,126,127,131,137,139,140,143,144,145,146,149,150,152,154,157,159,160,162,163,164,165
0062_00234	22,45,54,66,74,76,84,86,88,90,91,92,95,99,104,110,111,112,115,117,118,123,128,129,131,136,138,139,140,142,146,147,149,150,151,153,154,155,156,157,158,159,160,161,164,165
0062_00235	50,54,76,82,92,95,99,100,104,108,110,117,123,131,132,136,139,146,149,151,153,154,155,156,157,158,159,160,161,164
0062_00236	24,34,39,40,47,48,53,54,55,57,58,60,61,64,67,69,71,72,73,78,81,82,88,89,90,91,94,95,97,98,99,102,106,109,111,112,119,124,126,127,130,131,132,136,137,139,140,143,146,147,148,150,152,153,155,156,157,159,161,163,164,165
0062_00237	24,39,40,47,48,51,53,54,55,57,58,60,61,64,67,69,71,72,73,78,81,82,86,88,89,90,91,93,94,95,97,98,102,106,108,109,111,112,115,116,118,119,124,126,127,129,130,131,132,136,137,138,139,140,143,146,147,148,150,152,153,155,156,157,159,160,161,163,164,165
0062_00238	50,66,74,76,96,99,104,108,112,115,116,127,132,136,139,141,143,146,149,150,152,154,157,159,160,164,165
0062_00239	25,32,33,37,38,42,43,51,55,58,59,60,61,64,65,67,69,73,77,80,81,88,89,93,94,97,98,102,106,107,110,112,113,117,120,121,124,125,126,127,130,131,133,134,135,136,137,140,142,143,144,145,146,148,150,151,154,156,157,158,159,160,161,162,163,164,165
0062_00240	50,53,54,57,66,72,74,76,82,89,90,91,96,98,99,104,105,108,109,112,115,116,118,120,123,126,127,128,129,131,132,137,138,139,140,141,143,145,146,147,149,150,152,153,155,157,159,160,163,164,165
0062_00241	25,47,53,59,64,65,66,74,77,80,81,84,88,93,98,106,112,120,121,131,133,135,137,141,142,149,151,156,158,160,161,162,163,165
0062_00242	53,54,57,62,72,82,89,90,91,98,105,109,113,120,123,125,126,127,131,132,137,139,140,143,144,145,146,150,152,153,154,155,157,159,162,163,164,165
0062_00243	42,72,74,85,87,92,95,107,110,117,122,123,133,134,135,136,139,146,148,149,154,156,157,158,159,160,161,162,163,164,165
0062_00244	39,40,42,48,51,55,58,60,61,67,69,73,74,85,87,88,89,92,97,102,104,106,107,108,110,111,112,117,122,124,130,132,133,134,135,136,139,140,146,148,149,153,154,155,156,158,159,160,161,162,163,164,165
0062_00245	47,51,55,58,60,61,67,73,78,86,88,93,100,102,108,111,112,115,116,118,119,124,128,129,130,132,136,138,147,148,153,155,158,159,160,161,164
0062_00246	28,39,40,48,51,52,55,58,60,61,65,67,69,73,75,77,79,80,83,85,88,89,92,94,96,97,100,102,104,106,108,110,111,112,117,120,121,122,124,129,130,132,133,135,136,137,138,139,140,142,144,146,148,149,150,153,154,155,156,158,159,160,161,162,163,164,165
0062_00247	50,66,74,76,96,99,104,108,112,115,116,127,132,136,139,141,143,146,149,150,152,154,157,159,160,164,165
0062_00248	26,50,57,66,72,74,76,89,90,91,98,99,105,108,112,114,115,116,120,123,126,127,128,129,131,132,136,137,139,140,141,143,145,146,147,149,150,152,154,155,157,159,160,163,164,165
0062_00249	25,29,38,43,48,54,57,62,65,69,72,75,77,79,80,83,84,85,89,90,91,92,95,96,97,98,102,105,106,109,110,112,113,117,120,121,122,124,126,127,130,131,132,133,135,136,137,139,140,142,143,146,148,150,151,152,153,154,155,156,157,158,159,161,162,163,164,165
0062_00250	25,38,43,54,65,77,79,80,83,84,92,95,96,97,98,105,106,110,113,117,120,121,127,131,133,135,137,142,143,151,154,156,158,161,162,163,164,165
0062_00251	25,38,43,53,54,57,62,65,72,75,77,79,80,82,83,84,85,89,90,91,92,95,96,97,98,105,106,109,110,113,117,120,121,122,127,131,132,133,135,137,139,140,142,143,146,148,150,151,152,153,154,155,156,157,158,159,161,162,163,164,165
0062_00252	29,38,43,48,54,57,62,65,69,72,75,77,79,80,83,85,89,90,91,92,95,96,97,98,102,105,106,109,110,112,113,117,120,121,122,124,126,127,130,131,132,133,136,137,139,140,142,143,146,148,150,151,152,153,154,155,156,157,158,159,161,162,163,164,165
0062_00253	38,53,54,57,62,65,72,75,77,79,80,82,83,85,89,90,91,92,95,96,97,98,105,109,110,113,117,120,121,122,127,131,132,133,137,139,140,142,143,146,148,150,151,152,153,154,155,156,157,158,159,161,162,163,164,165
0062_00254	19,38,62,75,77,78,79,80,85,86,87,93,98,100,103,105,107,111,115,116,118,119,120,121,122,125,129,133,134,135,137,138,142,144,145,147,148,151,153,156,158,160,161,162,163,165
0062_00255	52,54,65,69,77,79,80,83,92,94,95,96,97,98,105,110,113,117,120,121,124,127,131,137,142,143,151,154,156,161,162,163,164,165
0062_00256	37,38,53,54,65,72,75,77,79,80,82,85,89,90,91,92,95,97,98,100,104,105,106,109,110,113,117,120,121,122,127,128,131,132,136,137,138,139,140,142,143,144,145,146,148,149,150,151,152,153,154,155,156,157,158,159,160,161,162,163,164,165
0062_00257	38,54,65,77,79,80,83,84,96,98,105,120,121,131,133,135,137,142,151,156,158,161,162,163,165
0062_00258	29,38,43,48,57,62,65,69,72,75,77,79,80,82,83,84,85,89,91,92,95,96,97,98,102,105,106,109,110,112,117,120,121,122,124,126,127,130,131,132,133,135,137,139,140,142,143,146,148,150,151,152,153,155,156,157,158,159,161,162,163,164,165
0062_00259	36,38,50,65,75,76,77,79,81,83,85,88,90,96,99,100,111,114,115,116,118,120,121,122,123,128,129,131,136,137,139,140,142,144,146,147,148,150,153,154,155,156,157,158,159,160,161,162,163,164,165
0062_00260	25,38,43,54,65,77,79,80,83,84,92,95,96,97,98,105,106,110,113,117,120,121,127,131,133,135,137,142,143,151,154,156,158,161,162,163,164,165
0062_00261	25,38,43,53,54,57,62,65,72,75,77,79,80,82,83,84,85,89,90,91,92,95,96,97,98,105,106,109,110,113,117,120,121,122,127,131,132,133,135,137,139,140,142,143,146,148,150,151,152,153,154,155,156,157,158,159,161,162,163,164,165
0062_00262	90,91,104,113,123,127,131,132,139,140,143,144,146,150,152,154,155,157,159,162,163,164,165
0062_00263	49,72,123,139,146,152,154,157,159,162,163,164,165
0062_00264	54,84,90,91,95,104,111,123,131,132,136,139,140,146,147,151,154,155,156,157,158,159,161,164
0062_00265	54,74,84,90,95,104,111,115,123,131,139,149,151,154,155,156,157,158,159,160,161,164
0062_00266	42,106,107,112,123,134,139,154,157,159,164
0062_00267	38,49,54,57,62,65,72,75,77,79,80,83,84,85,86,88,89,90,91,92,95,96,97,98,104,105,110,111,117,120,121,122,123,127,129,131,132,133,135,137,138,139,140,142,143,146,147,148,150,151,152,153,154,155,156,157,158,159,161,162,163,164,165
0062_00268	54,72,79,81,82,84,88,90,91,92,95,100,104,108,110,111,117,123,128,131,132,136,138,139,140,142,146,147,151,152,153,154,155,156,157,158,159,160,161,164
