id	bits.on
0045_00009	21,24,38,45,49,56,63,65,70,71,76,77,79,80,85,86,87,90,93,94,97,98,99,100,102,103,107,108,114,116,119,121,122,124,130,134,137,138,142,148,149,151,153,155,156,158,159,160,161,162,163,164,165
0045_00010	21,24,38,45,49,56,63,65,70,71,76,77,79,80,85,86,87,90,93,94,97,98,99,100,102,103,107,108,114,116,119,121,122,124,130,134,137,138,142,148,149,151,153,155,156,158,159,160,161,162,163,164,165
0045_00011	57,83,89,93,96,98,101,105,109,113,118,120,123,125,126,127,132,136,137,138,140,143,144,145,146,147,152,153,154,157,159,160,162,163,164,165
0045_00012	57,66,72,83,89,93,96,98,99,101,105,112,113,120,123,125,126,127,132,136,137,139,140,143,144,145,146,147,152,154,157,159,160,162,163,164,165
0045_00013	23,24,33,47,58,67,71,77,78,79,81,86,88,93,94,95,97,100,102,106,108,109,110,111,114,117,119,122,123,124,126,128,129,130,132,136,138,140,141,142,146,147,148,149,153,154,155,156,157,158,159,160,161,162,163,164,165
0045_00017	26,50,66,76,96,99,105,108,112,115,116,118,127,128,129,132,136,143,145,147,149,150,152,154,159,160,163,164,165
0045_00024	26,50,53,66,72,76,82,89,90,91,96,99,104,105,108,109,112,115,116,127,128,129,131,132,136,139,140,141,143,145,146,147,149,150,152,153,154,155,157,159,160,163,164,165
0045_00025	26,50,53,57,66,72,76,83,89,90,91,93,96,98,99,105,108,109,112,114,115,116,120,123,126,127,128,131,132,137,139,140,141,143,145,146,149,150,152,153,154,155,157,159,160,163,164,165
0045_00032	57,83,89,93,96,98,99,101,105,113,120,123,125,126,127,132,136,137,140,143,144,145,146,147,152,154,157,159,160,162,163,164,165
0045_00035	57,83,89,93,96,98,101,105,109,113,118,120,123,125,126,127,132,136,137,138,140,143,144,145,146,147,152,153,154,157,159,160,162,163,164,165
0045_00036	57,66,72,83,89,93,96,98,99,101,105,112,113,120,123,125,126,127,132,136,137,139,140,143,144,145,146,147,152,154,157,159,160,162,163,164,165
0045_00038	23,24,33,47,58,67,71,77,78,79,81,86,88,93,94,95,97,100,102,106,108,109,110,111,114,117,119,122,123,124,126,128,129,130,132,136,138,140,141,142,146,147,148,149,153,154,155,156,157,158,159,160,161,162,163,164,165
0045_00040	23,24,66,71,74,78,79,81,88,93,94,95,102,106,110,112,117,119,123,124,126,141,142,149,151,154,156,157,158,159,160,161,164
0045_00041	23,24,51,55,58,60,61,66,67,71,73,74,78,79,81,88,93,94,95,97,102,106,110,112,117,119,123,124,126,130,136,140,141,142,146,148,149,151,154,156,157,158,159,160,161,164
0045_00042	23,24,51,60,61,66,67,71,73,74,78,79,81,88,93,94,95,97,102,106,110,112,117,119,123,124,126,130,136,141,142,146,148,149,151,154,156,157,158,159,160,161,164
0045_00047	8,11,19,36,47,54,66,74,79,81,83,84,85,88,92,95,96,97,105,110,112,113,117,120,121,122,123,127,131,133,136,137,139,140,142,143,146,148,149,150,151,152,154,156,157,158,159,160,161,162,163,164,165
0045_00049	8,11,19,36,47,54,66,74,79,81,83,84,85,88,92,95,96,97,105,110,112,117,120,121,122,123,127,131,133,136,137,139,140,142,143,146,148,149,150,151,154,156,157,158,159,160,161,162,163,164,165
0045_00051	26,50,66,76,90,91,96,99,104,105,108,112,115,116,118,127,128,129,131,132,139,143,145,147,149,150,152,157,159,160,163,164,165
0045_00054	42,53,62,65,74,75,80,83,85,87,89,90,91,92,96,97,100,104,107,108,110,111,117,121,122,123,125,128,129,131,132,133,134,135,136,137,139,140,142,144,145,146,147,148,149,150,151,152,153,154,155,156,157,158,159,160,161,162,163,164,165
0045_00062	54,57,66,72,74,75,85,86,89,90,91,93,95,97,98,100,104,108,111,112,114,115,116,120,121,122,123,126,127,131,132,133,137,139,140,141,142,143,145,146,148,149,150,152,153,154,155,156,157,158,159,160,161,163,164,165
0045_00063	41,50,65,76,77,80,89,92,93,97,98,99,110,113,117,120,121,123,125,126,127,137,140,142,143,144,145,146,149,150,152,154,156,157,159,160,161,162,163,164,165
0045_00064	26,50,66,72,76,87,89,91,96,99,103,104,105,107,108,109,112,114,115,116,123,126,127,128,129,132,134,136,139,140,141,143,145,146,147,149,150,152,153,154,155,157,159,160,163,164,165
0045_00077	26,42,50,53,66,72,76,82,87,89,90,91,96,99,104,105,107,108,109,112,115,116,127,128,129,131,132,134,136,139,140,141,143,145,146,147,149,150,152,153,154,155,157,159,160,163,164,165
0045_00078	26,42,50,53,66,72,76,82,87,89,90,91,96,99,104,105,107,108,109,112,115,116,127,128,129,131,132,134,136,139,140,141,143,145,146,147,149,150,152,153,154,155,157,159,160,163,164,165
0045_00081	22,50,57,66,74,76,83,89,96,99,109,112,123,126,128,132,137,141,146,149,150,152,153,154,155,157,159,160,162,163,164,165
0045_00090	26,50,57,66,72,76,82,83,89,91,96,99,101,104,105,108,109,112,114,115,116,118,120,123,127,128,129,131,132,136,137,139,140,141,143,145,146,147,149,150,152,153,154,155,157,159,160,163,164,165
0045_00103	8,11,36,45,47,54,76,79,81,84,85,87,88,91,92,95,97,98,99,101,103,105,107,110,117,120,121,122,123,127,131,133,134,136,137,139,140,142,143,145,146,148,150,151,153,154,156,157,158,159,161,162,163,164,165
0045_00104	8,11,36,45,47,50,54,76,79,81,84,85,88,91,92,95,97,98,99,101,105,110,113,115,117,120,121,122,123,127,131,133,136,137,139,140,142,143,145,146,148,150,151,152,153,154,156,157,158,159,160,161,162,163,164,165
0045_00105	8,11,36,45,47,50,54,76,79,81,84,85,88,91,92,95,97,98,99,101,105,110,115,117,120,121,122,123,127,131,133,136,137,139,140,142,143,145,146,148,150,151,153,154,156,157,158,159,160,161,162,163,164,165
0045_00106	8,11,24,36,45,47,50,65,71,76,77,78,79,80,81,83,84,85,88,89,91,92,93,94,95,96,97,98,99,101,102,105,106,109,110,116,117,119,120,121,122,123,124,126,127,131,133,135,136,137,138,139,140,142,143,146,148,149,150,151,153,154,155,156,157,158,159,160,161,162,163,164,165
0045_00107	8,11,24,36,45,47,49,50,65,71,75,76,77,78,79,80,81,83,84,85,88,89,91,92,93,94,95,96,97,98,99,100,101,102,105,106,110,111,117,118,119,120,121,122,123,124,126,127,128,129,131,133,135,136,137,138,140,142,143,144,145,146,147,148,150,151,153,154,155,156,157,158,159,160,161,162,163,164,165
0045_00108	8,11,23,24,36,45,47,50,57,71,76,78,79,81,83,84,85,88,89,90,91,92,93,94,95,96,97,98,99,101,102,105,106,109,110,117,119,120,121,122,123,124,126,127,131,133,136,137,138,139,140,142,143,146,148,150,151,152,153,154,155,156,157,158,159,160,161,162,163,164,165
0045_00112	29,48,76,87,99,102,103,106,107,109,112,114,124,126,128,130,134,138,140,144,146,148,149,150,152,153,155,157,159,160,162,163,164,165
0045_00126	54,57,66,72,74,85,86,89,90,91,93,95,97,98,108,111,112,114,115,116,120,122,123,126,127,131,132,133,136,137,139,140,141,143,145,146,148,149,150,152,154,155,156,157,158,159,160,161,163,164,165
0045_00130	53,54,57,64,72,75,79,81,83,85,86,88,89,90,91,92,93,95,96,97,98,100,103,107,108,110,111,114,115,116,117,120,121,122,127,129,131,134,137,139,140,141,142,143,146,147,148,149,150,151,152,153,154,155,156,157,158,159,160,161,163,164,165
0045_00131	26,42,50,66,72,76,87,91,96,99,103,104,105,107,108,112,114,115,116,123,126,127,128,129,132,134,136,139,140,141,143,145,146,147,149,150,152,153,154,155,157,159,160,163,164,165
0045_00132	17,42,65,72,87,92,98,103,107,108,109,110,113,117,121,123,125,126,127,134,137,140,143,144,145,146,150,152,153,154,155,156,157,159,160,161,162,163,164,165
0045_00136	8,11,19,36,47,57,62,65,66,71,74,79,80,81,83,85,87,88,89,92,94,95,96,97,102,103,105,107,110,112,117,120,121,122,123,124,127,131,133,134,136,137,139,140,141,142,143,144,146,148,149,150,151,152,154,156,157,158,159,160,161,162,163,164,165
0045_00137	19,75,83,85,89,93,96,97,98,105,108,109,111,114,116,121,122,123,126,127,128,129,132,136,137,140,143,145,146,147,148,149,150,152,153,154,155,156,157,158,159,160,161,162,163,164,165
0045_00138	19,75,83,85,89,93,96,97,98,105,108,111,116,121,122,123,126,127,128,129,132,136,137,140,143,145,146,147,148,149,150,152,154,156,157,158,159,160,161,162,163,164,165
0045_00139	26,50,66,72,76,82,91,96,99,104,105,108,109,112,115,116,118,127,128,129,131,132,136,139,140,143,145,146,147,149,150,152,153,154,155,157,159,160,163,164,165
0045_00140	26,50,53,66,72,76,82,89,90,91,96,99,104,105,108,109,112,115,116,118,127,128,129,131,132,136,139,140,143,145,146,147,149,150,152,153,154,155,157,159,160,163,164,165
0045_00145	24,36,50,62,71,76,78,86,88,89,91,94,97,98,99,102,104,109,111,114,115,118,119,124,126,127,128,129,132,137,138,139,143,145,146,147,149,150,152,153,154,155,156,157,159,160,161,163,164,165
0045_00154	21,22,41,46,66,74,76,95,99,107,112,113,123,125,126,127,134,143,145,146,149,150,152,154,157,159,160,161,162,163,164,165
0045_00156	16,19,22,50,53,57,66,72,76,82,89,90,91,96,98,99,104,105,109,112,115,116,120,127,128,129,131,132,137,138,139,140,143,145,146,149,150,152,153,154,155,157,159,160,163,164,165
0045_00168	8,11,19,36,47,57,62,65,66,71,74,79,80,81,83,85,87,88,89,92,94,95,96,97,102,103,105,107,110,112,117,120,121,122,123,124,127,131,133,134,136,137,139,140,141,142,143,144,146,148,149,150,151,152,154,156,157,158,159,160,161,162,163,164,165
0045_00169	50,76,99,113,125,127,131,139,143,145,149,152,157,159,160,162,163,164,165
0045_00173	50,76,99,108,113,114,125,127,129,131,139,143,145,149,152,155,157,159,160,162,163,164,165
0045_00182	50,57,72,75,76,85,86,87,92,93,95,98,99,100,103,107,109,110,111,113,117,118,120,121,122,125,126,127,129,132,134,137,138,140,143,144,145,146,147,148,149,150,152,153,154,156,157,158,159,160,161,162,163,164,165
0045_00183	50,57,72,75,76,85,86,87,92,93,95,98,99,100,103,107,109,110,111,113,117,118,120,121,122,125,126,127,129,132,134,137,138,140,143,144,145,146,147,148,149,150,152,153,154,156,157,158,159,160,161,162,163,164,165
0045_00185	45,52,65,66,74,75,76,77,79,80,83,87,94,95,96,97,99,103,107,112,120,121,122,124,134,137,139,141,142,144,148,149,150,152,156,157,158,160,161,162,163,164,165
0045_00192	26,50,53,57,62,66,72,76,83,89,90,91,93,96,98,99,105,108,109,112,116,118,120,123,126,127,128,129,131,132,137,139,140,141,143,145,146,147,149,150,152,153,154,157,159,160,163,164,165
0045_00195	26,50,53,57,66,72,76,83,89,90,91,93,95,96,98,99,105,108,109,112,114,115,116,120,123,126,127,128,131,132,133,137,139,140,141,143,145,146,149,150,151,152,153,154,155,156,157,158,159,160,161,163,164,165
0045_00196	75,79,83,85,90,91,92,95,96,100,104,108,109,110,111,114,117,118,121,122,123,126,128,131,136,137,138,139,140,142,146,147,148,149,150,151,153,154,155,156,157,158,159,160,161,162,163,164,165
0045_00199	26,50,53,57,66,72,76,83,89,90,91,92,93,95,96,98,99,105,108,109,110,112,114,115,116,117,120,123,126,127,128,131,132,133,136,137,139,140,141,143,145,146,149,150,151,152,153,154,155,156,157,158,159,160,161,163,164,165
0045_00200	54,57,66,72,74,85,86,89,90,91,93,95,97,98,104,108,111,112,114,115,116,120,122,123,126,127,131,132,133,136,137,139,140,141,143,145,146,148,149,150,152,154,155,156,157,158,159,160,161,163,164,165
0045_00229	24,52,65,66,71,74,75,78,80,83,92,93,94,95,96,97,102,109,110,111,112,113,117,119,120,121,122,123,124,125,126,127,130,137,140,141,142,143,144,145,146,148,149,150,152,153,154,155,156,157,158,159,160,161,162,163,164,165
0045_00238	42,51,54,55,58,59,60,61,64,67,73,81,88,90,92,93,95,102,103,104,107,110,111,112,117,124,130,131,134,136,139,140,146,148,151,152,153,154,155,156,157,158,159,160,161,162,163,164,165
0045_00245	26,42,50,53,66,72,76,82,87,89,90,91,96,99,104,105,107,108,109,112,115,116,127,128,129,131,132,134,136,139,140,141,143,145,146,149,150,152,153,154,155,157,159,160,163,164,165
0045_00250	53,54,72,84,89,90,91,95,104,108,114,115,116,118,123,126,128,129,131,132,136,139,140,141,146,147,149,151,152,154,155,156,157,158,159,160,161,164
0045_00251	53,54,72,84,89,90,91,95,104,108,114,115,116,118,123,126,128,129,131,132,136,139,140,141,146,147,149,151,152,154,155,156,157,158,159,160,161,164
0045_00253	23,24,49,52,56,57,63,70,71,72,75,78,80,83,85,86,92,94,95,96,97,98,100,102,106,109,110,111,117,118,119,120,121,122,123,124,127,128,129,130,132,133,135,136,137,138,140,142,143,146,147,148,150,152,153,154,155,156,157,158,159,161,162,163,164,165
0045_00255	23,24,49,52,56,57,63,70,71,72,75,78,83,92,94,95,96,97,100,102,106,109,110,111,117,119,120,121,122,123,124,127,130,132,133,135,136,137,138,140,142,143,146,147,148,150,152,153,154,156,157,158,159,161,162,164,165
0045_00264	57,66,72,75,83,85,86,93,96,98,99,100,101,105,111,112,113,115,116,120,121,122,123,126,127,128,129,136,137,140,141,143,144,145,146,147,148,149,152,153,154,156,157,158,159,160,161,162,163,164,165
0045_00269	36,37,47,62,75,77,81,83,85,87,88,89,90,91,96,97,103,104,106,107,110,111,117,118,120,121,122,127,129,133,134,136,137,142,143,145,147,148,150,151,154,156,158,159,160,161,162,163,164,165
0045_00271	16,19,22,50,54,57,66,72,74,76,89,91,96,98,99,105,109,112,115,116,120,123,126,127,128,131,132,136,137,138,139,140,141,143,145,146,149,150,152,153,154,155,157,159,160,163,164,165
0045_00272	25,42,43,52,66,69,74,77,78,79,80,82,90,94,98,99,100,106,107,112,115,119,120,121,124,125,131,133,134,137,138,142,145,149,151,153,156,158,160,161,162,163,165
0045_00273	26,50,53,66,72,76,82,89,90,91,96,99,104,105,108,109,112,115,116,118,127,128,129,131,132,136,139,140,143,145,146,147,149,150,152,153,154,155,157,159,160,163,164,165
0045_00277	74,115,123,139,141,149,154,155,157,159,160,162,163,164,165
0045_00293	26,50,53,57,66,72,76,83,89,90,91,93,96,98,99,105,108,109,112,114,115,116,120,123,126,127,128,129,131,132,137,139,140,141,143,145,146,147,149,150,152,153,154,155,157,159,160,163,164,165
0045_00294	57,66,72,74,85,86,89,90,93,95,97,98,99,104,108,112,115,120,122,123,126,127,128,131,132,133,136,137,139,140,141,143,145,146,148,149,150,152,154,155,156,157,158,159,160,161,163,164,165
0045_00297	24,71,78,89,93,94,95,102,108,109,113,119,123,124,125,126,127,140,141,143,144,145,146,149,150,152,153,154,155,156,157,159,160,161,162,163,164,165
0045_00300	36,47,62,77,78,79,81,83,85,86,88,96,100,101,105,106,111,119,120,121,122,128,129,137,138,142,147,148,153,156,158,161,162,163,165
0045_00301	53,54,57,64,72,75,79,81,83,85,86,88,89,90,91,92,93,95,96,97,98,100,108,110,111,114,115,116,117,120,121,122,127,129,131,137,139,140,141,142,143,146,147,148,149,150,151,152,153,154,155,156,157,158,159,160,161,163,164,165
0045_00324	29,48,50,67,73,76,81,88,89,93,99,102,106,112,123,124,126,130,140,141,146,148,149,154,157,159,160,164
0045_00341	29,48,76,89,93,99,102,106,112,123,124,126,130,136,140,141,146,148,149,152,154,157,159,160,164
0045_00343	54,57,62,66,72,82,83,89,90,91,93,96,98,104,105,108,109,112,114,115,116,118,120,123,126,127,128,129,131,132,137,139,140,141,143,145,146,147,149,150,152,153,154,155,157,159,160,163,164,165
0045_00344	29,48,76,89,92,93,97,99,102,106,110,112,117,124,126,130,136,140,141,146,148,149,151,152,154,156,157,158,159,160,161,164
0045_00346	57,66,72,75,83,85,86,91,93,96,98,99,100,101,105,111,112,113,115,116,120,121,122,127,128,129,131,137,139,143,144,145,146,147,148,152,153,156,157,158,159,160,161,162,163,164,165
0045_00347	24,26,50,53,57,66,71,72,74,76,78,83,89,90,91,93,94,96,97,98,99,102,105,108,109,111,112,115,116,119,120,123,124,126,127,128,129,131,132,133,137,139,140,141,143,145,146,149,150,152,153,154,156,157,159,160,161,163,164,165
0045_00348	22,42,62,65,75,79,80,82,83,85,86,87,89,90,91,93,95,96,97,98,100,104,105,107,111,113,118,120,121,122,123,125,126,127,128,129,131,133,134,135,136,137,138,139,140,142,143,144,145,146,147,148,150,151,152,153,154,156,157,158,159,160,161,162,163,164,165
0045_00352	26,50,66,76,90,91,96,99,104,105,108,112,115,116,118,127,128,129,132,139,143,145,147,150,152,154,157,159,160,163,164,165
0045_00355	57,62,66,72,83,89,90,91,96,98,99,104,105,108,112,114,115,116,118,120,123,127,128,129,131,132,136,137,139,140,141,143,145,146,147,149,150,152,154,155,157,159,160,163,164,165
0045_00358	24,37,43,49,52,56,57,63,69,70,71,72,77,78,79,83,84,92,94,95,96,97,102,106,110,117,119,122,124,130,131,133,135,136,137,140,142,146,148,151,152,154,156,158,159,161,162,164,165
0045_00360	19,83,89,90,91,93,96,97,98,104,105,111,121,123,126,127,128,129,132,136,137,140,143,145,146,147,150,151,152,154,156,157,158,159,160,161,162,163,164,165
0045_00366	53,54,57,87,89,90,91,92,95,97,98,103,104,105,107,110,111,113,115,117,123,125,127,131,132,134,136,137,139,140,143,144,145,146,150,151,152,154,155,156,157,158,159,160,161,162,163,164,165
0045_00367	53,57,87,89,91,98,103,105,107,113,115,123,127,131,132,134,136,137,139,140,143,144,145,146,150,152,154,157,159,160,162,163,164,165
0045_00371	50,57,66,74,76,89,91,98,99,104,105,108,112,113,114,115,116,118,127,129,131,132,137,139,141,143,144,145,146,147,149,150,152,155,157,159,160,162,163,164,165
0045_00381	23,24,47,71,74,78,79,81,85,86,88,89,92,93,94,95,97,102,106,110,117,119,122,123,124,126,136,141,142,146,148,149,151,154,156,157,158,159,160,161,164
0045_00390	52,65,66,74,75,77,79,80,83,87,90,94,95,96,97,103,107,108,111,112,120,121,122,124,134,137,139,141,142,148,149,152,155,156,157,158,160,161,162,163,164,165
0045_00401	8,11,19,36,47,66,74,79,81,83,85,88,92,95,96,97,104,105,110,111,112,117,120,121,122,123,127,131,132,133,136,137,139,140,142,143,146,148,149,150,151,154,155,156,157,158,159,160,161,162,163,164,165
0045_00407	24,29,41,48,67,71,73,78,79,81,88,94,95,97,102,106,109,112,114,119,124,126,128,130,138,142,146,148,149,153,155,156,157,159,160,161,162,163,164,165
0045_00414	26,50,53,76,89,90,91,99,104,105,108,114,115,116,123,126,127,128,129,131,132,136,139,140,141,143,145,146,147,149,150,152,154,155,157,159,160,163,164,165
0045_00416	26,50,66,72,76,89,90,91,96,99,104,105,108,109,112,115,116,118,123,126,127,128,129,131,132,136,139,140,141,143,145,146,147,149,150,152,153,154,155,157,159,160,163,164,165
0045_00430	29,47,67,69,73,74,76,81,82,88,89,93,94,99,100,102,106,108,112,114,117,123,124,126,130,140,141,146,148,149,151,152,153,154,155,156,157,158,159,160,161,164
0045_00439	22,34,50,66,74,76,89,96,99,108,112,116,123,126,127,128,129,132,136,141,143,146,149,150,152,154,155,157,159,160,164,165
0045_00443	24,65,71,78,87,93,94,98,102,103,107,108,111,119,121,124,125,126,134,137,142,144,145,150,155,156,157,160,161,162,163,164,165
0045_00453	65,72,79,83,85,86,89,90,91,93,96,97,98,100,105,108,111,113,120,121,122,123,125,126,127,128,129,132,136,137,138,140,141,142,143,144,145,146,147,148,149,150,151,152,153,154,156,157,158,159,160,161,162,163,164,165
0045_00455	25,43,52,69,77,78,79,80,84,87,94,103,106,107,119,124,125,130,131,134,142,145,151,156,158,161,162,163,165
0045_00457	24,28,54,57,66,71,72,74,78,85,86,89,90,91,93,94,95,97,98,102,104,108,109,111,112,114,115,116,119,120,122,123,124,126,127,129,131,132,133,137,138,139,140,141,142,143,145,146,147,148,149,150,152,153,154,155,156,157,158,159,160,161,163,164,165
0045_00460	57,62,66,72,83,89,90,91,96,98,99,104,105,108,112,114,115,116,118,120,123,127,128,129,131,132,136,137,139,140,141,143,145,146,147,149,150,152,154,155,157,159,160,163,164,165
0045_00466	26,50,57,66,74,76,89,91,98,99,104,105,108,112,114,115,116,123,126,127,128,129,132,136,137,139,140,141,143,145,146,147,149,150,152,154,155,157,159,160,163,164,165
0045_00467	26,50,57,72,74,76,85,86,89,93,95,96,98,99,105,108,111,114,116,118,120,122,123,126,127,128,129,132,133,136,137,140,141,143,145,146,147,148,149,150,152,154,155,156,157,158,159,160,161,163,164,165
0045_00468	26,50,57,72,74,76,85,86,89,93,95,96,98,99,105,108,111,114,116,118,120,122,123,126,127,128,129,132,133,136,137,140,141,143,145,146,147,148,149,150,152,154,155,156,157,158,159,160,161,163,164,165
0045_00470	52,65,66,69,80,83,90,91,94,96,104,105,108,111,112,115,116,118,120,121,124,127,128,129,131,132,137,139,141,142,143,144,145,147,149,150,151,152,156,157,160,161,162,163,164,165
0045_00488	16,19,22,50,57,66,72,74,76,89,91,96,98,99,105,109,112,115,116,120,123,126,127,128,132,136,137,138,139,140,141,143,145,146,149,150,152,153,154,155,157,159,160,163,164,165
0045_00498	17,66,74,85,86,93,99,100,105,112,115,122,125,138,141,145,148,149,153,155,158,160,161,162,163,165
0045_00512	51,53,54,55,58,59,60,61,64,67,73,81,82,88,89,90,92,93,95,102,103,104,107,109,110,111,112,117,124,130,131,134,136,139,140,146,148,151,152,153,154,155,156,157,158,159,160,161,162,163,164,165
0045_00517	34,66,85,86,88,90,91,96,99,100,101,105,108,111,112,114,115,116,118,122,123,126,127,128,129,132,136,138,139,140,141,143,146,147,148,149,150,152,153,154,155,157,158,159,160,161,163,164,165
0045_00519	50,53,57,72,74,75,76,85,86,89,93,95,97,98,99,100,104,108,109,111,114,115,116,120,121,122,123,126,127,128,129,131,132,133,136,137,138,139,140,141,142,143,145,146,147,148,149,150,152,153,154,155,156,157,158,159,160,161,163,164,165
0045_00527	26,42,50,53,54,66,72,76,82,87,89,90,91,96,99,104,105,107,108,109,112,115,116,127,128,129,131,132,134,136,139,140,143,145,146,147,149,150,152,153,154,155,157,159,160,163,164,165
0045_00528	26,42,50,57,66,72,74,76,82,83,87,89,91,96,99,101,104,105,107,108,109,112,115,116,120,123,127,128,129,131,132,134,136,137,139,140,141,143,145,146,147,149,150,152,153,154,155,157,159,160,163,164,165
0045_00540	50,65,75,76,83,85,86,96,98,99,100,111,118,120,121,122,125,128,129,137,138,142,145,147,148,153,155,156,158,160,161,162,163,165
0045_00541	50,52,65,66,74,75,76,77,79,80,83,87,90,91,94,95,96,97,99,100,103,104,107,108,111,112,115,116,120,121,122,124,127,128,129,132,134,137,139,142,143,147,148,149,150,152,153,155,156,157,158,160,161,162,163,164,165
0045_00543	50,54,57,66,72,74,76,85,86,89,90,93,95,97,98,99,104,108,109,112,114,115,116,120,122,123,126,127,128,129,131,132,133,136,137,139,140,141,143,145,146,148,149,150,152,153,154,155,156,157,158,159,160,161,163,164,165
0045_00544	50,54,57,66,72,74,76,85,86,89,90,93,95,97,98,99,104,108,109,112,114,115,116,120,122,123,126,127,128,129,131,132,133,136,137,139,140,141,143,145,146,148,149,150,152,153,154,155,156,157,158,159,160,161,163,164,165
0045_00547	26,50,57,66,72,76,83,86,89,93,96,98,99,105,108,109,112,115,116,120,123,126,127,128,129,132,136,137,140,141,143,144,145,146,147,149,150,152,153,154,155,157,159,160,162,163,164,165
0045_00549	53,57,89,99,105,108,113,115,116,118,123,127,128,129,131,132,136,137,139,140,143,144,146,147,152,154,157,159,160,162,163,164,165
0045_00550	53,57,89,90,91,104,105,108,113,115,116,118,123,127,128,129,131,132,137,139,140,143,144,146,147,152,154,157,159,160,162,163,164,165
0045_00558	26,50,53,66,72,76,82,89,90,91,96,99,104,105,108,109,112,115,116,127,128,129,131,132,136,139,140,141,143,145,146,147,149,150,152,153,154,155,157,159,160,163,164,165
0045_00565	57,83,89,93,96,98,99,101,105,113,120,123,125,126,127,132,136,137,140,143,144,145,146,147,152,154,157,159,160,162,163,164,165
0045_00569	23,24,66,71,74,78,79,81,88,93,94,95,102,106,110,112,117,119,123,124,126,141,142,149,151,154,156,157,158,159,160,161,164
0045_00570	23,24,51,55,58,60,61,66,67,71,73,74,78,79,81,88,93,94,95,97,102,106,110,112,117,119,123,124,126,130,136,140,141,142,146,148,149,151,154,156,157,158,159,160,161,164
0045_00571	23,24,51,60,61,66,67,71,73,74,78,79,81,88,93,94,95,97,102,106,110,112,117,119,123,124,126,130,136,141,142,146,148,149,151,154,156,157,158,159,160,161,164
0045_00598	29,48,50,67,73,76,81,88,89,93,99,102,106,112,123,124,126,130,140,141,146,148,149,154,157,159,160,164
0045_00605	29,48,76,89,93,99,102,106,112,123,124,126,130,136,140,141,146,148,149,152,154,157,159,160,164
0045_00606	57,83,96,99,108,114,115,116,118,123,127,128,129,132,137,143,147,152,154,155,157,159,160,164,165
0045_00607	57,83,96,99,108,114,115,116,118,123,127,128,129,132,137,143,147,152,154,155,157,159,160,164,165
0045_00615	26,50,53,66,72,76,82,89,90,91,96,99,104,105,108,109,112,115,116,127,128,129,131,132,136,139,140,141,143,145,146,147,149,150,152,153,154,155,157,159,160,163,164,165
0045_00616	26,50,53,57,66,72,76,83,89,90,91,93,96,98,99,105,108,109,112,114,115,116,120,123,126,127,128,131,132,137,139,140,141,143,145,146,149,150,152,153,154,155,157,159,160,163,164,165
0045_00623	57,83,89,93,96,98,99,101,105,113,120,123,125,126,127,132,136,137,140,143,144,145,146,147,152,154,157,159,160,162,163,164,165
0045_00626	57,83,89,93,96,98,101,105,109,113,118,120,123,125,126,127,132,136,137,138,140,143,144,145,146,147,152,153,154,157,159,160,162,163,164,165
0045_00627	57,66,72,83,89,93,96,98,99,101,105,112,113,120,123,125,126,127,132,136,137,139,140,143,144,145,146,147,152,154,157,159,160,162,163,164,165
0045_00629	23,24,33,47,58,67,71,77,78,79,81,86,88,93,94,95,97,100,102,106,108,109,110,111,114,117,119,122,123,124,126,128,129,130,132,136,138,140,141,142,146,147,148,149,153,154,155,156,157,158,159,160,161,162,163,164,165
0045_00631	23,24,66,71,74,78,79,81,88,93,94,95,102,106,110,112,117,119,123,124,126,141,142,149,151,154,156,157,158,159,160,161,164
0045_00632	23,24,51,55,58,60,61,66,67,71,73,74,78,79,81,88,93,94,95,97,102,106,110,112,117,119,123,124,126,130,136,140,141,142,146,148,149,151,154,156,157,158,159,160,161,164
0045_00633	23,24,51,60,61,66,67,71,73,74,78,79,81,88,93,94,95,97,102,106,110,112,117,119,123,124,126,130,136,141,142,146,148,149,151,154,156,157,158,159,160,161,164
0045_00638	8,11,19,36,47,54,66,74,79,81,83,84,85,88,92,95,96,97,105,110,112,113,117,120,121,122,123,127,131,133,136,137,139,140,142,143,146,148,149,150,151,152,154,156,157,158,159,160,161,162,163,164,165
0045_00640	8,11,19,36,47,54,66,74,79,81,83,84,85,88,92,95,96,97,105,110,112,117,120,121,122,123,127,131,133,136,137,139,140,142,143,146,148,149,150,151,154,156,157,158,159,160,161,162,163,164,165
0045_00642	26,50,66,76,90,91,96,99,104,105,108,112,115,116,118,127,128,129,131,132,139,143,145,147,149,150,152,157,159,160,163,164,165
0045_00645	42,53,62,65,74,75,80,83,85,87,89,90,91,92,96,97,100,104,107,108,110,111,117,121,122,123,125,128,129,131,132,133,134,135,136,137,139,140,142,144,145,146,147,148,149,150,151,152,153,154,155,156,157,158,159,160,161,162,163,164,165
0045_00653	54,57,66,72,74,75,85,86,89,90,91,93,95,97,98,100,104,108,111,112,114,115,116,120,121,122,123,126,127,131,132,133,137,139,140,141,142,143,145,146,148,149,150,152,153,154,155,156,157,158,159,160,161,163,164,165
0045_00654	41,50,65,76,77,80,89,92,93,97,98,99,110,113,117,120,121,123,125,126,127,137,140,142,143,144,145,146,149,150,152,154,156,157,159,160,161,162,163,164,165
0045_00655	26,50,66,72,76,87,89,91,96,99,103,104,105,107,108,109,112,114,115,116,123,126,127,128,129,132,134,136,139,140,141,143,145,146,147,149,150,152,153,154,155,157,159,160,163,164,165
0045_00668	26,42,50,53,66,72,76,82,87,89,90,91,96,99,104,105,107,108,109,112,115,116,127,128,129,131,132,134,136,139,140,141,143,145,146,147,149,150,152,153,154,155,157,159,160,163,164,165
0045_00669	26,42,50,53,66,72,76,82,87,89,90,91,96,99,104,105,107,108,109,112,115,116,127,128,129,131,132,134,136,139,140,141,143,145,146,147,149,150,152,153,154,155,157,159,160,163,164,165
0045_00672	22,50,57,66,74,76,83,89,96,99,109,112,123,126,128,132,137,141,146,149,150,152,153,154,155,157,159,160,162,163,164,165
0045_00681	26,50,57,66,72,76,82,83,89,91,96,99,101,104,105,108,109,112,114,115,116,118,120,123,127,128,129,131,132,136,137,139,140,141,143,145,146,147,149,150,152,153,154,155,157,159,160,163,164,165
0045_00694	8,11,36,45,47,54,76,79,81,84,85,87,88,91,92,95,97,98,99,101,103,105,107,110,117,120,121,122,123,127,131,133,134,136,137,139,140,142,143,145,146,148,150,151,153,154,156,157,158,159,161,162,163,164,165
0045_00695	8,11,36,45,47,50,54,76,79,81,84,85,88,91,92,95,97,98,99,101,105,110,113,115,117,120,121,122,123,127,131,133,136,137,139,140,142,143,145,146,148,150,151,152,153,154,156,157,158,159,160,161,162,163,164,165
0045_00696	8,11,36,45,47,50,54,76,79,81,84,85,88,91,92,95,97,98,99,101,105,110,115,117,120,121,122,123,127,131,133,136,137,139,140,142,143,145,146,148,150,151,153,154,156,157,158,159,160,161,162,163,164,165
0045_00697	8,11,24,36,45,47,50,65,71,76,77,78,79,80,81,83,84,85,88,89,91,92,93,94,95,96,97,98,99,101,102,105,106,109,110,116,117,119,120,121,122,123,124,126,127,131,133,135,136,137,138,139,140,142,143,146,148,149,150,151,153,154,155,156,157,158,159,160,161,162,163,164,165
0045_00698	8,11,24,36,45,47,49,50,65,71,75,76,77,78,79,80,81,83,84,85,88,89,91,92,93,94,95,96,97,98,99,100,101,102,105,106,110,111,117,118,119,120,121,122,123,124,126,127,128,129,131,133,135,136,137,138,140,142,143,144,145,146,147,148,150,151,153,154,155,156,157,158,159,160,161,162,163,164,165
0045_00699	8,11,23,24,36,45,47,50,57,71,76,78,79,81,83,84,85,88,89,90,91,92,93,94,95,96,97,98,99,101,102,105,106,109,110,117,119,120,121,122,123,124,126,127,131,133,136,137,138,139,140,142,143,146,148,150,151,152,153,154,155,156,157,158,159,160,161,162,163,164,165
0045_00703	29,48,76,87,99,102,103,106,107,109,112,114,124,126,128,130,134,138,140,144,146,148,149,150,152,153,155,157,159,160,162,163,164,165
0045_00707	26,50,53,57,66,72,76,83,89,90,91,93,96,98,99,105,108,109,112,114,115,116,120,123,126,127,128,131,132,137,139,140,141,143,145,146,149,150,152,153,154,155,157,159,160,163,164,165
0045_00709	8,11,19,36,47,54,66,74,79,81,83,84,85,88,92,95,96,97,105,110,112,113,117,120,121,122,123,127,131,133,136,137,139,140,142,143,146,148,149,150,151,152,154,156,157,158,159,160,161,162,163,164,165
0045_00710	8,11,19,36,47,54,66,74,79,81,83,84,85,88,92,95,96,97,105,110,112,117,120,121,122,123,127,131,133,136,137,139,140,142,143,146,148,149,150,151,154,156,157,158,159,160,161,162,163,164,165
0045_00712	26,50,66,76,90,91,96,99,104,105,108,112,115,116,118,127,128,129,131,132,139,143,145,147,149,150,152,157,159,160,163,164,165
0045_00715	42,53,62,65,74,75,80,83,85,87,89,90,91,92,96,97,100,104,107,108,110,111,117,121,122,123,125,128,129,131,132,133,134,135,136,137,139,140,142,144,145,146,147,148,149,150,151,152,153,154,155,156,157,158,159,160,161,162,163,164,165
0045_00723	54,57,66,72,74,75,85,86,89,90,91,93,95,97,98,100,104,108,111,112,114,115,116,120,121,122,123,126,127,131,132,133,137,139,140,141,142,143,145,146,148,149,150,152,153,154,155,156,157,158,159,160,161,163,164,165
0045_00724	41,50,65,76,77,80,89,92,93,97,98,99,110,113,117,120,121,123,125,126,127,137,140,142,143,144,145,146,149,150,152,154,156,157,159,160,161,162,163,164,165
0045_00725	26,50,66,72,76,87,89,91,96,99,103,104,105,107,108,109,112,114,115,116,123,126,127,128,129,132,134,136,139,140,141,143,145,146,147,149,150,152,153,154,155,157,159,160,163,164,165
0045_00737	26,42,50,53,66,72,76,82,87,89,90,91,96,99,104,105,107,108,109,112,115,116,127,128,129,131,132,134,136,139,140,141,143,145,146,147,149,150,152,153,154,155,157,159,160,163,164,165
0045_00738	26,42,50,53,66,72,76,82,87,89,90,91,96,99,104,105,107,108,109,112,115,116,127,128,129,131,132,134,136,139,140,141,143,145,146,147,149,150,152,153,154,155,157,159,160,163,164,165
0045_00741	22,50,57,66,74,76,83,89,96,99,109,112,123,126,128,132,137,141,146,149,150,152,153,154,155,157,159,160,162,163,164,165
0045_00750	26,50,57,66,72,76,82,83,89,91,96,99,101,104,105,108,109,112,114,115,116,118,120,123,127,128,129,131,132,136,137,139,140,141,143,145,146,147,149,150,152,153,154,155,157,159,160,163,164,165
0045_00763	8,11,36,45,47,54,76,79,81,84,85,87,88,91,92,95,97,98,99,101,103,105,107,110,117,120,121,122,123,127,131,133,134,136,137,139,140,142,143,145,146,148,150,151,153,154,156,157,158,159,161,162,163,164,165
0045_00764	8,11,36,45,47,50,54,76,79,81,84,85,88,91,92,95,97,98,99,101,105,110,113,115,117,120,121,122,123,127,131,133,136,137,139,140,142,143,145,146,148,150,151,152,153,154,156,157,158,159,160,161,162,163,164,165
0045_00765	8,11,36,45,47,50,54,76,79,81,84,85,88,91,92,95,97,98,99,101,105,110,115,117,120,121,122,123,127,131,133,136,137,139,140,142,143,145,146,148,150,151,153,154,156,157,158,159,160,161,162,163,164,165
0045_00766	8,11,24,36,45,47,50,65,71,76,77,78,79,80,81,83,84,85,88,89,91,92,93,94,95,96,97,98,99,101,102,105,106,109,110,116,117,119,120,121,122,123,124,126,127,131,133,135,136,137,138,139,140,142,143,146,148,149,150,151,153,154,155,156,157,158,159,160,161,162,163,164,165
0045_00767	8,11,24,36,45,47,49,50,65,71,75,76,77,78,79,80,81,83,84,85,88,89,91,92,93,94,95,96,97,98,99,100,101,102,105,106,110,111,117,118,119,120,121,122,123,124,126,127,128,129,131,133,135,136,137,138,140,142,143,144,145,146,147,148,150,151,153,154,155,156,157,158,159,160,161,162,163,164,165
0045_00768	8,11,23,24,36,45,47,50,57,71,76,78,79,81,83,84,85,88,89,90,91,92,93,94,95,96,97,98,99,101,102,105,106,109,110,117,119,120,121,122,123,124,126,127,131,133,136,137,138,139,140,142,143,146,148,150,151,152,153,154,155,156,157,158,159,160,161,162,163,164,165
0045_00772	29,48,76,87,99,102,103,106,107,109,112,114,124,126,128,130,134,138,140,144,146,148,149,150,152,153,155,157,159,160,162,163,164,165
0045_00786	54,57,66,72,74,85,86,89,90,91,93,95,97,98,108,111,112,114,115,116,120,122,123,126,127,131,132,133,136,137,139,140,141,143,145,146,148,149,150,152,154,155,156,157,158,159,160,161,163,164,165
0045_00790	53,54,57,64,72,75,79,81,83,85,86,88,89,90,91,92,93,95,96,97,98,100,103,107,108,110,111,114,115,116,117,120,121,122,127,129,131,134,137,139,140,141,142,143,146,147,148,149,150,151,152,153,154,155,156,157,158,159,160,161,163,164,165
0045_00791	26,42,50,66,72,76,87,91,96,99,103,104,105,107,108,112,114,115,116,123,126,127,128,129,132,134,136,139,140,141,143,145,146,147,149,150,152,153,154,155,157,159,160,163,164,165
0045_00792	17,42,65,72,87,92,98,103,107,108,109,110,113,117,121,123,125,126,127,134,137,140,143,144,145,146,150,152,153,154,155,156,157,159,160,161,162,163,164,165
0045_00796	8,11,19,36,47,57,62,65,66,71,74,79,80,81,83,85,87,88,89,92,94,95,96,97,102,103,105,107,110,112,117,120,121,122,123,124,127,131,133,134,136,137,139,140,141,142,143,144,146,148,149,150,151,152,154,156,157,158,159,160,161,162,163,164,165
0045_00797	19,75,83,85,89,93,96,97,98,105,108,109,111,114,116,121,122,123,126,127,128,129,132,136,137,140,143,145,146,147,148,149,150,152,153,154,155,156,157,158,159,160,161,162,163,164,165
0045_00798	19,75,83,85,89,93,96,97,98,105,108,111,116,121,122,123,126,127,128,129,132,136,137,140,143,145,146,147,148,149,150,152,154,156,157,158,159,160,161,162,163,164,165
0045_00799	26,50,66,72,76,82,91,96,99,104,105,108,109,112,115,116,118,127,128,129,131,132,136,139,140,143,145,146,147,149,150,152,153,154,155,157,159,160,163,164,165
0045_00800	26,50,53,66,72,76,82,89,90,91,96,99,104,105,108,109,112,115,116,118,127,128,129,131,132,136,139,140,143,145,146,147,149,150,152,153,154,155,157,159,160,163,164,165
0045_00804	24,36,50,62,71,76,78,86,88,89,91,94,97,98,99,102,104,109,111,114,115,118,119,124,126,127,128,129,132,137,138,139,143,145,146,147,149,150,152,153,154,155,156,157,159,160,161,163,164,165
0045_00813	21,22,41,46,66,74,76,95,99,107,112,113,123,125,126,127,134,143,145,146,149,150,152,154,157,159,160,161,162,163,164,165
0045_00814	16,19,22,50,53,57,66,72,76,82,89,90,91,96,98,99,104,105,109,112,115,116,120,127,128,129,131,132,137,138,139,140,143,145,146,149,150,152,153,154,155,157,159,160,163,164,165
0045_00824	8,11,19,36,47,57,62,65,66,71,74,79,80,81,83,85,87,88,89,92,94,95,96,97,102,103,105,107,110,112,117,120,121,122,123,124,127,131,133,134,136,137,139,140,141,142,143,144,146,148,149,150,151,152,154,156,157,158,159,160,161,162,163,164,165
0045_00825	50,76,99,113,125,127,131,139,143,145,149,152,157,159,160,162,163,164,165
0045_00829	50,76,99,108,113,114,125,127,129,131,139,143,145,149,152,155,157,159,160,162,163,164,165
0045_00837	50,57,72,75,76,85,86,87,92,93,95,98,99,100,103,107,109,110,111,113,117,118,120,121,122,125,126,127,129,132,134,137,138,140,143,144,145,146,147,148,149,150,152,153,154,156,157,158,159,160,161,162,163,164,165
0045_00838	50,57,72,75,76,85,86,87,92,93,95,98,99,100,103,107,109,110,111,113,117,118,120,121,122,125,126,127,129,132,134,137,138,140,143,144,145,146,147,148,149,150,152,153,154,156,157,158,159,160,161,162,163,164,165
0045_00839	45,52,65,66,74,75,76,77,79,80,83,87,94,95,96,97,99,103,107,112,120,121,122,124,134,137,139,141,142,144,148,149,150,152,156,157,158,160,161,162,163,164,165
0045_00844	26,50,53,57,62,66,72,76,83,89,90,91,93,96,98,99,105,108,109,112,116,118,120,123,126,127,128,129,131,132,137,139,140,141,143,145,146,147,149,150,152,153,154,157,159,160,163,164,165
0045_00847	26,50,53,57,66,72,76,83,89,90,91,93,95,96,98,99,105,108,109,112,114,115,116,120,123,126,127,128,131,132,133,137,139,140,141,143,145,146,149,150,151,152,153,154,155,156,157,158,159,160,161,163,164,165
0045_00848	75,79,83,85,90,91,92,95,96,100,104,108,109,110,111,114,117,118,121,122,123,126,128,131,136,137,138,139,140,142,146,147,148,149,150,151,153,154,155,156,157,158,159,160,161,162,163,164,165
0045_00851	26,50,53,57,66,72,76,83,89,90,91,92,93,95,96,98,99,105,108,109,110,112,114,115,116,117,120,123,126,127,128,131,132,133,136,137,139,140,141,143,145,146,149,150,151,152,153,154,155,156,157,158,159,160,161,163,164,165
0045_00852	54,57,66,72,74,85,86,89,90,91,93,95,97,98,104,108,111,112,114,115,116,120,122,123,126,127,131,132,133,136,137,139,140,141,143,145,146,148,149,150,152,154,155,156,157,158,159,160,161,163,164,165
0045_00877	54,57,66,72,74,85,86,89,90,91,93,95,97,98,108,111,112,114,115,116,120,122,123,126,127,131,132,133,136,137,139,140,141,143,145,146,148,149,150,152,154,155,156,157,158,159,160,161,163,164,165
0045_00881	53,54,57,64,72,75,79,81,83,85,86,88,89,90,91,92,93,95,96,97,98,100,103,107,108,110,111,114,115,116,117,120,121,122,127,129,131,134,137,139,140,141,142,143,146,147,148,149,150,151,152,153,154,155,156,157,158,159,160,161,163,164,165
0045_00882	26,42,50,66,72,76,87,91,96,99,103,104,105,107,108,112,114,115,116,123,126,127,128,129,132,134,136,139,140,141,143,145,146,147,149,150,152,153,154,155,157,159,160,163,164,165
0045_00883	17,42,65,72,87,92,98,103,107,108,109,110,113,117,121,123,125,126,127,134,137,140,143,144,145,146,150,152,153,154,155,156,157,159,160,161,162,163,164,165
0045_00887	8,11,19,36,47,57,62,65,66,71,74,79,80,81,83,85,87,88,89,92,94,95,96,97,102,103,105,107,110,112,117,120,121,122,123,124,127,131,133,134,136,137,139,140,141,142,143,144,146,148,149,150,151,152,154,156,157,158,159,160,161,162,163,164,165
0045_00888	19,75,83,85,89,93,96,97,98,105,108,109,111,114,116,121,122,123,126,127,128,129,132,136,137,140,143,145,146,147,148,149,150,152,153,154,155,156,157,158,159,160,161,162,163,164,165
0045_00889	19,75,83,85,89,93,96,97,98,105,108,111,116,121,122,123,126,127,128,129,132,136,137,140,143,145,146,147,148,149,150,152,154,156,157,158,159,160,161,162,163,164,165
0045_00890	26,50,66,72,76,82,91,96,99,104,105,108,109,112,115,116,118,127,128,129,131,132,136,139,140,143,145,146,147,149,150,152,153,154,155,157,159,160,163,164,165
0045_00891	26,50,53,66,72,76,82,89,90,91,96,99,104,105,108,109,112,115,116,118,127,128,129,131,132,136,139,140,143,145,146,147,149,150,152,153,154,155,157,159,160,163,164,165
0045_00896	24,36,50,62,71,76,78,86,88,89,91,94,97,98,99,102,104,109,111,114,115,118,119,124,126,127,128,129,132,137,138,139,143,145,146,147,149,150,152,153,154,155,156,157,159,160,161,163,164,165
0045_00905	21,22,41,46,66,74,76,95,99,107,112,113,123,125,126,127,134,143,145,146,149,150,152,154,157,159,160,161,162,163,164,165
0045_00907	16,19,22,50,53,57,66,72,76,82,89,90,91,96,98,99,104,105,109,112,115,116,120,127,128,129,131,132,137,138,139,140,143,145,146,149,150,152,153,154,155,157,159,160,163,164,165
0045_00919	8,11,19,36,47,57,62,65,66,71,74,79,80,81,83,85,87,88,89,92,94,95,96,97,102,103,105,107,110,112,117,120,121,122,123,124,127,131,133,134,136,137,139,140,141,142,143,144,146,148,149,150,151,152,154,156,157,158,159,160,161,162,163,164,165
0045_00920	50,76,99,113,125,127,131,139,143,145,149,152,157,159,160,162,163,164,165
0045_00924	50,76,99,108,113,114,125,127,129,131,139,143,145,149,152,155,157,159,160,162,163,164,165
0045_00933	50,57,72,75,76,85,86,87,92,93,95,98,99,100,103,107,109,110,111,113,117,118,120,121,122,125,126,127,129,132,134,137,138,140,143,144,145,146,147,148,149,150,152,153,154,156,157,158,159,160,161,162,163,164,165
0045_00934	50,57,72,75,76,85,86,87,92,93,95,98,99,100,103,107,109,110,111,113,117,118,120,121,122,125,126,127,129,132,134,137,138,140,143,144,145,146,147,148,149,150,152,153,154,156,157,158,159,160,161,162,163,164,165
0045_00936	45,52,65,66,74,75,76,77,79,80,83,87,94,95,96,97,99,103,107,112,120,121,122,124,134,137,139,141,142,144,148,149,150,152,156,157,158,160,161,162,163,164,165
0045_00943	26,50,53,57,62,66,72,76,83,89,90,91,93,96,98,99,105,108,109,112,116,118,120,123,126,127,128,129,131,132,137,139,140,141,143,145,146,147,149,150,152,153,154,157,159,160,163,164,165
0045_00946	26,50,53,57,66,72,76,83,89,90,91,93,95,96,98,99,105,108,109,112,114,115,116,120,123,126,127,128,131,132,133,137,139,140,141,143,145,146,149,150,151,152,153,154,155,156,157,158,159,160,161,163,164,165
0045_00947	75,79,83,85,90,91,92,95,96,100,104,108,109,110,111,114,117,118,121,122,123,126,128,131,136,137,138,139,140,142,146,147,148,149,150,151,153,154,155,156,157,158,159,160,161,162,163,164,165
0045_00950	26,50,53,57,66,72,76,83,89,90,91,92,93,95,96,98,99,105,108,109,110,112,114,115,116,117,120,123,126,127,128,131,132,133,136,137,139,140,141,143,145,146,149,150,151,152,153,154,155,156,157,158,159,160,161,163,164,165
0045_00951	54,57,66,72,74,85,86,89,90,91,93,95,97,98,104,108,111,112,114,115,116,120,122,123,126,127,131,132,133,136,137,139,140,141,143,145,146,148,149,150,152,154,155,156,157,158,159,160,161,163,164,165
0045_00983	29,48,50,67,73,76,81,88,89,93,99,102,106,112,123,124,126,130,140,141,146,148,149,154,157,159,160,164
0045_01000	29,48,76,89,93,99,102,106,112,123,124,126,130,136,140,141,146,148,149,152,154,157,159,160,164
0045_01002	54,57,62,66,72,82,83,89,90,91,93,96,98,104,105,108,109,112,114,115,116,118,120,123,126,127,128,129,131,132,137,139,140,141,143,145,146,147,149,150,152,153,154,155,157,159,160,163,164,165
0045_01003	29,48,76,89,92,93,97,99,102,106,110,112,117,124,126,130,136,140,141,146,148,149,151,152,154,156,157,158,159,160,161,164
0045_01005	57,66,72,75,83,85,86,91,93,96,98,99,100,101,105,111,112,113,115,116,120,121,122,127,128,129,131,137,139,143,144,145,146,147,148,152,153,156,157,158,159,160,161,162,163,164,165
0045_01006	24,26,50,53,57,66,71,72,74,76,78,83,89,90,91,93,94,96,97,98,99,102,105,108,109,111,112,115,116,119,120,123,124,126,127,128,129,131,132,133,137,139,140,141,143,145,146,149,150,152,153,154,156,157,159,160,161,163,164,165
0045_01007	22,42,62,65,75,79,80,82,83,85,86,87,89,90,91,93,95,96,97,98,100,104,105,107,111,113,118,120,121,122,123,125,126,127,128,129,131,133,134,135,136,137,138,139,140,142,143,144,145,146,147,148,150,151,152,153,154,156,157,158,159,160,161,162,163,164,165
0045_01011	26,50,66,76,90,91,96,99,104,105,108,112,115,116,118,127,128,129,132,139,143,145,147,150,152,154,157,159,160,163,164,165
0045_01014	57,62,66,72,83,89,90,91,96,98,99,104,105,108,112,114,115,116,118,120,123,127,128,129,131,132,136,137,139,140,141,143,145,146,147,149,150,152,154,155,157,159,160,163,164,165
0045_01017	21,24,38,45,49,56,63,65,70,71,76,77,79,80,85,86,87,90,93,94,97,98,99,100,102,103,107,108,114,116,119,121,122,124,130,134,137,138,142,148,149,151,153,155,156,158,159,160,161,162,163,164,165
0045_01018	24,37,49,52,56,57,63,70,71,72,75,77,78,79,80,83,89,90,92,94,95,96,97,100,102,104,106,110,111,117,119,120,121,122,124,127,130,132,133,135,136,137,140,142,143,146,148,150,151,152,153,154,156,158,159,161,162,164,165
0045_01019	24,37,43,49,52,56,57,63,69,70,71,72,77,78,79,83,84,92,94,95,96,97,102,106,110,117,119,122,124,130,131,133,135,136,137,140,142,146,148,151,152,154,156,158,159,161,162,164,165
0045_01021	19,83,89,90,91,93,96,97,98,104,105,111,121,123,126,127,128,129,132,136,137,140,143,145,146,147,150,151,152,154,156,157,158,159,160,161,162,163,164,165
0045_01027	53,54,57,87,89,90,91,92,95,97,98,103,104,105,107,110,111,113,115,117,123,125,127,131,132,134,136,137,139,140,143,144,145,146,150,151,152,154,155,156,157,158,159,160,161,162,163,164,165
0045_01028	53,57,87,89,91,98,103,105,107,113,115,123,127,131,132,134,136,137,139,140,143,144,145,146,150,152,154,157,159,160,162,163,164,165
0045_01032	50,57,66,74,76,89,91,98,99,104,105,108,112,113,114,115,116,118,127,129,131,132,137,139,141,143,144,145,146,147,149,150,152,155,157,159,160,162,163,164,165
0045_01042	23,24,47,71,74,78,79,81,85,86,88,89,92,93,94,95,97,102,106,110,117,119,122,123,124,126,136,141,142,146,148,149,151,154,156,157,158,159,160,161,164
0045_01051	52,65,66,74,75,77,79,80,83,87,90,94,95,96,97,103,107,108,111,112,120,121,122,124,134,137,139,141,142,148,149,152,155,156,157,158,160,161,162,163,164,165
0045_01062	8,11,19,36,47,66,74,79,81,83,85,88,92,95,96,97,104,105,110,111,112,117,120,121,122,123,127,131,132,133,136,137,139,140,142,143,146,148,149,150,151,154,155,156,157,158,159,160,161,162,163,164,165
0045_01068	24,29,41,48,67,71,73,78,79,81,88,94,95,97,102,106,109,112,114,119,124,126,128,130,138,142,146,148,149,153,155,156,157,159,160,161,162,163,164,165
0045_01075	26,50,53,76,89,90,91,99,104,105,108,114,115,116,123,126,127,128,129,131,132,136,139,140,141,143,145,146,147,149,150,152,154,155,157,159,160,163,164,165
0045_01077	26,50,66,72,76,89,90,91,96,99,104,105,108,109,112,115,116,118,123,126,127,128,129,131,132,136,139,140,141,143,145,146,147,149,150,152,153,154,155,157,159,160,163,164,165
0045_01091	29,47,67,69,73,74,76,81,82,88,89,93,94,99,100,102,106,108,112,114,117,123,124,126,130,140,141,146,148,149,151,152,153,154,155,156,157,158,159,160,161,164
0045_01100	22,34,50,66,74,76,89,96,99,108,112,116,123,126,127,128,129,132,136,141,143,146,149,150,152,154,155,157,159,160,164,165
0045_01104	24,65,71,78,87,93,94,98,102,103,107,108,111,119,121,124,125,126,134,137,142,144,145,150,155,156,157,160,161,162,163,164,165
0045_01114	65,72,79,83,85,86,89,90,91,93,96,97,98,100,105,108,111,113,120,121,122,123,125,126,127,128,129,132,136,137,138,140,141,142,143,144,145,146,147,148,149,150,151,152,153,154,156,157,158,159,160,161,162,163,164,165
0045_01116	25,43,52,69,77,78,79,80,84,87,94,103,106,107,119,124,125,130,131,134,142,145,151,156,158,161,162,163,165
0045_01118	24,28,54,57,66,71,72,74,78,85,86,89,90,91,93,94,95,97,98,102,104,108,109,111,112,114,115,116,119,120,122,123,124,126,127,129,131,132,133,137,138,139,140,141,142,143,145,146,147,148,149,150,152,153,154,155,156,157,158,159,160,161,163,164,165
0045_01121	57,62,66,72,83,89,90,91,96,98,99,104,105,108,112,114,115,116,118,120,123,127,128,129,131,132,136,137,139,140,141,143,145,146,147,149,150,152,154,155,157,159,160,163,164,165
0045_01127	26,50,57,66,74,76,89,91,98,99,104,105,108,112,114,115,116,123,126,127,128,129,132,136,137,139,140,141,143,145,146,147,149,150,152,154,155,157,159,160,163,164,165
0045_01128	26,50,57,72,74,76,85,86,89,93,95,96,98,99,105,108,111,114,116,118,120,122,123,126,127,128,129,132,133,136,137,140,141,143,145,146,147,148,149,150,152,154,155,156,157,158,159,160,161,163,164,165
0045_01129	26,50,57,72,74,76,85,86,89,93,95,96,98,99,105,108,111,114,116,118,120,122,123,126,127,128,129,132,133,136,137,140,141,143,145,146,147,148,149,150,152,154,155,156,157,158,159,160,161,163,164,165
0045_01131	52,65,66,69,80,83,90,91,94,96,104,105,108,111,112,115,116,118,120,121,124,127,128,129,131,132,137,139,141,142,143,144,145,147,149,150,151,152,156,157,160,161,162,163,164,165
0045_01149	16,19,22,50,57,66,72,74,76,89,91,96,98,99,105,109,112,115,116,120,123,126,127,128,132,136,137,138,139,140,141,143,145,146,149,150,152,153,154,155,157,159,160,163,164,165
0045_01159	17,66,74,85,86,93,99,100,105,112,115,122,125,138,141,145,148,149,153,155,158,160,161,162,163,165
0045_01173	51,53,54,55,58,59,60,61,64,67,73,81,82,88,89,90,92,93,95,102,103,104,107,109,110,111,112,117,124,130,131,134,136,139,140,146,148,151,152,153,154,155,156,157,158,159,160,161,162,163,164,165
0045_01178	34,66,85,86,88,90,91,96,99,100,101,105,108,111,112,114,115,116,118,122,123,126,127,128,129,132,136,138,139,140,141,143,146,147,148,149,150,152,153,154,155,157,158,159,160,161,163,164,165
0045_01180	50,53,57,72,74,75,76,85,86,89,93,95,97,98,99,100,104,108,109,111,114,115,116,120,121,122,123,126,127,128,129,131,132,133,136,137,138,139,140,141,142,143,145,146,147,148,149,150,152,153,154,155,156,157,158,159,160,161,163,164,165
0045_01188	26,42,50,53,54,66,72,76,82,87,89,90,91,96,99,104,105,107,108,109,112,115,116,127,128,129,131,132,134,136,139,140,143,145,146,147,149,150,152,153,154,155,157,159,160,163,164,165
0045_01189	26,42,50,57,66,72,74,76,82,83,87,89,91,96,99,101,104,105,107,108,109,112,115,116,120,123,127,128,129,131,132,134,136,137,139,140,141,143,145,146,147,149,150,152,153,154,155,157,159,160,163,164,165
0045_01201	50,65,75,76,83,85,86,96,98,99,100,111,118,120,121,122,125,128,129,137,138,142,145,147,148,153,155,156,158,160,161,162,163,165
0045_01202	50,52,65,66,74,75,76,77,79,80,83,87,90,91,94,95,96,97,99,100,103,104,107,108,111,112,115,116,120,121,122,124,127,128,129,132,134,137,139,142,143,147,148,149,150,152,153,155,156,157,158,160,161,162,163,164,165
0045_01204	50,54,57,66,72,74,76,85,86,89,90,93,95,97,98,99,104,108,109,112,114,115,116,120,122,123,126,127,128,129,131,132,133,136,137,139,140,141,143,145,146,148,149,150,152,153,154,155,156,157,158,159,160,161,163,164,165
0045_01205	50,54,57,66,72,74,76,85,86,89,90,93,95,97,98,99,104,108,109,112,114,115,116,120,122,123,126,127,128,129,131,132,133,136,137,139,140,141,143,145,146,148,149,150,152,153,154,155,156,157,158,159,160,161,163,164,165
0045_01208	26,50,57,66,72,76,83,86,89,93,96,98,99,105,108,109,112,115,116,120,123,126,127,128,129,132,136,137,140,141,143,144,145,146,147,149,150,152,153,154,155,157,159,160,162,163,164,165
0045_01210	53,57,89,99,105,108,113,115,116,118,123,127,128,129,131,132,136,137,139,140,143,144,146,147,152,154,157,159,160,162,163,164,165
0045_01211	53,57,89,90,91,104,105,108,113,115,116,118,123,127,128,129,131,132,137,139,140,143,144,146,147,152,154,157,159,160,162,163,164,165
0045_01225	54,57,62,66,72,82,83,89,90,91,93,96,98,104,105,108,109,112,114,115,116,118,120,123,126,127,128,129,131,132,137,139,140,141,143,145,146,147,149,150,152,153,154,155,157,159,160,163,164,165
0045_01226	29,48,76,89,92,93,97,99,102,106,110,112,117,124,126,130,136,140,141,146,148,149,151,152,154,156,157,158,159,160,161,164
0045_01228	57,66,72,75,83,85,86,91,93,96,98,99,100,101,105,111,112,113,115,116,120,121,122,127,128,129,131,137,139,143,144,145,146,147,148,152,153,156,157,158,159,160,161,162,163,164,165
0045_01229	24,26,50,53,57,66,71,72,74,76,78,83,89,90,91,93,94,96,97,98,99,102,105,108,109,111,112,115,116,119,120,123,124,126,127,128,129,131,132,133,137,139,140,141,143,145,146,149,150,152,153,154,156,157,159,160,161,163,164,165
0045_01230	22,42,62,65,75,79,80,82,83,85,86,87,89,90,91,93,95,96,97,98,100,104,105,107,111,113,118,120,121,122,123,125,126,127,128,129,131,133,134,135,136,137,138,139,140,142,143,144,145,146,147,148,150,151,152,153,154,156,157,158,159,160,161,162,163,164,165
0045_01234	26,50,66,76,90,91,96,99,104,105,108,112,115,116,118,127,128,129,132,139,143,145,147,150,152,154,157,159,160,163,164,165
0045_01237	57,62,66,72,83,89,90,91,96,98,99,104,105,108,112,114,115,116,118,120,123,127,128,129,131,132,136,137,139,140,141,143,145,146,147,149,150,152,154,155,157,159,160,163,164,165
0045_01240	21,24,38,45,49,56,63,65,70,71,76,77,79,80,85,86,87,90,93,94,97,98,99,100,102,103,107,108,114,116,119,121,122,124,130,134,137,138,142,148,149,151,153,155,156,158,159,160,161,162,163,164,165
0045_01241	24,37,49,52,56,57,63,70,71,72,75,77,78,79,80,83,89,90,92,94,95,96,97,100,102,104,106,110,111,117,119,120,121,122,124,127,130,132,133,135,136,137,140,142,143,146,148,150,151,152,153,154,156,158,159,161,162,164,165
0045_01242	24,37,43,49,52,56,57,63,69,70,71,72,77,78,79,83,84,92,94,95,96,97,102,106,110,117,119,122,124,130,131,133,135,136,137,140,142,146,148,151,152,154,156,158,159,161,162,164,165
0045_01244	19,83,89,90,91,93,96,97,98,104,105,111,121,123,126,127,128,129,132,136,137,140,143,145,146,147,150,151,152,154,156,157,158,159,160,161,162,163,164,165
0045_01250	53,54,57,87,89,90,91,92,95,97,98,103,104,105,107,110,111,113,115,117,123,125,127,131,132,134,136,137,139,140,143,144,145,146,150,151,152,154,155,156,157,158,159,160,161,162,163,164,165
0045_01251	53,57,87,89,91,98,103,105,107,113,115,123,127,131,132,134,136,137,139,140,143,144,145,146,150,152,154,157,159,160,162,163,164,165
0045_01255	50,57,66,74,76,89,91,98,99,104,105,108,112,113,114,115,116,118,127,129,131,132,137,139,141,143,144,145,146,147,149,150,152,155,157,159,160,162,163,164,165
0045_01265	23,24,47,71,74,78,79,81,85,86,88,89,92,93,94,95,97,102,106,110,117,119,122,123,124,126,136,141,142,146,148,149,151,154,156,157,158,159,160,161,164
0045_01274	52,65,66,74,75,77,79,80,83,87,90,94,95,96,97,103,107,108,111,112,120,121,122,124,134,137,139,141,142,148,149,152,155,156,157,158,160,161,162,163,164,165
0045_01285	8,11,19,36,47,66,74,79,81,83,85,88,92,95,96,97,104,105,110,111,112,117,120,121,122,123,127,131,132,133,136,137,139,140,142,143,146,148,149,150,151,154,155,156,157,158,159,160,161,162,163,164,165
0045_01291	24,29,41,48,67,71,73,78,79,81,88,94,95,97,102,106,109,112,114,119,124,126,128,130,138,142,146,148,149,153,155,156,157,159,160,161,162,163,164,165
0045_01298	26,50,53,76,89,90,91,99,104,105,108,114,115,116,123,126,127,128,129,131,132,136,139,140,141,143,145,146,147,149,150,152,154,155,157,159,160,163,164,165
0045_01300	26,50,66,72,76,89,90,91,96,99,104,105,108,109,112,115,116,118,123,126,127,128,129,131,132,136,139,140,141,143,145,146,147,149,150,152,153,154,155,157,159,160,163,164,165
0045_01314	29,47,67,69,73,74,76,81,82,88,89,93,94,99,100,102,106,108,112,114,117,123,124,126,130,140,141,146,148,149,151,152,153,154,155,156,157,158,159,160,161,164
0045_01323	22,34,50,66,74,76,89,96,99,108,112,116,123,126,127,128,129,132,136,141,143,146,149,150,152,154,155,157,159,160,164,165
0045_01327	24,65,71,78,87,93,94,98,102,103,107,108,111,119,121,124,125,126,134,137,142,144,145,150,155,156,157,160,161,162,163,164,165
0045_01337	65,72,79,83,85,86,89,90,91,93,96,97,98,100,105,108,111,113,120,121,122,123,125,126,127,128,129,132,136,137,138,140,141,142,143,144,145,146,147,148,149,150,151,152,153,154,156,157,158,159,160,161,162,163,164,165
0045_01339	25,43,52,69,77,78,79,80,84,87,94,103,106,107,119,124,125,130,131,134,142,145,151,156,158,161,162,163,165
0045_01341	24,28,54,57,66,71,72,74,78,85,86,89,90,91,93,94,95,97,98,102,104,108,109,111,112,114,115,116,119,120,122,123,124,126,127,129,131,132,133,137,138,139,140,141,142,143,145,146,147,148,149,150,152,153,154,155,156,157,158,159,160,161,163,164,165
0045_01344	57,62,66,72,83,89,90,91,96,98,99,104,105,108,112,114,115,116,118,120,123,127,128,129,131,132,136,137,139,140,141,143,145,146,147,149,150,152,154,155,157,159,160,163,164,165
0045_01350	26,50,57,66,74,76,89,91,98,99,104,105,108,112,114,115,116,123,126,127,128,129,132,136,137,139,140,141,143,145,146,147,149,150,152,154,155,157,159,160,163,164,165
0045_01351	26,50,57,72,74,76,85,86,89,93,95,96,98,99,105,108,111,114,116,118,120,122,123,126,127,128,129,132,133,136,137,140,141,143,145,146,147,148,149,150,152,154,155,156,157,158,159,160,161,163,164,165
0045_01352	26,50,57,72,74,76,85,86,89,93,95,96,98,99,105,108,111,114,116,118,120,122,123,126,127,128,129,132,133,136,137,140,141,143,145,146,147,148,149,150,152,154,155,156,157,158,159,160,161,163,164,165
0045_01354	52,65,66,69,80,83,90,91,94,96,104,105,108,111,112,115,116,118,120,121,124,127,128,129,131,132,137,139,141,142,143,144,145,147,149,150,151,152,156,157,160,161,162,163,164,165
0045_01372	16,19,22,50,57,66,72,74,76,89,91,96,98,99,105,109,112,115,116,120,123,126,127,128,132,136,137,138,139,140,141,143,145,146,149,150,152,153,154,155,157,159,160,163,164,165
0045_01382	17,66,74,85,86,93,99,100,105,112,115,122,125,138,141,145,148,149,153,155,158,160,161,162,163,165
0045_01396	51,53,54,55,58,59,60,61,64,67,73,81,82,88,89,90,92,93,95,102,103,104,107,109,110,111,112,117,124,130,131,134,136,139,140,146,148,151,152,153,154,155,156,157,158,159,160,161,162,163,164,165
0045_01401	34,66,85,86,88,90,91,96,99,100,101,105,108,111,112,114,115,116,118,122,123,126,127,128,129,132,136,138,139,140,141,143,146,147,148,149,150,152,153,154,155,157,158,159,160,161,163,164,165
0045_01403	50,53,57,72,74,75,76,85,86,89,93,95,97,98,99,100,104,108,109,111,114,115,116,120,121,122,123,126,127,128,129,131,132,133,136,137,138,139,140,141,142,143,145,146,147,148,149,150,152,153,154,155,156,157,158,159,160,161,163,164,165
0045_01411	26,42,50,53,54,66,72,76,82,87,89,90,91,96,99,104,105,107,108,109,112,115,116,127,128,129,131,132,134,136,139,140,143,145,146,147,149,150,152,153,154,155,157,159,160,163,164,165
0045_01412	26,42,50,57,66,72,74,76,82,83,87,89,91,96,99,101,104,105,107,108,109,112,115,116,120,123,127,128,129,131,132,134,136,137,139,140,141,143,145,146,147,149,150,152,153,154,155,157,159,160,163,164,165
0045_01424	50,65,75,76,83,85,86,96,98,99,100,111,118,120,121,122,125,128,129,137,138,142,145,147,148,153,155,156,158,160,161,162,163,165
0045_01425	50,52,65,66,74,75,76,77,79,80,83,87,90,91,94,95,96,97,99,100,103,104,107,108,111,112,115,116,120,121,122,124,127,128,129,132,134,137,139,142,143,147,148,149,150,152,153,155,156,157,158,160,161,162,163,164,165
0045_01427	50,54,57,66,72,74,76,85,86,89,90,93,95,97,98,99,104,108,109,112,114,115,116,120,122,123,126,127,128,129,131,132,133,136,137,139,140,141,143,145,146,148,149,150,152,153,154,155,156,157,158,159,160,161,163,164,165
0045_01428	50,54,57,66,72,74,76,85,86,89,90,93,95,97,98,99,104,108,109,112,114,115,116,120,122,123,126,127,128,129,131,132,133,136,137,139,140,141,143,145,146,148,149,150,152,153,154,155,156,157,158,159,160,161,163,164,165
0045_01431	26,50,57,66,72,76,83,86,89,93,96,98,99,105,108,109,112,115,116,120,123,126,127,128,129,132,136,137,140,141,143,144,145,146,147,149,150,152,153,154,155,157,159,160,162,163,164,165
0045_01433	53,57,89,99,105,108,113,115,116,118,123,127,128,129,131,132,136,137,139,140,143,144,146,147,152,154,157,159,160,162,163,164,165
0045_01434	53,57,89,90,91,104,105,108,113,115,116,118,123,127,128,129,131,132,137,139,140,143,144,146,147,152,154,157,159,160,162,163,164,165
0045_01448	24,52,65,66,71,74,75,78,80,83,92,93,94,95,96,97,102,109,110,111,112,113,117,119,120,121,122,123,124,125,126,127,130,137,140,141,142,143,144,145,146,148,149,150,152,153,154,155,156,157,158,159,160,161,162,163,164,165
0045_01457	42,51,54,55,58,59,60,61,64,67,73,81,88,90,92,93,95,102,103,104,107,110,111,112,117,124,130,131,134,136,139,140,146,148,151,152,153,154,155,156,157,158,159,160,161,162,163,164,165
0045_01464	26,42,50,53,66,72,76,82,87,89,90,91,96,99,104,105,107,108,109,112,115,116,127,128,129,131,132,134,136,139,140,141,143,145,146,149,150,152,153,154,155,157,159,160,163,164,165
0045_01477	53,54,72,84,89,90,91,95,104,108,114,115,116,118,123,126,128,129,131,132,136,139,140,141,146,147,149,151,152,154,155,156,157,158,159,160,161,164
0045_01478	53,54,72,84,89,90,91,95,104,108,114,115,116,118,123,126,128,129,131,132,136,139,140,141,146,147,149,151,152,154,155,156,157,158,159,160,161,164
0045_01480	23,24,49,52,56,57,63,70,71,72,75,78,80,83,85,86,92,94,95,96,97,98,100,102,106,109,110,111,117,118,119,120,121,122,123,124,127,128,129,130,132,133,135,136,137,138,140,142,143,146,147,148,150,152,153,154,155,156,157,158,159,161,162,163,164,165
0045_01482	23,24,49,52,56,57,63,70,71,72,75,78,83,92,94,95,96,97,100,102,106,109,110,111,117,119,120,121,122,123,124,127,130,132,133,135,136,137,138,140,142,143,146,147,148,150,152,153,154,156,157,158,159,161,162,164,165
0045_01498	24,52,65,66,71,74,75,78,80,83,92,93,94,95,96,97,102,109,110,111,112,113,117,119,120,121,122,123,124,125,126,127,130,137,140,141,142,143,144,145,146,148,149,150,152,153,154,155,156,157,158,159,160,161,162,163,164,165
0045_01507	42,51,54,55,58,59,60,61,64,67,73,81,88,90,92,93,95,102,103,104,107,110,111,112,117,124,130,131,134,136,139,140,146,148,151,152,153,154,155,156,157,158,159,160,161,162,163,164,165
0045_01514	26,42,50,53,66,72,76,82,87,89,90,91,96,99,104,105,107,108,109,112,115,116,127,128,129,131,132,134,136,139,140,141,143,145,146,149,150,152,153,154,155,157,159,160,163,164,165
0045_01527	53,54,72,84,89,90,91,95,104,108,114,115,116,118,123,126,128,129,131,132,136,139,140,141,146,147,149,151,152,154,155,156,157,158,159,160,161,164
0045_01528	53,54,72,84,89,90,91,95,104,108,114,115,116,118,123,126,128,129,131,132,136,139,140,141,146,147,149,151,152,154,155,156,157,158,159,160,161,164
0045_01530	23,24,49,52,56,57,63,70,71,72,75,78,80,83,85,86,92,94,95,96,97,98,100,102,106,109,110,111,117,118,119,120,121,122,123,124,127,128,129,130,132,133,135,136,137,138,140,142,143,146,147,148,150,152,153,154,155,156,157,158,159,161,162,163,164,165
0045_01532	23,24,49,52,56,57,63,70,71,72,75,78,83,92,94,95,96,97,100,102,106,109,110,111,117,119,120,121,122,123,124,127,130,132,133,135,136,137,138,140,142,143,146,147,148,150,152,153,154,156,157,158,159,161,162,164,165
0045_01545	26,50,53,57,66,72,76,83,89,90,91,93,96,98,99,105,108,109,112,114,115,116,120,123,126,127,128,129,131,132,137,139,140,141,143,145,146,147,149,150,152,153,154,155,157,159,160,163,164,165
0045_01546	57,66,72,74,85,86,89,90,93,95,97,98,99,104,108,112,115,120,122,123,126,127,128,131,132,133,136,137,139,140,141,143,145,146,148,149,150,152,154,155,156,157,158,159,160,161,163,164,165
0045_01549	24,71,78,89,93,94,95,102,108,109,113,119,123,124,125,126,127,140,141,143,144,145,146,149,150,152,153,154,155,156,157,159,160,161,162,163,164,165
0045_01552	36,47,62,77,78,79,81,83,85,86,88,96,100,101,105,106,111,119,120,121,122,128,129,137,138,142,147,148,153,156,158,161,162,163,165
0045_01553	53,54,57,64,72,75,79,81,83,85,86,88,89,90,91,92,93,95,96,97,98,100,108,110,111,114,115,116,117,120,121,122,127,129,131,137,139,140,141,142,143,146,147,148,149,150,151,152,153,154,155,156,157,158,159,160,161,163,164,165
0045_01570	26,50,53,57,66,72,76,83,89,90,91,93,96,98,99,105,108,109,112,114,115,116,120,123,126,127,128,129,131,132,137,139,140,141,143,145,146,147,149,150,152,153,154,155,157,159,160,163,164,165
0045_01571	57,66,72,74,85,86,89,90,93,95,97,98,99,104,108,112,115,120,122,123,126,127,128,131,132,133,136,137,139,140,141,143,145,146,148,149,150,152,154,155,156,157,158,159,160,161,163,164,165
0045_01574	24,71,78,89,93,94,95,102,108,109,113,119,123,124,125,126,127,140,141,143,144,145,146,149,150,152,153,154,155,156,157,159,160,161,162,163,164,165
0045_01577	36,47,62,77,78,79,81,83,85,86,88,96,100,101,105,106,111,119,120,121,122,128,129,137,138,142,147,148,153,156,158,161,162,163,165
0045_01578	53,54,57,64,72,75,79,81,83,85,86,88,89,90,91,92,93,95,96,97,98,100,108,110,111,114,115,116,117,120,121,122,127,129,131,137,139,140,141,142,143,146,147,148,149,150,151,152,153,154,155,156,157,158,159,160,161,163,164,165
0045_01586	36,37,47,62,75,77,81,83,85,87,88,89,90,91,96,97,103,104,106,107,110,111,117,118,120,121,122,127,129,133,134,136,137,142,143,145,147,148,150,151,154,156,158,159,160,161,162,163,164,165
0045_01588	16,19,22,50,54,57,66,72,74,76,89,91,96,98,99,105,109,112,115,116,120,123,126,127,128,131,132,136,137,138,139,140,141,143,145,146,149,150,152,153,154,155,157,159,160,163,164,165
0045_01589	25,42,43,52,66,69,74,77,78,79,80,82,90,94,98,99,100,106,107,112,115,119,120,121,124,125,131,133,134,137,138,142,145,149,151,153,156,158,160,161,162,163,165
0045_01590	26,50,53,66,72,76,82,89,90,91,96,99,104,105,108,109,112,115,116,118,127,128,129,131,132,136,139,140,143,145,146,147,149,150,152,153,154,155,157,159,160,163,164,165
0045_01594	74,115,123,139,141,149,154,155,157,159,160,162,163,164,165
0045_01601	36,37,47,62,75,77,81,83,85,87,88,89,90,91,96,97,103,104,106,107,110,111,117,118,120,121,122,127,129,133,134,136,137,142,143,145,147,148,150,151,154,156,158,159,160,161,162,163,164,165
0045_01603	16,19,22,50,54,57,66,72,74,76,89,91,96,98,99,105,109,112,115,116,120,123,126,127,128,131,132,136,137,138,139,140,141,143,145,146,149,150,152,153,154,155,157,159,160,163,164,165
0045_01604	25,42,43,52,66,69,74,77,78,79,80,82,90,94,98,99,100,106,107,112,115,119,120,121,124,125,131,133,134,137,138,142,145,149,151,153,156,158,160,161,162,163,165
0045_01605	26,50,53,66,72,76,82,89,90,91,96,99,104,105,108,109,112,115,116,118,127,128,129,131,132,136,139,140,143,145,146,147,149,150,152,153,154,155,157,159,160,163,164,165
0045_01609	74,115,123,139,141,149,154,155,157,159,160,162,163,164,165
0045_01615	57,66,72,75,83,85,86,93,96,98,99,100,101,105,111,112,113,115,116,120,121,122,123,126,127,128,129,136,137,140,141,143,144,145,146,147,148,149,152,153,154,156,157,158,159,160,161,162,163,164,165
