id	bits.on
0045_00001	37,42,74,77,85,86,93,106,107,110,112,117,122,133,134,135,142,148,149,151,154,156,158,160,161,162,163,164,165
0045_00002	25,42,52,62,65,75,77,79,80,83,85,87,92,94,96,97,98,103,105,106,107,110,113,117,120,121,122,124,125,127,133,134,135,137,142,143,144,145,148,150,154,156,158,161,162,163,164,165
0045_00003	42,62,65,75,85,93,97,98,106,107,112,113,121,122,125,127,134,137,143,144,145,148,150,152,154,158,160,161,162,163,164,165
0045_00004	20,28,30,42,52,65,75,77,79,80,83,86,87,93,94,96,100,107,111,112,115,120,121,122,124,125,134,137,142,145,148,153,155,156,158,160,161,162,163,165
0045_00005	42,74,92,97,106,107,110,112,113,117,125,126,127,133,134,135,143,144,145,149,150,151,152,154,156,157,158,159,160,161,162,163,164,165
0045_00006	42,52,65,66,75,77,79,80,83,87,94,95,96,97,100,104,107,111,112,120,121,122,124,125,132,134,137,139,142,144,145,148,150,152,153,155,156,157,158,161,162,163,164,165
0045_00007	37,43,65,77,80,87,98,103,106,107,110,117,121,125,131,133,134,135,137,142,145,151,154,156,158,161,162,163,164,165
0045_00008	23,74,77,78,85,86,93,97,106,110,113,117,119,122,123,126,127,133,135,141,142,143,148,149,151,152,154,156,157,158,159,160,161,162,163,164,165
0045_00009	21,24,38,45,49,56,63,65,70,71,76,77,79,80,85,86,87,90,93,94,97,98,99,100,102,103,107,108,114,116,119,121,122,124,130,134,137,138,142,148,149,151,153,155,156,158,159,160,161,162,163,164,165
0045_00010	21,24,38,45,49,56,63,65,70,71,76,77,79,80,85,86,87,90,93,94,97,98,99,100,102,103,107,108,114,116,119,121,122,124,130,134,137,138,142,148,149,151,153,155,156,158,159,160,161,162,163,164,165
0045_00011	57,83,89,93,96,98,101,105,109,113,118,120,123,125,126,127,132,136,137,138,140,143,144,145,146,147,152,153,154,157,159,160,162,163,164,165
0045_00012	57,66,72,83,89,93,96,98,99,101,105,112,113,120,123,125,126,127,132,136,137,139,140,143,144,145,146,147,152,154,157,159,160,162,163,164,165
0045_00013	23,24,33,47,58,67,71,77,78,79,81,86,88,93,94,95,97,100,102,106,108,109,110,111,114,117,119,122,123,124,126,128,129,130,132,136,138,140,141,142,146,147,148,149,153,154,155,156,157,158,159,160,161,162,163,164,165
0045_00014	23,25,43,51,55,58,59,60,61,64,65,67,73,77,79,81,83,88,93,96,97,102,105,106,110,112,114,115,117,120,121,123,124,126,130,131,132,133,135,136,137,140,142,146,147,148,149,151,153,154,155,156,157,158,159,160,161,162,163,164,165
0045_00015	25,47,53,59,64,65,74,77,80,81,82,88,93,98,100,106,114,120,121,131,133,135,137,141,142,149,151,153,155,156,158,160,161,162,163,165
0045_00016	77,78,80,85,93,119,122,125,133,135,141,142,144,145,148,149,150,156,158,160,161,162,163,165
0045_00017	26,50,66,76,96,99,105,108,112,115,116,118,127,128,129,132,136,143,145,147,149,150,152,154,159,160,163,164,165
0045_00018	54,84,95,113,127,131,133,135,139,143,144,150,151,152,156,157,158,161,162,163,164,165
0045_00019	25,37,43,53,65,77,80,82,90,97,98,100,106,110,113,114,117,120,121,127,131,133,135,137,138,142,143,149,151,153,154,155,156,158,160,161,162,163,164,165
0045_00020	84,87,103,107,133,134,135,144,150,151,156,158,161,162,163,165
0045_00021	52,62,65,75,79,80,83,92,93,94,95,96,97,110,113,117,120,121,122,124,127,133,135,136,137,141,142,143,144,148,149,150,151,154,156,158,159,160,161,162,163,164,165
0045_00022	52,62,65,75,79,80,83,84,92,93,94,95,96,97,110,113,117,120,121,122,124,127,133,135,137,142,143,144,148,149,150,151,154,156,158,160,161,162,163,164,165
0045_00023	52,62,65,75,79,80,83,92,93,94,95,96,97,110,113,117,120,121,122,124,127,133,135,136,137,142,143,144,148,149,150,151,154,156,158,159,160,161,162,163,164,165
0045_00024	26,50,53,66,72,76,82,89,90,91,96,99,104,105,108,109,112,115,116,127,128,129,131,132,136,139,140,141,143,145,146,147,149,150,152,153,154,155,157,159,160,163,164,165
0045_00025	26,50,53,57,66,72,76,83,89,90,91,93,96,98,99,105,108,109,112,114,115,116,120,123,126,127,128,131,132,137,139,140,141,143,145,146,149,150,152,153,154,155,157,159,160,163,164,165
0045_00026	72,87,90,103,104,107,109,123,125,126,129,131,132,133,134,135,136,139,140,144,145,146,150,151,153,154,155,156,157,158,159,161,162,163,164,165
0045_00027	29,47,67,69,81,88,89,92,93,94,102,106,110,112,117,124,126,130,136,141,146,148,149,151,154,156,157,158,159,160,161,164
0045_00028	36,59,74,75,80,81,85,86,88,93,98,100,105,108,111,115,116,118,120,121,122,125,135,137,138,141,142,144,145,147,148,149,152,153,154,155,156,158,160,161,162,163,164,165
0045_00029	92,110,113,117,127,131,133,135,139,143,151,152,154,156,157,158,159,160,161,162,163,164,165
0045_00030	38,41,65,77,78,80,85,86,87,93,98,100,103,107,115,116,119,121,122,134,137,142,148,149,153,155,156,158,160,161,162,163,165
0045_00031	28,85,86,89,92,100,103,108,109,110,111,114,116,117,122,126,128,129,132,133,134,135,138,141,144,148,149,150,153,154,155,156,157,158,159,160,161,162,163,164,165
0045_00032	57,83,89,93,96,98,99,101,105,113,120,123,125,126,127,132,136,137,140,143,144,145,146,147,152,154,157,159,160,162,163,164,165
0045_00033	57,83,89,93,96,98,101,105,109,113,118,120,123,126,127,132,136,137,140,143,144,145,146,147,152,153,154,157,159,160,162,163,164,165
0045_00034	57,83,89,93,96,98,99,101,105,109,113,120,123,125,126,127,132,136,137,140,143,144,145,146,147,152,153,154,157,159,160,162,163,164,165
0045_00037	28,85,86,89,92,93,100,103,109,110,111,114,115,117,122,126,128,129,132,133,134,135,138,141,144,148,149,150,153,154,155,156,157,158,159,160,161,162,163,164,165
0045_00040	23,24,66,71,74,78,79,81,88,93,94,95,102,106,110,112,117,119,123,124,126,141,142,149,151,154,156,157,158,159,160,161,164
0045_00041	23,24,51,55,58,60,61,66,67,71,73,74,78,79,81,88,93,94,95,97,102,106,110,112,117,119,123,124,126,130,136,140,141,142,146,148,149,151,154,156,157,158,159,160,161,164
0045_00042	23,24,51,60,61,66,67,71,73,74,78,79,81,88,93,94,95,97,102,106,110,112,117,119,123,124,126,130,136,141,142,146,148,149,151,154,156,157,158,159,160,161,164
0045_00043	22,34,50,66,74,76,89,96,99,108,112,116,123,126,127,128,129,132,136,141,143,146,149,150,152,154,155,157,159,160,164,165
0045_00045	25,32,33,37,43,51,55,58,60,61,65,67,69,70,73,77,80,81,88,89,92,93,94,97,98,102,106,110,112,113,117,120,121,122,124,126,127,130,131,133,135,136,137,140,141,142,143,146,148,149,151,154,156,157,158,159,160,161,162,163,164,165
0045_00047	8,11,19,36,47,54,66,74,79,81,83,84,85,88,92,95,96,97,105,110,112,113,117,120,121,122,123,127,131,133,136,137,139,140,142,143,146,148,149,150,151,152,154,156,157,158,159,160,161,162,163,164,165
0045_00048	84,104,111,115,151,155,156,158,160,161,162,163,165
0045_00049	8,11,19,36,47,54,66,74,79,81,83,84,85,88,92,95,96,97,105,110,112,117,120,121,122,123,127,131,133,136,137,139,140,142,143,146,148,149,150,151,154,156,157,158,159,160,161,162,163,164,165
0045_00050	22,65,66,77,80,90,93,97,98,112,113,120,121,125,126,127,137,139,142,143,145,152,157,159,160,161,162,163,164,165
0045_00051	26,50,66,76,90,91,96,99,104,105,108,112,115,116,118,127,128,129,131,132,139,143,145,147,149,150,152,157,159,160,163,164,165
0045_00052	29,67,73,74,81,85,87,88,92,93,102,103,106,107,108,110,111,112,117,122,124,126,130,132,133,134,135,141,146,148,149,153,154,155,156,157,158,159,160,161,162,163,164,165
0045_00053	54,72,74,82,84,90,92,95,97,100,104,109,110,111,113,116,117,126,127,131,132,138,139,142,143,146,149,151,152,153,154,155,156,157,158,159,160,161,162,163,164,165
0045_00054	42,53,62,65,74,75,80,83,85,87,89,90,91,92,96,97,100,104,107,108,110,111,117,121,122,123,125,128,129,131,132,133,134,135,136,137,139,140,142,144,145,146,147,148,149,150,151,152,153,154,155,156,157,158,159,160,161,162,163,164,165
0045_00055	25,53,65,74,77,80,82,87,98,100,103,106,107,114,120,121,131,133,134,135,137,141,142,149,151,153,155,156,158,160,161,162,163,165
0045_00056	52,57,62,65,72,75,77,79,80,83,87,94,95,96,97,100,103,107,109,111,112,120,121,122,123,124,128,129,132,134,137,138,142,144,147,148,150,152,153,155,156,157,158,159,161,162,163,164,165
0045_00057	23,28,29,38,47,48,57,65,67,75,77,81,83,85,87,88,93,95,96,97,98,100,102,103,105,106,107,108,110,112,113,117,120,121,122,123,124,126,127,130,134,136,137,140,142,143,144,146,148,149,150,152,153,154,155,156,157,158,159,160,161,162,163,164,165
0045_00058	38,42,62,65,75,77,79,85,86,87,90,91,98,100,104,107,111,118,120,121,122,125,128,129,132,133,134,135,137,138,139,142,145,147,148,152,153,155,156,157,158,161,162,163,164,165
0045_00059	38,42,62,65,75,77,79,85,86,87,98,100,107,111,118,120,121,122,125,128,129,132,133,134,135,137,138,142,145,147,148,152,153,154,155,156,158,161,162,163,164,165
0045_00060	28,29,47,52,65,67,70,73,75,77,80,81,88,92,94,95,97,98,100,102,105,106,109,110,111,112,113,114,117,120,121,122,124,125,126,127,128,130,137,138,142,143,144,145,146,148,149,150,153,154,155,156,157,158,159,160,161,162,163,164,165
0045_00061	28,29,47,52,65,67,70,73,75,77,80,81,88,92,93,94,95,97,98,100,102,105,106,108,110,111,112,113,117,120,121,122,124,125,126,127,130,137,142,143,144,145,146,148,149,150,153,154,155,156,157,158,159,160,161,162,163,164,165
0045_00062	54,57,66,72,74,75,85,86,89,90,91,93,95,97,98,100,104,108,111,112,114,115,116,120,121,122,123,126,127,131,132,133,137,139,140,141,142,143,145,146,148,149,150,152,153,154,155,156,157,158,159,160,161,163,164,165
0045_00063	41,50,65,76,77,80,89,92,93,97,98,99,110,113,117,120,121,123,125,126,127,137,140,142,143,144,145,146,149,150,152,154,156,157,159,160,161,162,163,164,165
0045_00064	26,50,66,72,76,87,89,91,96,99,103,104,105,107,108,109,112,114,115,116,123,126,127,128,129,132,134,136,139,140,141,143,145,146,147,149,150,152,153,154,155,157,159,160,163,164,165
0045_00065	85,92,93,95,108,110,111,117,122,123,125,126,132,133,135,136,141,144,145,146,148,149,150,154,155,156,157,158,159,160,161,162,163,164,165
0045_00066	36,47,65,75,81,83,85,87,88,95,96,100,103,104,105,106,107,110,113,117,120,121,122,123,127,132,134,136,137,139,143,144,146,148,150,153,154,155,156,157,158,159,161,162,163,164,165
0045_00067	23,57,72,74,83,89,93,96,105,106,110,112,113,117,120,123,126,127,137,140,141,143,144,146,149,151,152,154,156,157,158,159,160,161,162,163,164,165
0045_00068	23,33,58,66,67,74,77,81,88,93,94,96,97,100,105,106,108,109,110,111,112,113,114,115,116,117,122,123,124,126,127,128,129,130,132,136,138,140,141,142,143,144,146,147,148,149,152,153,154,155,156,157,158,159,160,161,162,163,164,165
0045_00069	23,25,37,53,65,75,77,79,80,82,83,85,90,93,96,97,100,104,105,106,110,111,114,115,116,117,118,120,121,122,123,126,131,133,135,136,137,142,144,146,147,148,149,150,151,153,154,155,156,157,158,159,160,161,162,163,164,165
0045_00070	57,75,85,92,95,98,103,105,107,109,110,111,113,115,117,120,121,122,134,135,137,144,145,148,150,152,153,154,156,157,158,159,160,161,162,163,164,165
0045_00071	25,32,33,37,43,51,55,58,60,61,65,67,69,73,77,80,88,89,91,92,93,94,97,98,102,104,106,110,111,112,113,117,120,121,123,124,125,126,127,130,131,132,133,135,136,137,140,141,142,143,144,145,146,148,149,150,151,153,154,155,156,157,158,159,160,161,162,163,164,165
0045_00072	29,32,33,51,55,58,59,60,61,64,67,69,73,74,81,82,88,94,100,102,104,106,111,112,117,124,126,130,136,138,140,141,146,147,148,149,151,152,153,155,156,157,158,159,160,161,162,163,164,165
0045_00073	33,36,55,58,60,61,67,69,73,74,75,77,80,81,88,89,92,94,97,98,102,105,106,110,112,117,120,121,122,124,127,130,135,136,137,142,143,144,145,146,148,149,150,151,154,156,158,159,160,161,162,163,164,165
0045_00074	84,109,114,123,126,133,135,151,153,154,155,156,157,158,159,160,161,162,163,164,165
0045_00075	84,109,114,123,126,133,135,151,153,154,155,156,157,158,159,160,161,162,163,164,165
0045_00076	109,114,115,116,118,123,125,126,132,136,138,140,144,145,146,147,150,153,154,155,157,159,160,162,163,164,165
0045_00077	26,42,50,53,66,72,76,82,87,89,90,91,96,99,104,105,107,108,109,112,115,116,127,128,129,131,132,134,136,139,140,141,143,145,146,147,149,150,152,153,154,155,157,159,160,163,164,165
0045_00078	26,42,50,53,66,72,76,82,87,89,90,91,96,99,104,105,107,108,109,112,115,116,127,128,129,131,132,134,136,139,140,141,143,145,146,147,149,150,152,153,154,155,157,159,160,163,164,165
0045_00079	23,52,62,68,69,74,93,94,95,97,106,110,113,117,123,124,125,126,127,131,133,135,141,142,143,144,145,146,149,150,151,152,154,156,157,158,159,160,161,162,163,164,165
0045_00080	24,49,56,63,70,71,87,93,94,97,102,103,107,113,119,122,123,124,125,126,127,130,133,134,135,136,140,143,144,145,146,148,150,152,154,156,157,158,159,160,161,162,163,164,165
0045_00081	22,50,57,66,74,76,83,89,96,99,109,112,123,126,128,132,137,141,146,149,150,152,153,154,155,157,159,160,162,163,164,165
0045_00082	108,109,114,115,116,118,123,126,128,129,132,136,138,140,141,146,147,149,153,154,155,157,159,160,164
0045_00083	108,109,114,115,116,118,123,126,128,129,136,138,140,141,144,146,147,149,150,153,154,155,157,159,160,162,163,164,165
0045_00084	52,62,65,66,72,74,75,77,79,80,83,92,94,95,96,97,110,112,113,117,120,121,122,124,125,126,127,137,139,141,142,143,145,148,149,152,156,157,158,159,160,161,162,163,164,165
0045_00085	62,65,80,87,92,97,98,103,107,110,117,121,125,133,134,135,137,142,144,145,150,151,154,156,158,161,162,163,164,165
0045_00086	37,46,65,75,77,80,85,87,89,91,92,97,98,106,107,110,111,113,114,115,117,120,121,122,127,134,136,137,141,142,143,144,148,149,150,151,154,155,156,158,159,160,161,162,163,164,165
0045_00087	46,54,66,74,82,84,87,95,100,104,107,112,116,131,132,133,134,135,139,141,142,144,149,150,151,152,153,155,156,157,158,160,161,162,163,164,165
0045_00088	46,80,84,85,86,87,90,93,100,107,108,111,115,116,118,122,128,129,133,134,135,142,144,145,147,148,150,151,153,155,156,158,160,161,162,163,165
0045_00089	46,52,57,62,65,66,75,77,79,80,83,87,94,95,96,97,100,103,107,109,111,112,120,121,122,124,128,129,132,134,137,138,142,144,148,150,152,153,155,156,157,158,161,162,163,164,165
0045_00090	26,50,57,66,72,76,82,83,89,91,96,99,101,104,105,108,109,112,114,115,116,118,120,123,127,128,129,131,132,136,137,139,140,141,143,145,146,147,149,150,152,153,154,155,157,159,160,163,164,165
0045_00091	75,83,85,86,89,93,96,100,111,113,118,121,122,126,127,128,129,132,137,138,140,141,143,144,146,147,148,149,150,152,153,154,155,157,158,159,160,161,162,163,164,165
0045_00092	25,33,39,40,48,55,58,60,61,65,67,73,74,77,80,81,82,86,88,92,93,94,97,98,100,102,106,108,110,112,113,114,115,116,117,118,120,121,122,124,126,127,130,133,135,136,137,141,142,143,144,146,147,148,149,150,151,153,155,156,157,158,159,160,161,162,163,164,165
0045_00093	28,36,37,47,62,66,74,75,77,78,80,81,85,88,97,98,100,106,110,112,117,119,120,121,122,127,133,135,137,141,142,143,145,148,149,150,153,154,156,158,160,161,162,163,164,165
0045_00094	24,49,56,63,66,70,71,74,79,80,94,97,102,104,111,112,114,115,119,122,124,130,133,135,136,140,141,142,144,146,148,149,150,151,155,156,158,159,160,161,162,163,164,165
0045_00095	29,67,81,88,102,106,109,112,114,115,124,126,130,141,148,149,153,155,157,159,160,164
0045_00096	54,65,72,74,82,83,90,95,96,97,100,104,105,109,113,116,121,125,126,127,131,132,137,138,139,142,143,145,149,151,152,153,155,156,157,158,159,160,161,162,163,164,165
0045_00097	23,93,105,106,110,113,117,123,125,126,127,143,145,151,152,154,156,157,158,159,160,161,162,163,164,165
0045_00098	23,25,43,65,77,79,83,93,96,97,105,106,110,117,120,121,123,126,131,133,135,137,142,151,154,156,157,158,159,160,161,162,163,164,165
0045_00099	23,57,66,72,74,83,93,96,105,106,110,112,113,115,117,123,126,127,132,137,141,143,144,146,149,151,152,154,156,157,158,159,160,161,162,163,164,165
0045_00100	23,57,66,72,74,83,89,93,96,105,106,110,112,113,117,123,126,127,131,137,139,140,141,143,144,146,149,150,151,152,154,156,157,158,159,160,161,162,163,164,165
0045_00101	36,57,76,81,88,89,91,92,97,98,99,108,109,110,116,117,120,132,133,135,137,138,145,147,150,151,152,153,154,156,157,158,159,160,161,162,163,164,165
0045_00102	37,38,42,52,62,65,75,77,79,80,83,85,87,94,95,96,97,103,106,107,109,110,113,114,117,120,121,122,123,124,126,127,128,133,134,135,136,137,142,143,144,146,148,149,150,153,154,155,156,157,158,159,160,161,162,163,164,165
0045_00103	8,11,36,45,47,54,76,79,81,84,85,87,88,91,92,95,97,98,99,101,103,105,107,110,117,120,121,122,123,127,131,133,134,136,137,139,140,142,143,145,146,148,150,151,153,154,156,157,158,159,161,162,163,164,165
0045_00104	8,11,36,45,47,50,54,76,79,81,84,85,88,91,92,95,97,98,99,101,105,110,113,115,117,120,121,122,123,127,131,133,136,137,139,140,142,143,145,146,148,150,151,152,153,154,156,157,158,159,160,161,162,163,164,165
0045_00105	8,11,36,45,47,50,54,76,79,81,84,85,88,91,92,95,97,98,99,101,105,110,115,117,120,121,122,123,127,131,133,136,137,139,140,142,143,145,146,148,150,151,153,154,156,157,158,159,160,161,162,163,164,165
0045_00106	8,11,24,36,45,47,50,65,71,76,77,78,79,80,81,83,84,85,88,89,91,92,93,94,95,96,97,98,99,101,102,105,106,109,110,116,117,119,120,121,122,123,124,126,127,131,133,135,136,137,138,139,140,142,143,146,148,149,150,151,153,154,155,156,157,158,159,160,161,162,163,164,165
0045_00107	8,11,24,36,45,47,49,50,65,71,75,76,77,78,79,80,81,83,84,85,88,89,91,92,93,94,95,96,97,98,99,100,101,102,105,106,110,111,117,118,119,120,121,122,123,124,126,127,128,129,131,133,135,136,137,138,140,142,143,144,145,146,147,148,150,151,153,154,155,156,157,158,159,160,161,162,163,164,165
0045_00108	8,11,23,24,36,45,47,50,57,71,76,78,79,81,83,84,85,88,89,90,91,92,93,94,95,96,97,98,99,101,102,105,106,109,110,117,119,120,121,122,123,124,126,127,131,133,136,137,138,139,140,142,143,146,148,150,151,152,153,154,155,156,157,158,159,160,161,162,163,164,165
0045_00109	24,49,53,54,56,63,70,71,82,89,90,92,94,95,102,103,104,107,109,110,111,117,119,122,124,130,131,133,134,135,136,139,140,142,146,148,151,152,153,154,155,156,157,158,159,161,162,163,164,165
0045_00110	38,46,52,53,62,65,75,77,79,80,83,87,92,93,94,95,96,97,98,103,107,110,117,120,121,122,124,125,131,133,134,135,136,137,142,144,145,148,149,150,151,154,156,158,159,160,161,162,163,164,165
0045_00111	13,24,37,46,71,72,77,87,93,94,95,102,103,106,107,110,117,122,124,126,133,134,135,142,144,148,149,150,151,154,156,157,158,159,160,161,162,163,164,165
0045_00112	29,48,76,87,99,102,103,106,107,109,112,114,124,126,128,130,134,138,140,144,146,148,149,150,152,153,155,157,159,160,162,163,164,165
0045_00113	37,42,43,65,77,87,89,92,97,98,103,106,107,110,112,113,117,121,125,126,127,131,133,134,135,136,137,142,143,144,145,146,150,151,152,154,156,157,158,159,161,162,163,164,165
0045_00114	52,62,65,75,79,80,84,87,92,94,95,97,98,103,107,110,113,117,120,121,122,124,125,127,133,134,135,137,142,143,144,145,148,150,151,154,156,158,161,162,163,164,165
0045_00115	25,32,33,37,43,51,55,58,59,60,61,64,65,67,69,73,77,80,81,87,88,89,92,93,94,97,98,102,103,106,107,109,110,112,113,114,117,120,121,123,124,125,126,127,130,131,133,134,135,136,137,140,142,143,144,145,146,148,149,150,151,153,154,155,156,157,158,159,160,161,162,163,164,165
0045_00116	29,48,65,67,73,81,87,88,92,97,98,102,103,106,107,109,110,112,113,114,117,121,124,126,127,128,130,134,137,138,143,144,146,148,149,150,153,155,156,157,159,160,161,162,163,164,165
0045_00117	65,74,85,86,87,93,98,100,103,107,111,115,116,121,122,125,134,137,142,145,147,148,149,153,155,156,158,160,161,162,163,165
0045_00118	36,59,74,75,80,81,85,86,87,88,93,98,100,103,105,107,108,111,115,116,118,120,121,122,125,134,135,137,138,142,144,145,147,148,149,153,155,156,158,160,161,162,163,165
0045_00119	29,48,65,67,73,81,87,88,92,93,97,98,102,103,106,107,110,112,113,117,121,124,126,127,130,134,137,143,144,146,148,149,150,156,157,159,160,161,162,163,164,165
0045_00120	25,32,33,37,38,43,51,55,58,59,60,61,64,65,67,69,73,77,80,81,87,88,89,93,94,97,98,102,103,106,107,110,112,113,117,120,121,124,125,126,127,130,131,133,134,135,136,137,140,142,143,144,145,146,148,149,150,151,154,156,157,158,159,160,161,162,163,164,165
0045_00122	41,54,66,74,80,82,84,95,100,104,112,116,131,132,133,135,139,141,142,144,149,150,151,152,153,155,156,157,158,160,161,162,163,164,165
0045_00123	25,41,43,65,77,78,79,80,82,83,86,88,90,91,93,96,100,104,106,108,111,116,119,120,121,129,131,137,138,142,144,147,149,150,151,153,155,156,158,160,161,162,165
0045_00124	25,32,33,37,43,51,55,58,59,60,61,64,65,67,69,72,73,77,80,81,86,88,89,93,94,97,98,102,106,109,110,112,113,115,116,117,120,121,124,125,126,127,130,131,132,133,135,136,137,138,140,141,142,143,144,145,146,147,148,149,150,151,152,153,154,155,156,157,158,159,160,161,162,163,164,165
0045_00125	22,42,62,65,75,79,80,82,85,86,87,89,91,97,98,100,104,105,107,111,113,118,120,121,122,123,125,127,129,131,133,134,135,136,137,138,139,142,143,144,145,146,147,148,150,151,152,153,154,156,157,158,159,161,162,163,164,165
0045_00126	54,57,66,72,74,85,86,89,90,91,93,95,97,98,108,111,112,114,115,116,120,122,123,126,127,131,132,133,136,137,139,140,141,143,145,146,148,149,150,152,154,155,156,157,158,159,160,161,163,164,165
0045_00127	54,66,74,82,84,87,95,100,103,104,107,112,116,131,132,133,134,135,139,141,142,144,149,150,151,152,153,155,156,157,158,160,161,162,163,164,165
0045_00128	54,66,74,82,84,87,95,100,103,104,107,108,111,112,114,115,116,129,131,132,133,134,135,139,141,142,144,149,150,151,152,153,155,156,157,158,160,161,162,163,164,165
0045_00129	54,74,82,84,87,95,100,103,104,107,116,131,132,133,134,135,139,142,144,149,150,151,152,153,155,156,157,158,160,161,162,163,164,165
0045_00130	53,54,57,64,72,75,79,81,83,85,86,88,89,90,91,92,93,95,96,97,98,100,103,107,108,110,111,114,115,116,117,120,121,122,127,129,131,134,137,139,140,141,142,143,146,147,148,149,150,151,152,153,154,155,156,157,158,159,160,161,163,164,165
0045_00131	26,42,50,66,72,76,87,91,96,99,103,104,105,107,108,112,114,115,116,123,126,127,128,129,132,134,136,139,140,141,143,145,146,147,149,150,152,153,154,155,157,159,160,163,164,165
0045_00132	17,42,65,72,87,92,98,103,107,108,109,110,113,117,121,123,125,126,127,134,137,140,143,144,145,146,150,152,153,154,155,156,157,159,160,161,162,163,164,165
0045_00133	13,24,57,66,71,72,74,75,83,87,89,92,94,96,97,100,102,103,107,108,109,110,111,112,115,117,120,121,122,124,127,128,129,132,134,137,138,143,144,148,149,150,153,154,155,156,157,158,159,160,161,162,163,164,165
0045_00134	65,72,87,95,98,103,105,107,108,109,113,114,115,116,118,121,123,125,126,127,128,129,132,134,137,143,145,146,147,149,152,153,154,155,156,157,159,160,161,162,163,164,165
0045_00135	24,25,36,43,47,49,52,63,65,70,71,77,78,79,80,81,82,83,87,88,90,93,94,96,97,100,102,103,106,107,108,117,119,120,121,122,124,130,131,134,137,142,148,151,153,155,156,158,159,160,161,162,164,165
0045_00136	8,11,19,36,47,57,62,65,66,71,74,79,80,81,83,85,87,88,89,92,94,95,96,97,102,103,105,107,110,112,117,120,121,122,123,124,127,131,133,134,136,137,139,140,141,142,143,144,146,148,149,150,151,152,154,156,157,158,159,160,161,162,163,164,165
0045_00137	19,75,83,85,89,93,96,97,98,105,108,109,111,114,116,121,122,123,126,127,128,129,132,136,137,140,143,145,146,147,148,149,150,152,153,154,155,156,157,158,159,160,161,162,163,164,165
0045_00138	19,75,83,85,89,93,96,97,98,105,108,111,116,121,122,123,126,127,128,129,132,136,137,140,143,145,146,147,148,149,150,152,154,156,157,158,159,160,161,162,163,164,165
0045_00139	26,50,66,72,76,82,91,96,99,104,105,108,109,112,115,116,118,127,128,129,131,132,136,139,140,143,145,146,147,149,150,152,153,154,155,157,159,160,163,164,165
0045_00140	26,50,53,66,72,76,82,89,90,91,96,99,104,105,108,109,112,115,116,118,127,128,129,131,132,136,139,140,143,145,146,147,149,150,152,153,154,155,157,159,160,163,164,165
0045_00141	29,48,57,67,73,81,87,88,89,98,102,103,105,106,107,109,112,113,114,123,124,125,126,127,128,130,134,137,138,140,141,143,144,145,146,148,149,150,152,153,154,155,157,159,160,162,163,164,165
0045_00142	25,41,53,65,66,74,77,79,80,82,87,98,100,103,106,107,112,114,120,121,131,133,134,135,137,141,142,149,151,153,155,156,158,160,161,162,163,165
0045_00143	29,41,67,73,81,88,102,106,109,112,113,114,124,125,126,127,130,143,145,148,152,153,155,157,159,160,161,162,163,164,165
0045_00144	47,81,85,88,100,106,108,110,111,114,117,118,122,128,129,133,138,147,148,149,153,154,155,156,158,160,161,163,164,165
0045_00145	24,36,50,62,71,76,78,86,88,89,91,94,97,98,99,102,104,109,111,114,115,118,119,124,126,127,128,129,132,137,138,139,143,145,146,147,149,150,152,153,154,155,156,157,159,160,161,163,164,165
0045_00146	24,37,41,43,71,77,78,79,80,82,89,90,92,93,94,95,97,100,102,106,110,114,117,119,124,126,131,136,142,146,149,151,153,154,155,156,157,158,159,160,161,164
0045_00147	22,52,65,66,75,77,79,80,83,87,91,94,95,96,97,100,103,104,107,111,112,116,120,121,122,124,128,132,134,137,139,142,148,152,153,155,156,157,158,160,161,162,163,164,165
0045_00148	22,25,62,65,77,80,98,106,120,121,125,133,135,137,142,145,151,156,158,160,161,162,163,165
0045_00149	22,25,53,65,77,80,84,98,104,106,111,120,121,131,133,135,137,142,151,156,158,161,162,163,165
0045_00150	51,55,58,59,60,61,64,67,73,81,84,88,102,112,124,125,130,131,133,135,136,142,145,148,151,156,158,159,161,162,163,164,165
0045_00151	25,53,65,74,77,80,84,87,98,103,106,107,120,121,131,133,134,135,137,142,149,151,156,158,160,161,162,163,165
0045_00152	25,37,43,53,65,66,74,77,80,84,97,98,106,110,112,113,117,120,121,127,131,133,135,137,141,142,143,149,151,154,156,158,160,161,162,163,164,165
0045_00153	25,47,53,59,64,65,66,74,77,80,81,84,88,93,98,106,112,120,121,131,133,135,137,141,142,149,151,156,158,160,161,162,163,165
0045_00154	21,22,41,46,66,74,76,95,99,107,112,113,123,125,126,127,134,143,145,146,149,150,152,154,157,159,160,161,162,163,164,165
0045_00155	29,48,67,81,86,88,93,102,106,108,112,114,116,124,126,129,130,138,141,146,147,148,149,153,155,157,159,160,164
0045_00156	16,19,22,50,53,57,66,72,76,82,89,90,91,96,98,99,104,105,109,112,115,116,120,127,128,129,131,132,137,138,139,140,143,145,146,149,150,152,153,154,155,157,159,160,163,164,165
0045_00157	19,42,62,78,79,80,87,92,95,100,103,104,105,107,110,111,117,119,120,121,125,127,132,134,135,137,142,143,144,145,150,151,153,154,156,158,161,162,163,164,165
0045_00158	25,53,65,77,80,82,84,87,98,100,103,106,107,114,120,121,131,133,134,135,137,142,151,153,155,156,158,160,161,162,163,165
0045_00159	25,47,53,59,64,65,74,77,80,81,88,93,98,106,120,121,131,133,135,137,141,142,149,151,156,158,160,161,162,163,165
0045_00160	26,42,50,66,72,76,87,90,91,96,99,104,105,107,108,112,115,116,127,128,129,131,132,134,136,139,140,141,143,145,146,147,149,150,152,154,157,159,160,163,164,165
0045_00161	43,47,66,73,74,77,81,88,106,112,113,125,126,127,131,133,135,141,142,143,144,145,149,150,151,152,156,157,158,160,161,162,163,164,165
0045_00162	19,62,75,78,79,80,85,87,92,93,95,100,103,105,107,110,111,116,117,119,120,121,122,125,127,132,134,135,137,142,143,144,145,148,150,153,154,156,158,160,161,162,163,164,165
0045_00163	29,38,48,65,67,73,74,77,80,81,88,92,97,98,102,106,109,110,112,113,114,117,120,121,124,126,127,128,130,137,138,141,142,143,146,148,149,153,155,156,157,159,160,161,162,163,164,165
0045_00164	29,48,67,73,81,87,88,102,103,106,107,109,112,113,114,124,126,127,128,130,134,138,143,144,146,148,149,150,152,153,155,157,159,160,162,163,164,165
0045_00165	32,33,42,55,58,60,61,67,70,73,74,77,81,86,88,93,94,102,103,106,107,112,117,122,124,130,133,134,135,136,142,148,149,156,158,159,160,161,162,163,164,165
0045_00166	34,85,86,92,99,100,103,107,110,117,122,134,138,148,153,154,155,156,158,161,164
0045_00167	21,29,48,76,93,99,102,103,106,107,112,124,126,130,134,140,146,148,149,157,159,160,164
0045_00168	8,11,19,36,47,57,62,65,66,71,74,79,80,81,83,85,87,88,89,92,94,95,96,97,102,103,105,107,110,112,117,120,121,122,123,124,127,131,133,134,136,137,139,140,141,142,143,144,146,148,149,150,151,152,154,156,157,158,159,160,161,162,163,164,165
0045_00169	50,76,99,113,125,127,131,139,143,145,149,152,157,159,160,162,163,164,165
0045_00170	23,72,74,97,106,109,110,113,114,117,123,126,127,133,135,138,140,141,143,144,146,149,150,151,152,153,154,155,156,157,158,159,160,161,162,163,164,165
0045_00171	109,114,123,126,136,138,140,144,146,149,150,153,154,155,157,159,160,162,163,164,165
0045_00172	37,75,77,79,85,86,93,98,100,106,110,111,114,115,116,117,118,120,121,122,128,129,137,138,141,142,147,148,149,153,154,155,156,158,160,161,163,164,165
0045_00173	50,76,99,108,113,114,125,127,129,131,139,143,145,149,152,155,157,159,160,162,163,164,165
0045_00174	37,42,43,77,87,89,92,97,103,106,107,110,117,125,131,133,134,135,136,142,144,145,150,151,154,156,158,159,161,162,163,164,165
0045_00175	42,65,80,87,89,92,97,98,106,107,110,112,113,117,121,125,126,127,133,134,135,137,142,143,144,145,150,151,152,154,156,157,158,159,161,162,163,164,165
0045_00176	23,37,52,57,62,65,66,74,75,77,80,83,85,86,87,92,93,94,95,96,97,103,106,107,110,112,113,117,120,121,122,123,124,127,133,134,135,136,137,141,142,143,144,146,148,149,150,151,154,156,158,159,160,161,162,163,164,165
0045_00177	47,66,74,75,81,85,86,88,98,100,106,110,111,112,117,118,121,122,129,137,138,145,147,148,149,153,154,156,158,160,161,162,163,164,165
0045_00178	85,86,92,93,95,100,103,108,109,110,111,115,116,117,122,126,128,129,132,133,134,135,138,141,144,147,148,149,150,153,154,155,156,157,158,159,160,161,162,163,164,165
0045_00179	25,47,53,59,64,65,74,77,80,81,82,88,93,98,100,106,114,120,121,131,133,135,137,141,142,149,151,153,155,156,158,160,161,162,163,165
0045_00180	36,81,83,85,86,88,92,93,95,96,103,108,109,110,111,115,117,122,126,128,132,133,134,135,137,138,141,144,148,149,150,153,154,155,156,157,158,159,160,161,162,164,165
0045_00181	29,67,73,81,88,92,93,102,104,106,108,110,111,112,116,117,124,126,130,132,141,146,148,149,151,153,154,155,156,157,158,159,160,161,164
0045_00182	50,57,72,75,76,85,86,87,92,93,95,98,99,100,103,107,109,110,111,113,117,118,120,121,122,125,126,127,129,132,134,137,138,140,143,144,145,146,147,148,149,150,152,153,154,156,157,158,159,160,161,162,163,164,165
0045_00183	50,57,72,75,76,85,86,87,92,93,95,98,99,100,103,107,109,110,111,113,117,118,120,121,122,125,126,127,129,132,134,137,138,140,143,144,145,146,147,148,149,150,152,153,154,156,157,158,159,160,161,162,163,164,165
0045_00184	24,38,49,56,63,65,70,71,75,77,79,80,83,85,93,94,95,96,97,102,119,120,121,122,124,130,133,135,137,142,144,148,149,150,156,158,159,160,161,162,164,165
0045_00185	45,52,65,66,74,75,76,77,79,80,83,87,94,95,96,97,99,103,107,112,120,121,122,124,134,137,139,141,142,144,148,149,150,152,156,157,158,160,161,162,163,164,165
0045_00186	74,85,86,93,95,100,109,111,115,116,122,125,126,132,138,145,147,148,149,152,153,155,157,158,160,161,162,163,164,165
0045_00187	125,133,135,145,151,156,158,161,162,163,165
0045_00188	109,114,115,118,123,126,132,136,138,140,144,146,147,149,150,153,154,155,157,159,160,162,163,164,165
0045_00189	29,51,55,58,60,61,67,73,81,86,88,102,106,108,109,112,114,116,124,126,128,129,130,132,136,138,140,141,146,147,148,149,153,155,157,159,160,164
0045_00190	37,74,77,85,86,87,93,103,106,107,110,117,122,133,134,135,142,144,148,149,150,151,154,156,158,160,161,162,163,164,165
0045_00191	57,62,75,85,86,95,98,100,108,111,115,118,120,121,122,128,129,132,133,137,138,147,148,149,152,153,156,157,158,160,161,163,164,165
0045_00192	26,50,53,57,62,66,72,76,83,89,90,91,93,96,98,99,105,108,109,112,116,118,120,123,126,127,128,129,131,132,137,139,140,141,143,145,146,147,149,150,152,153,154,157,159,160,163,164,165
0045_00193	26,50,53,54,66,72,74,76,84,85,86,89,92,93,95,97,99,105,110,112,113,117,122,127,131,133,136,139,140,141,142,143,144,145,146,148,149,150,151,152,154,156,157,158,159,160,161,162,163,164,165
0045_00194	29,59,64,67,81,88,102,106,109,112,114,124,125,126,130,145,148,153,155,157,159,160,162,163,164,165
0045_00195	26,50,53,57,66,72,76,83,89,90,91,93,95,96,98,99,105,108,109,112,114,115,116,120,123,126,127,128,131,132,133,137,139,140,141,143,145,146,149,150,151,152,153,154,155,156,157,158,159,160,161,163,164,165
0045_00196	75,79,83,85,90,91,92,95,96,100,104,108,109,110,111,114,117,118,121,122,123,126,128,131,136,137,138,139,140,142,146,147,148,149,150,151,153,154,155,156,157,158,159,160,161,162,163,164,165
0045_00197	22,42,62,65,75,79,80,85,86,87,89,97,98,100,105,107,108,111,113,114,116,118,120,121,122,123,125,127,129,133,134,135,136,137,138,139,142,143,144,145,146,147,148,150,152,153,154,155,156,157,158,159,160,161,162,163,164,165
0045_00198	24,29,49,56,63,67,70,71,73,81,88,94,102,106,109,112,113,114,119,122,124,125,126,127,130,133,135,140,143,145,146,148,152,153,155,156,157,158,159,160,161,162,163,164,165
0045_00199	26,50,53,57,66,72,76,83,89,90,91,92,93,95,96,98,99,105,108,109,110,112,114,115,116,117,120,123,126,127,128,131,132,133,136,137,139,140,141,143,145,146,149,150,151,152,153,154,155,156,157,158,159,160,161,163,164,165
0045_00200	54,57,66,72,74,85,86,89,90,91,93,95,97,98,104,108,111,112,114,115,116,120,122,123,126,127,131,132,133,136,137,139,140,141,143,145,146,148,149,150,152,154,155,156,157,158,159,160,161,163,164,165
0045_00201	47,74,81,85,88,100,106,108,110,114,116,117,122,128,138,141,148,149,153,154,155,156,158,160,161,162,163,164,165
0045_00202	23,86,88,93,106,110,113,114,116,117,123,126,127,138,143,144,149,150,151,152,153,154,155,156,157,158,159,160,161,162,163,164,165
0045_00203	23,51,55,58,60,61,67,73,86,88,93,102,106,110,112,113,114,116,117,123,124,126,127,130,132,136,138,140,143,144,146,148,149,150,151,152,153,154,155,156,157,158,159,160,161,162,163,164,165
0045_00204	23,51,60,61,67,73,86,88,93,102,106,110,113,114,116,117,123,124,126,127,132,136,138,143,144,146,148,149,150,151,152,153,154,155,156,157,158,159,160,161,162,163,164,165
0045_00205	28,29,67,73,81,88,102,106,109,112,114,124,126,128,130,138,140,141,146,148,149,153,155,157,159,160,164
0045_00206	25,43,65,77,80,82,90,91,92,97,98,100,106,108,110,113,114,115,116,117,118,120,121,127,131,133,135,137,141,142,143,144,147,149,150,151,153,154,155,156,158,160,161,162,163,164,165
0045_00207	66,74,86,108,109,112,113,114,115,125,126,127,138,141,143,145,146,149,152,153,155,157,159,160,162,163,164,165
0045_00208	39,40,48,51,55,57,58,60,61,66,67,73,74,83,88,93,96,102,105,106,108,109,112,113,114,123,124,126,127,130,136,137,140,141,143,144,146,148,149,150,152,153,155,157,159,160,162,163,164,165
0045_00209	29,67,81,88,102,106,109,112,114,115,118,124,126,128,130,138,141,147,148,149,153,155,157,159,160,164
0045_00210	50,66,74,76,98,99,105,109,112,113,114,121,126,127,135,137,141,143,144,145,149,151,152,153,155,156,157,158,160,161,162,163,164,165
0045_00211	25,33,37,39,40,43,48,55,58,60,61,65,67,69,72,73,77,80,88,89,92,93,94,97,98,102,106,109,110,112,113,114,117,120,121,124,125,126,127,130,131,133,135,136,137,140,141,142,143,144,145,146,148,149,150,151,152,153,154,155,156,157,158,159,160,161,162,163,164,165
0045_00212	42,57,62,66,74,78,83,87,92,95,96,97,107,109,110,111,112,113,114,117,119,120,121,125,126,127,134,137,138,141,143,144,145,149,150,152,153,155,156,157,158,159,160,161,162,163,164,165
0045_00213	29,38,48,65,67,73,77,80,81,88,89,92,93,97,98,102,106,109,110,111,112,113,114,117,120,121,124,126,127,130,137,140,141,142,143,146,148,149,153,155,156,157,159,160,161,162,163,164,165
0045_00214	29,48,59,64,69,74,81,88,90,93,94,102,106,109,112,113,114,117,124,126,127,130,141,143,144,146,148,149,150,151,152,153,155,156,157,158,159,160,161,162,163,164,165
0045_00215	65,66,77,80,87,97,98,103,107,112,120,121,125,134,137,139,142,144,145,150,152,157,161,162,163,164,165
0045_00216	41,52,65,66,75,77,79,80,83,87,94,96,100,103,107,111,112,120,121,122,124,125,129,134,137,142,145,147,148,153,155,156,158,161,162,163,165
0045_00217	66,87,90,91,92,103,107,108,110,112,113,115,116,117,118,127,129,131,133,134,135,139,143,144,145,147,150,151,152,154,156,157,158,159,160,161,162,163,164,165
0045_00218	24,29,48,49,56,63,67,70,71,73,81,88,93,94,102,106,112,113,119,122,124,126,127,130,133,135,140,141,143,144,146,148,149,150,152,156,157,158,159,160,161,162,163,164,165
0045_00219	23,93,106,110,113,114,115,117,123,126,127,141,143,144,149,150,151,152,154,155,156,157,158,159,160,161,162,163,164,165
0045_00220	23,57,65,72,83,87,95,96,103,105,106,107,110,113,117,120,121,123,125,126,127,134,137,139,140,143,145,146,152,154,156,157,159,160,161,162,163,164,165
0045_00221	23,57,65,72,83,87,95,96,103,105,106,107,108,109,110,113,114,117,120,121,123,125,126,127,134,137,140,143,145,146,149,152,153,154,155,156,157,159,160,161,162,163,164,165
0045_00222	29,48,51,55,58,59,60,61,64,67,73,81,88,93,102,106,112,113,124,126,127,130,136,140,141,143,144,146,148,149,150,152,157,159,160,162,163,164,165
0045_00223	29,48,51,59,60,61,64,67,73,81,88,93,102,106,112,113,124,126,127,130,136,140,141,143,144,146,148,149,150,152,157,159,160,162,163,164,165
0045_00224	23,82,90,95,100,104,106,109,110,111,113,114,117,123,125,126,127,128,132,138,140,143,145,146,147,151,152,153,154,155,156,157,158,159,160,161,162,163,164,165
0045_00225	41,62,65,80,83,87,96,103,107,121,134,137,142,144,150,151,161,162,163,165
0045_00226	22,41,66,74,95,112,113,123,125,126,127,141,143,145,146,149,150,152,154,157,159,160,161,162,163,164,165
0045_00227	66,74,75,85,86,98,100,108,111,112,115,118,121,122,128,129,137,138,141,145,147,148,149,153,155,158,160,161,162,163,165
0045_00228	57,66,74,75,85,86,95,98,100,108,112,115,120,121,122,128,132,137,138,141,145,148,149,152,153,155,157,158,160,161,162,163,164,165
0045_00229	24,52,65,66,71,74,75,78,80,83,92,93,94,95,96,97,102,109,110,111,112,113,117,119,120,121,122,123,124,125,126,127,130,137,140,141,142,143,144,145,146,148,149,150,152,153,154,155,156,157,158,159,160,161,162,163,164,165
0045_00230	75,80,85,86,92,98,100,110,111,114,117,118,121,122,125,128,129,132,133,135,137,138,142,145,147,148,153,154,155,156,158,160,161,162,163,164,165
0045_00231	29,48,59,64,67,73,81,88,93,102,106,112,113,124,126,127,130,141,143,144,146,148,149,150,152,157,159,160,162,163,164,165
0045_00232	29,48,59,64,81,88,93,102,106,112,113,124,126,127,130,140,141,143,144,146,148,149,150,152,157,159,160,162,163,164,165
0045_00233	29,48,51,59,60,61,64,67,73,81,88,93,102,106,112,113,124,126,127,130,140,141,143,144,146,148,149,150,152,157,159,160,162,163,164,165
0045_00234	38,41,42,51,52,59,60,61,62,64,65,67,73,75,77,79,80,81,83,84,87,88,94,96,97,102,103,106,107,112,120,121,122,124,130,133,134,135,137,142,144,148,150,151,156,158,161,162,163,164,165
0045_00235	42,74,85,87,92,95,103,107,110,117,122,123,125,126,133,134,135,136,141,144,145,146,148,149,150,152,154,156,157,158,159,160,161,162,163,164,165
0045_00236	42,85,87,92,93,95,103,107,110,117,122,123,125,126,133,134,135,136,144,145,146,148,149,150,154,156,157,158,159,160,161,162,163,164,165
0045_00237	25,32,33,37,42,43,47,51,55,58,59,60,61,64,65,67,69,73,77,79,80,81,88,89,92,93,94,95,97,98,102,106,107,110,112,113,117,120,121,124,125,126,127,130,131,133,134,135,136,137,140,142,143,144,145,146,148,149,150,151,154,156,157,158,159,160,161,162,163,164,165
0045_00238	42,51,54,55,58,59,60,61,64,67,73,81,88,90,92,93,95,102,103,104,107,110,111,112,117,124,130,131,134,136,139,140,146,148,151,152,153,154,155,156,157,158,159,160,161,162,163,164,165
0045_00239	42,51,54,55,58,59,60,61,64,67,73,81,88,90,92,93,95,102,103,104,107,110,111,112,117,124,130,131,134,136,139,140,146,148,151,152,153,154,155,156,157,158,159,160,161,162,163,164,165
0045_00240	42,65,72,92,98,106,107,108,109,110,112,113,114,115,116,117,118,121,123,125,126,127,132,134,137,140,143,145,146,147,149,152,153,154,155,156,157,159,160,161,162,163,164,165
0045_00241	22,24,37,42,43,71,77,78,87,89,92,94,97,102,103,106,107,109,110,111,117,119,124,125,126,131,133,134,135,136,142,144,145,146,150,151,153,154,155,156,157,158,159,161,162,163,164,165
0045_00242	41,42,57,62,65,72,80,83,87,96,105,106,107,112,113,120,121,123,134,137,142,144,150,151,152,157,159,161,162,163,164,165
0045_00243	37,42,43,77,87,89,92,97,103,106,107,110,112,113,117,125,126,127,131,133,134,135,136,142,143,144,145,146,150,151,152,154,156,157,158,159,161,162,163,164,165
0045_00244	42,65,85,87,89,97,98,105,107,111,113,115,116,121,122,123,125,127,134,136,137,139,143,144,145,146,147,148,150,152,154,156,157,158,159,160,161,162,163,164,165
0045_00245	26,42,50,53,66,72,76,82,87,89,90,91,96,99,104,105,107,108,109,112,115,116,127,128,129,131,132,134,136,139,140,141,143,145,146,149,150,152,153,154,155,157,159,160,163,164,165
0045_00246	38,42,53,65,77,97,98,106,107,112,121,123,125,131,133,134,135,137,139,142,144,145,150,151,154,156,157,158,159,160,161,162,163,164,165
0045_00247	42,65,72,80,84,87,92,97,98,103,104,107,109,110,113,117,121,123,126,127,131,132,133,134,135,137,139,142,143,144,146,150,151,153,154,155,156,157,158,159,161,162,163,164,165
0045_00248	29,36,47,67,75,81,83,88,89,94,96,100,102,106,109,110,111,112,114,115,117,120,121,122,124,126,127,128,130,136,137,138,141,143,146,147,148,149,150,153,154,155,156,157,158,159,160,161,164,165
0045_00249	38,57,62,65,77,79,83,95,96,105,120,121,137,142,151,152,156,161,162,163,164,165
0045_00250	53,54,72,84,89,90,91,95,104,108,114,115,116,118,123,126,128,129,131,132,136,139,140,141,146,147,149,151,152,154,155,156,157,158,159,160,161,164
0045_00251	53,54,72,84,89,90,91,95,104,108,114,115,116,118,123,126,128,129,131,132,136,139,140,141,146,147,149,151,152,154,155,156,157,158,159,160,161,164
0045_00252	57,72,83,85,92,93,95,96,110,117,122,123,126,133,135,136,137,140,141,144,146,148,149,150,152,154,156,157,158,159,160,161,162,163,164,165
0045_00253	23,24,49,52,56,57,63,70,71,72,75,78,80,83,85,86,92,94,95,96,97,98,100,102,106,109,110,111,117,118,119,120,121,122,123,124,127,128,129,130,132,133,135,136,137,138,140,142,143,146,147,148,150,152,153,154,155,156,157,158,159,161,162,163,164,165
0045_00254	23,33,57,58,66,67,72,74,77,81,83,88,93,94,96,97,105,106,108,109,110,112,113,114,115,116,117,118,122,123,124,126,127,130,132,136,137,140,141,142,143,144,146,147,148,149,152,153,154,155,156,157,158,159,160,161,162,163,164,165
0045_00255	23,24,49,52,56,57,63,70,71,72,75,78,83,92,94,95,96,97,100,102,106,109,110,111,117,119,120,121,122,123,124,127,130,132,133,135,136,137,138,140,142,143,146,147,148,150,152,153,154,156,157,158,159,161,162,164,165
0045_00256	32,33,51,53,55,57,58,59,60,61,64,67,69,73,81,82,83,84,87,88,94,95,96,97,100,102,103,106,107,112,117,123,124,130,131,132,133,134,135,136,137,139,140,142,144,146,148,150,151,152,153,154,155,156,157,158,159,161,162,163,164,165
0045_00257	23,66,74,82,89,90,91,97,100,104,106,110,112,117,118,123,126,128,129,131,132,136,139,140,141,146,147,149,151,153,154,155,156,157,158,159,160,161,163,164,165
0045_00258	52,66,69,74,87,92,94,95,103,107,110,112,117,122,124,125,134,136,141,142,145,148,149,151,154,156,158,159,160,161,162,163,164,165
0045_00259	25,32,33,37,43,47,51,52,55,58,59,60,61,64,65,67,69,73,75,77,79,80,81,83,87,88,89,92,93,94,95,96,97,98,102,103,106,107,110,112,113,117,120,121,122,123,124,126,127,130,131,133,134,135,136,137,140,141,142,143,144,146,148,149,150,151,154,156,157,158,159,160,161,162,163,164,165
0045_00260	42,65,72,87,92,98,103,106,107,110,112,113,117,121,123,125,126,127,134,137,139,140,143,144,145,146,150,152,154,156,157,159,160,161,162,163,164,165
0045_00261	42,65,72,86,87,92,98,103,106,107,108,109,110,112,113,114,116,117,121,123,125,126,127,129,132,134,137,138,140,143,144,145,146,147,149,150,152,153,154,155,156,157,159,160,161,162,163,164,165
0045_00262	42,65,72,87,92,93,98,103,106,107,110,112,113,117,121,123,125,126,127,134,137,140,143,144,145,146,149,150,152,154,156,157,159,160,161,162,163,164,165
0045_00263	11,19,29,48,76,87,93,96,99,102,103,105,106,107,112,124,126,127,130,134,140,143,146,148,149,150,152,157,159,160,164,165
0045_00264	57,66,72,75,83,85,86,93,96,98,99,100,101,105,111,112,113,115,116,120,121,122,123,126,127,128,129,136,137,140,141,143,144,145,146,147,148,149,152,153,154,156,157,158,159,160,161,162,163,164,165
0045_00265	52,65,66,75,77,79,80,83,87,90,91,94,95,96,97,100,103,104,107,111,112,114,115,116,118,120,121,122,124,128,129,132,134,137,139,142,144,147,148,150,152,153,155,156,157,158,160,161,162,163,164,165
0045_00266	37,42,43,77,87,89,92,97,103,106,107,110,112,113,117,125,126,127,131,133,134,135,136,142,143,144,145,146,150,151,152,154,156,157,158,159,161,162,163,164,165
0045_00267	25,37,62,65,74,75,77,80,85,86,89,93,97,98,106,110,111,113,117,118,120,121,122,127,129,133,135,136,137,141,142,143,144,145,147,148,149,150,154,156,158,159,160,161,162,163,164,165
0045_00268	108,113,114,125,127,129,131,139,143,145,149,152,155,157,159,160,162,163,164,165
0045_00269	36,37,47,62,75,77,81,83,85,87,88,89,90,91,96,97,103,104,106,107,110,111,117,118,120,121,122,127,129,133,134,136,137,142,143,145,147,148,150,151,154,156,158,159,160,161,162,163,164,165
0045_00270	24,38,49,56,63,65,70,71,75,77,79,80,82,83,85,93,94,95,96,97,102,109,111,116,119,120,121,122,124,130,133,135,137,139,142,144,146,148,150,153,155,156,157,158,159,160,161,162,164,165
0045_00271	16,19,22,50,54,57,66,72,74,76,89,91,96,98,99,105,109,112,115,116,120,123,126,127,128,131,132,136,137,138,139,140,141,143,145,146,149,150,152,153,154,155,157,159,160,163,164,165
0045_00272	25,42,43,52,66,69,74,77,78,79,80,82,90,94,98,99,100,106,107,112,115,119,120,121,124,125,131,133,134,137,138,142,145,149,151,153,156,158,160,161,162,163,165
0045_00273	26,50,53,66,72,76,82,89,90,91,96,99,104,105,108,109,112,115,116,118,127,128,129,131,132,136,139,140,143,145,146,147,149,150,152,153,154,155,157,159,160,163,164,165
0045_00274	24,38,49,56,63,65,66,70,71,74,75,77,79,80,83,85,93,94,95,96,97,102,112,119,120,121,122,124,130,133,135,137,139,141,142,144,146,148,149,150,152,156,157,158,159,160,161,162,164,165
0045_00275	54,66,74,82,84,87,91,95,100,103,104,107,109,111,112,115,116,129,131,132,133,134,135,138,139,142,144,149,150,151,152,153,155,156,157,158,159,160,161,162,163,164,165
0045_00276	24,38,49,56,63,65,70,71,75,77,79,80,82,83,85,91,94,95,96,97,100,102,104,109,111,119,120,121,122,124,128,129,130,131,132,133,135,137,138,139,140,142,144,146,147,148,150,153,155,156,157,158,159,161,162,164,165
0045_00277	74,115,123,139,141,149,154,155,157,159,160,162,163,164,165
0045_00278	34,65,75,77,79,83,85,87,95,96,99,100,103,107,109,120,121,122,126,129,132,134,137,138,142,144,148,150,152,153,155,157,158,161,162,163,164,165
0045_00279	38,62,65,66,74,77,78,79,83,86,92,93,95,96,97,98,109,110,112,115,117,119,120,121,123,126,127,131,136,137,139,140,141,142,143,144,146,149,150,151,153,154,155,156,157,158,159,160,161,162,163,164,165
0045_00280	38,62,65,66,74,77,78,79,83,92,95,96,97,98,105,110,112,117,119,120,121,123,125,127,131,136,137,139,141,142,143,144,145,146,149,150,151,154,156,157,158,159,160,161,162,163,164,165
0045_00281	47,52,65,75,77,78,79,80,81,83,87,88,94,96,100,103,107,111,119,120,121,122,124,125,129,133,134,135,137,138,142,144,145,148,150,153,155,156,158,161,162,163,165
0045_00282	24,25,49,52,63,65,70,71,75,77,78,79,80,82,83,85,86,87,90,91,94,96,97,98,100,102,103,104,106,107,111,117,119,120,121,122,124,128,129,130,133,134,137,138,142,147,148,150,151,153,155,156,158,159,161,162,163,164,165
0045_00283	29,48,67,74,81,88,102,106,112,124,126,130,141,146,148,149,152,153,155,157,159,160,162,163,164,165
0045_00284	37,62,74,75,77,79,80,83,85,87,89,90,92,95,96,97,100,103,106,107,110,111,117,120,121,122,127,132,133,134,135,136,137,142,143,146,148,149,150,151,153,154,156,158,159,160,161,162,163,164,165
0045_00285	24,38,49,56,63,65,70,71,74,75,77,79,80,83,85,93,94,95,96,97,102,119,120,121,122,124,130,133,135,137,141,142,144,148,149,150,156,158,159,160,161,162,164,165
0045_00286	24,38,49,56,63,65,70,71,75,77,79,80,82,83,85,93,94,95,96,97,102,108,109,115,119,120,121,122,124,130,133,135,137,139,142,144,146,148,149,150,153,155,156,157,158,159,160,161,162,164,165
0045_00287	38,52,62,65,66,69,70,75,77,78,79,80,83,85,92,94,95,96,97,100,105,110,111,112,114,115,116,117,118,119,120,121,122,124,125,127,128,129,130,137,142,143,144,145,147,148,150,151,153,154,155,156,158,160,161,162,163,164,165
0045_00288	29,37,48,52,65,67,73,74,75,77,79,80,81,83,87,88,94,95,96,97,102,103,106,107,109,110,112,113,114,117,120,121,122,124,126,127,128,130,134,137,138,141,142,143,144,146,148,149,150,153,155,156,157,158,159,160,161,162,164,165
0045_00289	29,47,67,69,73,74,81,88,89,90,94,102,106,109,112,113,114,117,123,124,126,127,130,140,141,143,144,146,148,149,150,151,152,153,154,155,156,157,158,159,160,161,162,163,164,165
0045_00290	21,36,50,74,76,81,83,88,89,96,99,120,123,126,136,137,138,140,141,146,147,149,152,153,154,157,159,160,164,165
0045_00291	37,74,77,85,86,93,106,110,117,122,133,135,141,142,148,149,151,154,156,158,160,161,162,163,164,165
0045_00292	57,65,66,71,79,80,83,89,92,93,94,96,97,102,110,112,113,114,115,116,117,120,121,124,126,127,133,135,137,140,141,142,143,144,146,149,150,151,152,154,155,156,157,158,159,160,161,162,163,164,165
0045_00293	26,50,53,57,66,72,76,83,89,90,91,93,96,98,99,105,108,109,112,114,115,116,120,123,126,127,128,129,131,132,137,139,140,141,143,145,146,147,149,150,152,153,154,155,157,159,160,163,164,165
0045_00294	57,66,72,74,85,86,89,90,93,95,97,98,99,104,108,112,115,120,122,123,126,127,128,131,132,133,136,137,139,140,141,143,145,146,148,149,150,152,154,155,156,157,158,159,160,161,163,164,165
0045_00295	62,66,87,90,91,93,95,103,104,107,108,111,112,116,118,127,129,132,133,134,143,144,145,147,150,151,152,154,156,158,160,161,162,163,164,165
0045_00296	123,125,136,139,145,146,152,154,157,159,160,162,163,164,165
0045_00297	24,71,78,89,93,94,95,102,108,109,113,119,123,124,125,126,127,140,141,143,144,145,146,149,150,152,153,154,155,156,157,159,160,161,162,163,164,165
0045_00298	37,62,65,75,77,80,85,89,90,91,92,96,97,98,104,105,106,110,111,113,117,118,120,121,122,127,129,133,136,137,142,143,144,145,147,148,150,151,154,156,158,159,161,162,163,164,165
0045_00299	74,85,86,93,122,125,133,135,141,142,145,148,149,156,158,160,161,162,163,165
0045_00300	36,47,62,77,78,79,81,83,85,86,88,96,100,101,105,106,111,119,120,121,122,128,129,137,138,142,147,148,153,156,158,161,162,163,165
0045_00301	53,54,57,64,72,75,79,81,83,85,86,88,89,90,91,92,93,95,96,97,98,100,108,110,111,114,115,116,117,120,121,122,127,129,131,137,139,140,141,142,143,146,147,148,149,150,151,152,153,154,155,156,157,158,159,160,161,163,164,165
0045_00302	13,24,37,71,72,77,87,93,94,95,102,103,106,107,110,117,122,124,126,133,134,135,142,144,148,149,150,151,154,156,157,158,159,160,161,162,163,164,165
0045_00303	19,54,62,72,78,79,80,87,92,95,103,105,107,110,117,119,120,121,125,127,131,134,135,137,139,142,143,144,145,150,151,154,156,157,158,159,161,162,163,164,165
0045_00304	37,42,43,77,87,89,92,97,103,106,107,110,112,113,117,125,126,127,131,133,134,135,136,142,143,144,145,146,150,151,152,154,156,157,158,159,161,162,163,164,165
0045_00305	42,54,66,74,82,84,87,95,100,103,104,106,107,112,116,131,132,133,134,135,139,141,142,144,149,150,151,152,153,155,156,157,158,160,161,162,163,164,165
0045_00306	53,57,62,66,72,83,89,90,91,93,96,98,104,105,108,112,115,116,118,120,123,126,127,128,129,131,132,137,139,140,141,143,145,146,147,149,150,152,154,155,157,159,160,163,164,165
0045_00307	66,74,85,86,93,112,122,125,133,135,139,141,142,145,148,149,152,156,157,158,160,161,162,163,164,165
0045_00308	29,67,73,81,88,93,102,106,108,109,112,114,123,124,126,128,129,130,132,136,138,140,141,146,148,149,153,154,155,157,159,160,164
0045_00309	42,54,66,74,82,84,87,95,100,103,104,106,107,108,111,112,114,115,116,129,131,132,133,134,135,139,141,142,144,149,150,151,152,153,155,156,157,158,160,161,162,163,164,165
0045_00310	28,42,52,57,62,65,75,79,80,85,86,87,89,93,94,95,97,98,100,105,107,109,110,111,113,115,116,117,118,120,121,122,123,124,125,127,129,133,134,135,136,137,138,139,140,142,143,144,145,146,147,148,149,150,152,153,154,156,157,158,159,160,161,162,163,164,165
0045_00311	62,75,79,82,85,86,87,91,98,100,103,104,107,111,118,120,121,122,129,133,134,135,137,138,142,145,147,148,151,153,156,158,161,162,163,165
0045_00312	28,57,72,83,84,96,104,105,109,111,113,115,120,123,137,144,151,152,153,155,156,157,158,159,160,161,162,163,164,165
0045_00313	28,57,72,82,83,96,100,104,105,108,109,111,113,114,115,116,120,123,129,137,138,144,149,151,152,153,155,156,157,158,159,160,161,162,163,164,165
0045_00314	28,57,72,83,93,96,104,105,109,111,113,115,116,120,123,137,144,149,151,152,153,155,156,157,158,159,160,161,162,163,164,165
0045_00315	36,47,65,72,81,83,85,88,92,93,95,96,105,106,109,110,111,113,116,117,120,121,122,125,126,127,132,133,135,137,142,143,145,148,153,154,155,156,157,158,159,160,161,162,163,164,165
0045_00316	53,97,123,125,131,133,135,139,144,145,149,150,151,154,156,157,158,159,160,161,162,163,164,165
0045_00317	17,25,65,77,80,98,106,120,121,125,133,135,137,142,145,149,151,156,158,160,161,162,163,165
0045_00318	74,92,97,110,113,117,125,126,127,133,135,141,143,144,145,149,150,151,152,154,156,157,158,159,160,161,162,163,164,165
0045_00319	24,49,51,55,56,58,59,60,61,63,64,67,70,71,73,81,88,89,93,94,97,102,112,118,119,122,124,127,130,132,133,135,136,140,143,144,145,146,147,148,150,152,154,156,158,159,160,161,162,163,164,165
0045_00320	72,85,86,92,93,95,108,109,110,111,115,117,122,123,126,132,133,135,136,140,141,144,146,148,149,150,153,154,155,156,157,158,159,160,161,162,163,164,165
0045_00321	38,52,62,65,69,75,77,79,80,84,92,94,95,97,98,110,113,117,120,121,122,124,125,127,130,133,135,137,142,143,144,145,148,150,151,154,156,160,161,162,163,164,165
0045_00322	28,52,65,75,77,79,80,83,85,92,94,96,97,100,103,108,110,111,117,120,121,122,124,129,132,133,134,135,137,138,142,144,148,149,150,153,154,155,156,158,160,161,162,163,164,165
0045_00323	52,65,66,74,75,77,79,80,83,87,90,91,94,95,96,97,100,103,104,107,108,111,112,115,116,120,121,122,124,127,128,129,132,134,137,139,142,143,147,148,149,150,152,153,155,156,157,158,160,161,162,163,164,165
0045_00324	29,48,50,67,73,76,81,88,89,93,99,102,106,112,123,124,126,130,140,141,146,148,149,154,157,159,160,164
0045_00325	66,74,85,86,93,108,111,112,114,115,116,122,125,129,132,141,145,148,149,152,154,155,156,158,160,161,162,163,164,165
0045_00326	29,47,67,69,81,84,88,93,94,102,106,112,117,124,126,130,148,149,151,156,157,159,160,161,164
0045_00327	93,95,149,151,152,154,156,158,160,161,162,163,164,165
0045_00328	28,29,36,47,52,65,67,73,75,80,81,83,88,89,93,94,95,96,97,100,102,106,108,110,111,112,113,117,120,121,122,124,126,127,130,137,140,141,142,143,144,146,148,149,150,153,154,155,156,157,158,159,160,161,162,164,165
0045_00329	23,59,64,81,88,93,106,110,113,117,123,126,127,141,143,144,149,150,151,152,154,156,157,158,159,160,161,162,163,164,165
0045_00330	23,51,55,58,59,60,61,64,67,73,81,88,93,102,106,110,112,113,117,123,124,126,127,130,136,140,141,143,144,146,148,149,150,151,152,154,156,157,158,159,160,161,162,163,164,165
0045_00331	23,51,59,60,61,64,67,73,81,88,93,102,106,110,113,117,123,124,126,127,136,141,143,144,146,148,149,150,151,152,154,156,157,158,159,160,161,162,163,164,165
0045_00332	23,24,47,71,78,79,81,88,93,94,95,102,106,110,117,119,123,124,126,141,142,149,151,154,156,157,158,159,160,161,164
0045_00333	13,24,37,46,71,72,77,87,93,94,95,102,106,107,110,117,122,124,126,133,134,135,142,148,149,151,154,156,157,158,159,160,161,162,163,164,165
0045_00334	85,86,92,93,95,103,108,109,110,111,114,115,117,122,126,128,132,133,134,135,138,141,144,148,149,150,153,154,155,156,157,158,159,160,161,162,163,164,165
0045_00335	54,72,74,82,86,90,93,95,97,100,104,109,113,115,116,126,127,131,132,138,139,141,143,146,147,149,151,152,153,155,156,157,158,159,160,161,162,163,164,165
0045_00336	25,32,33,47,51,52,55,58,59,60,61,64,65,67,69,73,77,79,80,81,83,87,88,89,92,93,94,95,96,97,98,102,103,105,106,107,110,112,113,117,120,121,122,124,125,126,127,130,133,134,135,136,137,140,141,142,143,144,145,146,148,149,150,151,156,157,158,159,160,161,162,163,164,165
0045_00337	37,74,77,85,86,87,93,103,106,107,110,113,117,122,126,127,133,134,135,141,142,143,144,148,149,150,151,152,154,156,157,158,159,160,161,162,163,164,165
0045_00338	47,52,59,64,65,66,69,74,75,77,79,80,81,84,88,92,93,94,95,97,98,106,110,112,113,117,120,121,122,124,127,130,133,135,137,141,142,143,144,148,149,150,151,154,156,160,161,162,163,164,165
0045_00339	24,38,49,56,63,65,70,71,75,77,79,80,82,83,85,94,95,96,97,100,102,104,108,109,111,116,119,120,121,122,124,130,132,133,135,137,138,139,142,144,146,147,148,150,153,155,156,157,158,159,160,161,162,164,165
0045_00340	25,32,33,37,38,43,51,55,58,59,60,61,64,65,67,69,73,77,80,81,88,89,93,94,97,98,102,106,110,112,113,117,120,121,123,124,125,126,127,130,131,133,135,136,137,140,141,142,143,144,145,146,148,149,150,151,154,156,157,158,159,160,161,162,163,164,165
0045_00341	29,48,76,89,93,99,102,106,112,123,124,126,130,136,140,141,146,148,149,152,154,157,159,160,164
0045_00342	47,75,81,85,86,88,98,100,106,110,111,114,117,118,121,122,128,129,137,138,147,148,153,154,155,156,158,160,161,163,164,165
0045_00343	54,57,62,66,72,82,83,89,90,91,93,96,98,104,105,108,109,112,114,115,116,118,120,123,126,127,128,129,131,132,137,139,140,141,143,145,146,147,149,150,152,153,154,155,157,159,160,163,164,165
0045_00344	29,48,76,89,92,93,97,99,102,106,110,112,117,124,126,130,136,140,141,146,148,149,151,152,154,156,157,158,159,160,161,164
0045_00345	13,24,37,71,72,77,87,93,94,95,102,103,106,107,110,117,122,124,126,133,134,135,142,148,149,151,154,156,157,158,159,160,161,162,163,164,165
0045_00346	57,66,72,75,83,85,86,91,93,96,98,99,100,101,105,111,112,113,115,116,120,121,122,127,128,129,131,137,139,143,144,145,146,147,148,152,153,156,157,158,159,160,161,162,163,164,165
0045_00347	24,26,50,53,57,66,71,72,74,76,78,83,89,90,91,93,94,96,97,98,99,102,105,108,109,111,112,115,116,119,120,123,124,126,127,128,129,131,132,133,137,139,140,141,143,145,146,149,150,152,153,154,156,157,159,160,161,163,164,165
0045_00348	22,42,62,65,75,79,80,82,83,85,86,87,89,90,91,93,95,96,97,98,100,104,105,107,111,113,118,120,121,122,123,125,126,127,128,129,131,133,134,135,136,137,138,139,140,142,143,144,145,146,147,148,150,151,152,153,154,156,157,158,159,160,161,162,163,164,165
0045_00349	41,52,65,66,75,77,79,80,83,87,94,96,100,103,107,111,112,114,115,116,118,120,121,122,124,128,129,134,137,142,147,148,153,155,156,158,160,161,162,163,165
0045_00350	38,65,75,77,85,89,97,98,100,105,113,114,120,121,122,123,125,127,136,137,139,142,143,144,145,146,148,149,150,152,153,154,155,156,157,158,159,160,161,162,163,164,165
0045_00351	26,50,66,76,90,91,96,99,104,105,108,112,114,115,116,118,127,128,129,132,139,143,145,147,149,150,152,154,155,157,159,160,163,164,165
0045_00352	26,50,66,76,90,91,96,99,104,105,108,112,115,116,118,127,128,129,132,139,143,145,147,150,152,154,157,159,160,163,164,165
0045_00353	72,85,86,92,95,100,105,108,110,113,114,116,117,122,125,126,127,138,141,143,145,148,149,152,153,154,155,156,157,158,159,160,161,162,163,164,165
0045_00354	92,105,110,117,123,125,131,133,135,136,139,144,145,146,150,151,154,156,157,158,159,161,162,163,164,165
0045_00355	57,62,66,72,83,89,90,91,96,98,99,104,105,108,112,114,115,116,118,120,123,127,128,129,131,132,136,137,139,140,141,143,145,146,147,149,150,152,154,155,157,159,160,163,164,165
0045_00356	25,32,33,37,43,47,51,55,58,59,60,61,64,65,67,69,73,74,77,79,80,81,85,86,88,89,92,93,94,95,97,98,102,106,110,112,113,117,120,121,122,124,125,126,127,130,131,133,135,136,137,140,141,142,143,144,145,146,148,149,150,151,154,156,157,158,159,160,161,162,163,164,165
0045_00357	62,65,75,80,83,85,86,93,96,98,100,108,111,115,116,118,120,121,122,137,142,147,148,150,153,156,158,160,161,162,163,165
0045_00358	24,37,43,49,52,56,57,63,69,70,71,72,77,78,79,83,84,92,94,95,96,97,102,106,110,117,119,122,124,130,131,133,135,136,137,140,142,146,148,151,152,154,156,158,159,161,162,164,165
0045_00359	19,53,83,89,90,91,96,97,98,104,105,111,121,123,126,127,128,129,131,132,136,137,139,140,143,145,146,147,150,151,152,154,156,157,158,159,161,162,163,164,165
0045_00360	19,83,89,90,91,93,96,97,98,104,105,111,121,123,126,127,128,129,132,136,137,140,143,145,146,147,150,151,152,154,156,157,158,159,160,161,162,163,164,165
0045_00361	19,62,78,79,80,87,92,95,100,103,104,105,107,110,111,117,119,120,121,125,127,132,134,135,137,142,143,144,145,151,153,154,156,158,161,162,163,164,165
0045_00362	42,62,65,75,79,80,82,85,86,87,89,91,97,98,100,104,105,107,111,113,114,118,120,121,122,123,125,127,129,131,133,134,135,136,137,138,139,142,143,144,145,146,147,148,150,151,152,153,154,155,156,157,158,159,160,161,162,163,164,165
0045_00363	42,52,62,65,75,79,80,87,92,93,94,95,97,98,103,106,107,110,112,113,117,120,121,122,124,125,127,133,134,135,137,142,143,144,145,148,150,151,154,156,158,160,161,162,163,164,165
0045_00364	37,42,43,72,77,87,89,92,97,103,106,107,110,112,113,117,125,126,127,131,133,134,135,136,140,142,143,144,145,146,150,151,152,154,156,157,158,159,161,162,163,164,165
0045_00365	42,65,66,77,80,87,97,98,103,107,112,120,121,125,134,137,139,142,144,145,150,152,157,161,162,163,164,165
0045_00366	53,54,57,87,89,90,91,92,95,97,98,103,104,105,107,110,111,113,115,117,123,125,127,131,132,134,136,137,139,140,143,144,145,146,150,151,152,154,155,156,157,158,159,160,161,162,163,164,165
0045_00367	53,57,87,89,91,98,103,105,107,113,115,123,127,131,132,134,136,137,139,140,143,144,145,146,150,152,154,157,159,160,162,163,164,165
0045_00368	32,33,36,65,67,75,81,83,88,92,94,96,100,108,110,111,113,114,115,116,117,118,120,121,122,124,127,128,129,137,143,144,147,148,150,153,154,155,156,158,160,161,162,164,165
0045_00369	42,57,62,65,75,79,80,85,86,87,89,93,95,97,98,100,105,107,109,111,113,115,116,118,120,121,122,123,125,127,129,133,134,135,136,137,138,139,140,142,143,144,145,146,147,148,149,150,152,153,154,156,157,158,159,160,161,162,163,164,165
0045_00370	57,83,85,92,95,96,97,103,109,110,111,117,122,123,127,128,132,133,134,135,136,137,138,143,144,146,147,148,149,150,153,154,155,156,157,158,159,160,161,162,163,164,165
0045_00371	50,57,66,74,76,89,91,98,99,104,105,108,112,113,114,115,116,118,127,129,131,132,137,139,141,143,144,145,146,147,149,150,152,155,157,159,160,162,163,164,165
0045_00372	19,36,38,47,62,75,77,78,79,80,81,83,85,86,88,93,96,98,100,105,111,115,116,118,119,120,121,122,129,133,135,137,138,142,144,145,147,148,149,151,153,156,158,160,161,162,163,165
0045_00373	13,24,53,54,69,71,75,79,80,82,89,92,94,95,97,98,100,102,104,105,109,110,111,117,120,121,122,124,127,130,131,132,135,137,138,139,140,142,143,144,145,146,147,148,150,151,153,154,155,156,157,158,159,160,161,162,163,164,165
0045_00374	47,51,59,60,61,64,65,67,73,77,79,81,83,88,90,93,95,96,97,98,102,105,106,111,113,116,120,121,124,125,126,127,132,137,141,142,143,144,145,146,148,149,150,151,152,153,155,156,157,159,160,161,162,163,164,165
0045_00375	29,48,67,81,88,92,93,102,104,106,108,110,111,112,116,117,124,126,130,132,136,140,141,146,148,149,151,153,154,155,156,157,158,159,160,161,164
0045_00376	47,81,85,86,87,88,100,103,106,107,110,114,116,117,122,128,134,138,144,148,149,150,153,154,155,156,158,160,161,162,163,164,165
0045_00377	24,32,33,49,51,55,56,58,59,60,61,63,64,67,69,70,71,73,79,80,81,84,85,86,88,94,97,100,102,106,108,111,112,114,115,117,118,119,122,124,128,129,130,133,135,136,138,140,142,144,146,147,148,149,150,151,153,155,156,158,159,160,161,162,163,164,165
0045_00378	8,11,19,36,47,57,62,65,66,71,74,79,80,81,83,85,87,88,89,92,94,95,96,97,102,103,105,107,110,112,117,120,121,122,123,124,127,131,133,134,136,137,139,140,141,142,143,144,146,148,149,150,151,152,154,156,157,158,159,160,161,162,163,164,165
0045_00379	23,52,57,62,65,66,74,75,80,83,87,92,94,95,96,97,103,106,107,110,112,113,117,120,121,122,123,124,126,127,133,134,135,137,141,142,143,144,146,148,149,150,152,154,156,157,158,159,160,161,162,163,164,165
0045_00380	23,52,57,72,75,83,86,92,93,94,95,96,97,100,106,109,110,111,115,117,120,121,122,123,124,126,127,128,132,133,135,136,137,138,140,141,142,143,144,146,147,148,149,150,153,154,155,156,157,158,159,160,161,162,163,164,165
0045_00381	23,24,47,71,74,78,79,81,85,86,88,89,92,93,94,95,97,102,106,110,117,119,122,123,124,126,136,141,142,146,148,149,151,154,156,157,158,159,160,161,164
0045_00382	8,11,25,32,33,37,43,51,55,57,58,59,60,61,64,65,67,69,72,73,77,80,81,86,88,89,94,97,98,102,106,109,110,112,117,120,121,123,124,125,126,127,130,131,132,133,135,136,137,138,140,142,143,144,145,146,148,149,150,151,152,153,154,156,157,158,159,160,161,162,163,164,165
0045_00383	23,25,43,51,59,60,61,64,65,67,73,77,79,81,83,88,93,96,97,102,105,106,110,117,120,121,123,124,125,126,131,133,135,136,137,142,145,146,148,151,154,156,157,158,159,160,161,162,163,164,165
0045_00384	28,57,65,72,75,83,85,89,96,97,98,100,105,109,113,114,120,121,122,123,125,127,136,137,138,139,140,143,144,145,146,148,150,152,153,154,155,156,157,158,159,160,161,162,163,164,165
0045_00385	36,51,55,57,58,60,61,67,73,76,81,88,89,91,92,97,98,99,102,108,109,110,112,116,117,120,124,127,130,132,133,135,136,137,138,140,143,145,146,147,148,150,151,152,153,154,156,157,158,159,160,161,162,163,164,165
0045_00386	29,48,51,60,61,67,73,81,86,88,93,102,106,108,112,114,116,124,126,129,130,132,136,138,140,141,146,147,148,149,153,155,157,159,160,164
0045_00387	24,42,49,56,63,70,71,87,89,94,95,102,103,106,107,109,112,113,114,119,122,124,125,126,127,130,133,134,135,140,143,144,145,146,148,150,152,153,155,156,157,158,159,160,161,162,163,164,165
0045_00388	52,62,75,80,83,89,92,94,95,96,97,110,113,114,115,116,117,118,120,121,122,124,125,127,133,135,136,137,139,142,143,145,146,147,148,150,152,154,155,156,157,158,159,160,161,162,163,164,165
0045_00389	26,50,53,54,66,72,74,76,84,85,86,89,92,93,95,97,99,105,110,112,113,117,122,127,131,133,136,139,140,141,142,143,144,145,146,148,149,150,151,152,154,156,157,158,159,160,161,162,163,164,165
0045_00390	52,65,66,74,75,77,79,80,83,87,90,94,95,96,97,103,107,108,111,112,120,121,122,124,134,137,139,141,142,148,149,152,155,156,157,158,160,161,162,163,164,165
0045_00391	42,47,51,59,60,61,64,65,67,72,73,77,79,81,83,88,90,93,95,96,97,98,102,105,106,107,108,111,113,120,121,124,125,126,127,132,134,137,140,142,143,144,145,146,148,149,150,151,152,153,155,156,157,159,160,161,162,163,164,165
0045_00392	24,29,48,49,56,63,67,70,71,73,81,88,94,102,106,109,112,113,114,119,122,124,126,127,128,130,133,135,138,140,143,146,148,149,152,153,155,156,157,158,159,160,161,162,163,164,165
0045_00393	24,29,48,49,56,63,67,70,71,73,81,88,93,94,102,106,112,113,119,122,124,126,127,130,133,135,140,143,146,148,149,152,156,157,158,159,160,161,162,163,164,165
0045_00394	28,42,57,62,72,82,83,86,87,89,90,91,96,97,98,100,104,105,107,109,111,113,120,121,123,125,126,127,128,129,134,137,138,143,144,145,146,147,150,151,152,153,155,157,158,159,161,162,163,164,165
0045_00395	47,81,85,86,88,100,106,108,110,111,114,115,116,117,118,122,128,129,138,141,147,148,149,153,154,155,156,158,160,161,164
0045_00396	42,62,65,75,79,80,85,86,87,89,93,97,98,100,105,107,111,113,114,115,116,118,120,121,122,123,125,127,129,133,134,135,136,137,138,139,142,143,144,145,146,147,148,149,150,152,153,154,155,156,157,158,159,160,161,162,163,164,165
0045_00397	52,65,75,77,79,80,83,87,94,96,100,103,107,108,111,114,115,120,121,122,124,129,134,137,142,144,147,148,150,153,155,156,158,160,161,162,163,165
0045_00398	37,77,85,87,90,91,96,100,103,106,107,110,111,117,118,122,125,128,129,133,134,135,142,145,147,148,151,153,154,155,156,158,161,162,163,164,165
0045_00399	24,49,56,63,70,71,79,80,94,97,102,104,111,114,116,119,122,124,130,133,135,136,140,141,142,144,146,148,149,150,151,155,156,158,159,160,161,162,163,164,165
0045_00400	34,50,57,72,76,83,89,93,96,99,112,123,126,127,137,139,140,143,146,149,150,152,154,157,159,160,164,165
0045_00401	8,11,19,36,47,66,74,79,81,83,85,88,92,95,96,97,104,105,110,111,112,117,120,121,122,123,127,131,132,133,136,137,139,140,142,143,146,148,149,150,151,154,155,156,157,158,159,160,161,162,163,164,165
0045_00402	23,93,97,106,110,113,117,123,125,126,127,131,133,135,136,140,142,143,145,146,149,151,152,154,156,157,158,159,160,161,162,163,164,165
0045_00403	52,62,75,80,83,89,92,94,95,96,97,110,114,115,116,117,118,120,121,122,124,125,127,133,135,136,137,142,143,145,147,148,150,154,155,156,158,159,160,161,162,163,164,165
0045_00404	28,29,51,55,58,60,61,67,73,81,86,88,102,106,109,112,114,116,124,126,128,130,132,136,138,140,141,146,148,149,153,155,157,159,160,164
0045_00405	23,28,29,47,57,65,67,73,75,81,83,85,87,88,95,96,97,100,102,103,105,106,107,109,110,112,113,114,117,120,121,122,123,124,126,127,128,130,134,137,138,140,143,144,146,148,149,150,152,153,154,155,156,157,158,159,160,161,162,163,164,165
0045_00406	28,29,47,67,73,75,81,83,85,88,89,92,93,96,97,100,102,105,106,108,110,112,117,121,122,124,126,127,130,136,137,140,143,144,146,148,149,150,153,154,155,156,157,158,159,160,161,162,163,164,165
0045_00407	24,29,41,48,67,71,73,78,79,81,88,94,95,97,102,106,109,112,114,119,124,126,128,130,138,142,146,148,149,153,155,156,157,159,160,161,162,163,164,165
0045_00408	25,38,62,65,75,77,79,80,82,85,86,89,91,97,98,100,104,105,106,111,113,114,118,120,121,122,123,125,127,129,131,133,135,136,137,138,139,142,143,144,145,146,147,148,150,151,152,153,154,155,156,157,158,159,160,161,162,163,164,165
0045_00409	28,49,57,72,83,96,105,109,113,118,120,123,128,129,132,137,138,144,146,147,152,153,155,157,159,162,163,164,165
0045_00410	29,67,73,75,81,85,88,92,98,100,102,106,108,109,110,111,112,114,115,116,117,118,121,122,124,126,128,129,130,132,137,138,141,146,147,148,149,150,153,154,155,156,157,158,159,160,161,163,164,165
0045_00411	23,25,65,74,77,80,85,86,92,93,97,98,106,110,113,117,120,121,122,123,126,127,133,135,137,141,142,143,144,148,149,150,154,156,157,158,159,160,161,162,163,164,165
0045_00412	25,29,48,65,67,73,77,80,81,85,86,88,92,97,98,100,102,106,109,110,112,113,114,116,117,120,121,122,124,126,127,128,130,133,135,137,138,141,142,143,146,148,149,153,155,156,157,158,159,160,161,162,163,164,165
0045_00413	25,29,48,65,67,73,77,80,81,85,86,88,92,93,97,98,100,102,106,110,112,113,114,116,117,120,121,122,124,126,127,130,133,135,137,138,141,142,143,146,148,149,153,155,156,157,158,159,160,161,162,163,164,165
0045_00414	26,50,53,76,89,90,91,99,104,105,108,114,115,116,123,126,127,128,129,131,132,136,139,140,141,143,145,146,147,149,150,152,154,155,157,159,160,163,164,165
0045_00415	75,79,85,86,92,95,98,100,105,110,111,117,118,120,121,122,127,128,129,132,136,137,138,142,143,144,145,147,148,153,154,156,158,159,161,162,163,164,165
0045_00416	26,50,66,72,76,89,90,91,96,99,104,105,108,109,112,115,116,118,123,126,127,128,129,131,132,136,139,140,141,143,145,146,147,149,150,152,153,154,155,157,159,160,163,164,165
0045_00417	85,86,92,95,100,103,108,109,110,111,114,115,117,118,122,126,128,129,132,133,134,135,138,141,144,147,148,149,150,153,154,155,156,157,158,159,160,161,162,163,164,165
0045_00418	25,32,33,37,42,43,51,55,58,59,60,61,64,65,67,69,73,77,80,81,88,89,92,93,94,97,98,102,106,107,110,112,113,117,120,121,123,124,125,126,127,130,131,133,134,135,136,137,140,142,143,144,145,146,148,150,151,154,156,157,158,159,160,161,162,163,164,165
0045_00419	84,85,86,95,100,108,109,111,114,116,122,123,126,129,132,133,135,138,142,147,148,149,151,153,154,155,156,157,158,159,160,161,162,163,164,165
0045_00420	37,65,74,75,77,79,80,83,85,87,95,96,97,100,103,106,107,108,109,110,111,113,116,117,120,121,122,126,127,132,134,137,138,142,143,144,147,148,149,150,152,153,154,155,156,157,158,159,160,161,162,163,164,165
0045_00421	29,46,48,67,81,87,88,102,103,106,107,109,112,113,114,115,124,126,127,128,130,134,138,143,144,146,147,148,149,150,152,153,155,157,159,160,162,163,164,165
0045_00422	23,74,93,106,110,113,117,123,126,127,141,143,149,151,152,154,156,157,158,159,160,161,162,163,164,165
0045_00423	36,59,74,75,79,81,85,86,88,93,98,100,105,111,115,116,120,121,122,125,135,137,141,142,144,145,148,149,153,155,156,158,160,161,162,163,165
0045_00424	25,47,53,59,64,65,74,77,80,81,88,93,98,106,120,121,131,133,135,137,141,142,149,151,156,158,160,161,162,163,165
0045_00425	74,85,92,103,108,110,111,117,122,132,133,134,135,148,149,153,154,155,156,158,160,161,162,163,164,165
0045_00426	23,74,80,82,85,86,90,91,93,100,104,106,108,109,110,111,114,115,116,117,118,122,123,126,128,132,138,141,142,147,148,149,151,153,154,155,156,157,158,159,160,161,164
0045_00427	87,92,103,104,107,110,111,114,117,132,133,134,135,144,150,151,154,155,156,158,160,161,162,163,164,165
0045_00428	24,65,71,72,74,78,79,87,92,94,95,97,98,102,103,105,107,108,109,110,111,113,117,119,120,121,123,124,125,126,127,132,134,137,138,140,141,142,143,145,146,147,149,152,153,154,155,156,157,159,160,161,162,163,164,165
0045_00429	25,53,65,74,77,80,87,98,103,106,107,120,121,131,133,134,135,137,141,142,149,151,156,158,160,161,162,163,165
0045_00430	29,47,67,69,73,74,76,81,82,88,89,93,94,99,100,102,106,108,112,114,117,123,124,126,130,140,141,146,148,149,151,152,153,154,155,156,157,158,159,160,161,164
0045_00431	52,57,62,65,72,75,77,79,80,83,87,94,95,96,97,100,103,107,108,109,111,112,114,115,120,121,122,123,124,128,129,132,134,137,138,142,144,147,148,150,152,153,155,156,157,158,159,160,161,162,163,164,165
0045_00432	23,72,74,93,106,110,113,117,123,126,127,141,143,144,146,149,150,151,152,154,156,157,158,159,160,161,162,163,164,165
0045_00433	17,66,74,87,92,103,107,110,112,117,134,149,151,154,156,158,160,161,162,163,164,165
0045_00434	47,81,85,86,88,100,106,108,110,111,114,115,117,118,122,128,129,138,147,148,149,153,154,155,156,158,160,161,162,163,164,165
0045_00435	37,52,65,69,75,77,78,79,80,90,94,95,98,100,106,110,111,115,117,119,120,121,122,124,127,130,133,137,142,143,145,148,150,151,153,154,156,158,160,161,162,163,164,165
0045_00436	29,48,52,62,65,67,75,80,81,83,87,88,94,95,96,97,102,103,106,107,109,112,113,114,115,120,121,122,124,126,127,128,130,133,134,135,137,138,142,143,146,147,148,149,152,153,155,156,157,158,159,160,161,162,163,164,165
0045_00437	29,38,48,52,65,67,73,77,79,80,81,83,88,92,94,95,96,97,98,102,105,106,109,110,112,113,114,117,120,121,122,123,124,126,127,128,130,137,138,140,141,142,143,144,146,148,149,150,153,154,155,156,157,159,160,161,162,163,164,165
0045_00438	25,32,33,37,43,47,51,52,55,58,59,60,61,64,65,67,69,73,75,77,79,80,81,83,88,89,92,93,94,95,96,97,98,102,106,109,110,112,113,114,117,120,121,122,123,124,126,127,130,131,133,135,136,137,140,141,142,143,144,146,148,149,150,151,153,154,155,156,157,158,159,160,161,162,163,164,165
0045_00439	22,34,50,66,74,76,89,96,99,108,112,116,123,126,127,128,129,132,136,141,143,146,149,150,152,154,155,157,159,160,164,165
0045_00440	52,59,64,65,66,74,75,81,87,88,92,94,95,98,103,107,110,112,113,117,120,121,122,124,125,127,134,137,141,142,143,144,145,148,149,150,153,154,155,156,158,160,161,162,163,164,165
0045_00441	29,48,52,62,65,67,73,75,81,88,92,94,95,97,98,102,106,109,110,112,113,114,117,120,121,122,124,125,126,127,128,130,133,135,137,138,140,142,143,144,145,146,148,149,150,153,154,155,156,157,158,159,160,161,162,163,164,165
0045_00442	52,62,65,81,87,88,94,95,97,98,103,106,107,108,113,114,115,116,118,120,121,123,124,125,126,127,128,129,134,137,142,143,144,145,147,150,152,153,154,155,156,157,159,160,161,162,163,164,165
0045_00443	24,65,71,78,87,93,94,98,102,103,107,108,111,119,121,124,125,126,134,137,142,144,145,150,155,156,157,160,161,162,163,164,165
0045_00444	25,38,53,62,65,77,80,84,87,91,98,103,106,107,111,114,120,121,125,131,133,134,135,137,142,144,145,150,151,155,156,158,160,161,162,163,165
0045_00445	25,65,77,80,98,106,120,121,125,133,135,137,142,145,149,151,156,158,160,161,162,163,165
0045_00446	65,72,92,98,109,110,113,115,117,121,125,126,127,132,137,143,145,146,152,153,155,156,157,159,160,161,162,163,164,165
0045_00447	83,85,92,96,98,100,105,110,111,117,118,121,122,127,128,129,132,135,137,143,144,145,147,148,153,154,156,158,161,162,163,164,165
0045_00448	29,48,65,67,73,79,81,88,92,95,97,98,102,105,106,109,110,112,113,114,117,120,121,124,125,126,127,128,130,137,138,142,143,145,146,148,149,153,155,156,157,159,160,161,162,163,164,165
0045_00449	65,87,97,98,103,105,107,121,123,125,134,137,139,144,145,150,154,156,157,159,160,161,162,163,164,165
0045_00450	65,72,79,87,92,93,95,98,103,105,107,110,113,117,120,121,123,125,126,127,134,137,140,142,143,145,146,149,152,154,156,157,159,160,161,162,163,164,165
0045_00451	65,72,79,87,89,92,95,98,103,105,107,108,109,110,113,114,117,120,121,123,125,126,127,134,137,140,142,143,145,146,149,152,153,154,155,156,157,159,160,161,162,163,164,165
0045_00452	54,82,90,95,100,104,111,113,115,116,125,127,128,129,131,132,139,143,145,146,147,151,152,153,155,156,157,158,159,160,161,162,163,164,165
0045_00453	65,72,79,83,85,86,89,90,91,93,96,97,98,100,105,108,111,113,120,121,122,123,125,126,127,128,129,132,136,137,138,140,141,142,143,144,145,146,147,148,149,150,151,152,153,154,156,157,158,159,160,161,162,163,164,165
0045_00454	25,32,33,37,43,47,51,55,58,59,60,61,64,65,67,69,73,77,79,80,81,88,89,92,93,94,95,97,98,102,106,110,112,113,114,117,120,121,124,125,126,127,130,131,132,133,135,136,137,140,141,142,143,144,145,146,148,149,150,151,153,154,155,156,157,158,159,160,161,162,163,164,165
0045_00455	25,43,52,69,77,78,79,80,84,87,94,103,106,107,119,124,125,130,131,134,142,145,151,156,158,161,162,163,165
0045_00456	23,24,38,49,56,63,65,70,71,75,77,79,80,83,84,85,90,93,94,95,96,97,102,106,109,110,111,116,117,119,120,121,122,123,124,126,130,133,135,136,137,140,142,144,146,148,150,151,153,154,155,156,157,158,159,160,161,162,164,165
0045_00457	24,28,54,57,66,71,72,74,78,85,86,89,90,91,93,94,95,97,98,102,104,108,109,111,112,114,115,116,119,120,122,123,124,126,127,129,131,132,133,137,138,139,140,141,142,143,145,146,147,148,149,150,152,153,154,155,156,157,158,159,160,161,163,164,165
0045_00458	53,54,66,74,82,89,90,95,100,104,109,112,113,116,127,131,132,138,139,141,143,144,146,149,150,151,152,153,155,156,157,158,159,160,161,162,163,164,165
0045_00459	53,89,113,123,127,131,139,143,144,146,150,152,154,157,159,162,163,164,165
0045_00460	57,62,66,72,83,89,90,91,96,98,99,104,105,108,112,114,115,116,118,120,123,127,128,129,131,132,136,137,139,140,141,143,145,146,147,149,150,152,154,155,157,159,160,163,164,165
0045_00461	42,62,65,75,79,80,82,85,86,87,89,91,97,98,100,104,105,107,111,113,118,120,121,122,123,125,127,129,131,133,134,135,136,137,138,139,142,143,144,145,146,147,148,150,151,152,153,154,156,157,158,159,161,162,163,164,165
0045_00462	24,71,78,81,88,89,94,97,102,108,109,111,114,115,116,119,124,126,127,128,129,132,136,138,141,143,146,147,149,150,152,153,154,155,156,157,159,160,161,163,164,165
0045_00463	37,43,77,90,91,104,106,108,110,111,115,116,117,118,129,131,133,135,142,145,147,150,151,154,156,158,160,161,162,163,164,165
0045_00464	25,53,65,77,80,82,87,98,100,103,106,107,114,120,121,131,133,134,135,137,138,142,149,151,153,155,156,158,160,161,162,163,165
0045_00465	25,47,53,59,64,65,77,80,81,82,88,93,98,100,106,114,120,121,131,133,135,137,138,141,142,149,151,153,155,156,158,160,161,162,163,165
0045_00466	26,50,57,66,74,76,89,91,98,99,104,105,108,112,114,115,116,123,126,127,128,129,132,136,137,139,140,141,143,145,146,147,149,150,152,154,155,157,159,160,163,164,165
0045_00467	26,50,57,72,74,76,85,86,89,93,95,96,98,99,105,108,111,114,116,118,120,122,123,126,127,128,129,132,133,136,137,140,141,143,145,146,147,148,149,150,152,154,155,156,157,158,159,160,161,163,164,165
0045_00468	26,50,57,72,74,76,85,86,89,93,95,96,98,99,105,108,111,114,116,118,120,122,123,126,127,128,129,132,133,136,137,140,141,143,145,146,147,148,149,150,152,154,155,156,157,158,159,160,161,163,164,165
0045_00469	57,66,72,74,83,85,86,95,96,97,100,105,108,109,111,112,114,115,116,118,120,122,123,128,129,132,137,138,141,147,148,149,152,153,155,157,158,159,160,161,163,164,165
0045_00470	52,65,66,69,80,83,90,91,94,96,104,105,108,111,112,115,116,118,120,121,124,127,128,129,131,132,137,139,141,142,143,144,145,147,149,150,151,152,156,157,160,161,162,163,164,165
0045_00471	32,33,51,55,58,59,60,61,64,67,69,73,81,84,88,89,92,94,102,106,110,112,117,124,125,130,131,133,135,136,142,145,146,148,151,154,156,158,159,161,162,163,164,165
0045_00472	32,33,51,55,58,59,60,61,64,67,69,73,81,84,88,89,92,94,102,106,110,112,117,124,130,131,133,135,136,142,146,148,151,154,156,158,159,160,161,162,163,164,165
0045_00473	25,32,33,51,55,58,59,60,61,64,65,67,69,73,77,80,81,84,88,94,97,98,102,106,112,117,120,121,124,125,130,131,133,135,136,137,142,145,148,151,156,158,159,161,162,163,164,165
0045_00474	32,33,38,51,55,58,59,60,61,64,65,67,69,72,73,77,80,81,84,88,92,93,94,95,97,98,102,106,110,112,113,117,120,121,124,125,126,127,130,131,133,135,136,137,140,142,143,144,145,146,148,149,150,151,152,156,157,158,159,160,161,162,163,164,165
0045_00475	25,32,33,51,55,58,59,60,61,64,65,67,69,73,77,80,81,84,88,94,97,98,102,106,112,117,120,121,124,125,130,131,133,135,136,137,142,145,148,151,156,158,159,160,161,162,163,164,165
0045_00476	25,32,33,51,55,58,59,60,61,64,65,67,69,73,77,80,81,84,88,93,94,95,97,98,102,106,112,113,117,120,121,124,125,126,127,130,131,133,135,136,137,142,143,145,146,148,151,152,156,157,158,159,160,161,162,163,164,165
0045_00477	25,32,33,51,55,58,59,60,61,64,65,67,69,73,77,80,81,84,88,94,97,98,102,106,112,117,120,121,124,125,130,131,133,135,136,137,142,145,148,149,151,156,158,159,160,161,162,163,164,165
0045_00478	32,33,36,47,51,52,55,58,59,60,61,64,65,67,69,73,77,79,80,81,83,84,88,94,96,97,102,106,112,117,120,121,124,130,131,133,135,136,137,142,148,151,156,158,159,160,161,162,163,164,165
0045_00479	32,33,38,51,55,57,58,59,60,61,64,65,67,69,71,73,77,81,83,84,88,94,95,96,97,102,106,112,117,120,121,124,130,131,133,135,136,137,142,146,148,151,152,156,158,159,160,161,162,163,164,165
0045_00480	32,33,38,51,52,55,58,59,60,61,64,65,67,69,73,77,79,81,84,88,92,93,94,95,97,98,102,106,110,112,113,117,120,121,124,125,126,127,130,131,133,135,136,137,142,143,145,146,148,151,156,157,158,159,160,161,162,163,164,165
0045_00481	24,32,33,49,51,55,56,58,59,60,61,63,64,67,69,70,71,73,81,88,92,94,102,106,110,112,117,119,122,124,125,130,131,133,135,136,140,142,145,146,148,151,154,156,158,159,160,161,162,163,164,165
0045_00482	32,33,38,51,55,58,59,60,61,64,65,67,69,73,77,81,84,88,94,97,98,102,106,112,117,121,124,125,130,131,133,135,136,137,142,145,148,151,156,158,159,161,162,163,164,165
0045_00483	32,33,36,47,51,55,58,59,60,61,64,65,67,69,73,77,81,83,84,88,94,96,97,102,106,112,117,120,121,124,130,131,133,135,136,137,142,148,151,156,158,159,161,162,163,164,165
0045_00484	25,32,33,37,38,43,51,55,58,59,60,61,64,65,67,69,73,77,80,81,88,89,93,94,97,98,102,106,110,112,117,120,121,123,124,125,126,130,131,133,135,136,137,140,141,142,144,145,146,148,149,150,151,154,156,157,158,159,160,161,162,163,164,165
0045_00485	25,32,33,37,38,43,47,51,55,58,59,60,61,64,65,67,69,73,77,79,80,81,83,85,88,89,92,93,94,95,96,97,98,102,105,106,110,112,113,114,117,120,121,122,124,125,126,127,130,131,132,133,135,136,137,140,141,142,143,144,145,146,148,149,150,151,153,154,155,156,157,158,159,160,161,162,163,164,165
0045_00486	29,48,67,73,81,88,89,102,106,109,112,114,124,126,128,130,138,140,141,146,148,149,153,155,157,159,160,164
0045_00487	29,59,64,67,73,81,88,93,102,106,109,112,113,114,115,124,126,127,128,130,138,141,143,147,148,149,152,153,155,157,159,160,162,163,164,165
0045_00488	16,19,22,50,57,66,72,74,76,89,91,96,98,99,105,109,112,115,116,120,123,126,127,128,132,136,137,138,139,140,141,143,145,146,149,150,152,153,154,155,157,159,160,163,164,165
0045_00489	52,65,66,74,75,77,79,80,83,87,90,94,95,96,97,100,103,104,107,108,111,112,116,120,121,122,124,129,132,134,137,139,141,142,147,148,149,152,153,155,156,157,158,160,161,162,163,164,165
0045_00490	52,66,69,74,92,94,95,110,112,114,117,122,124,125,136,141,142,145,148,149,151,154,155,156,158,159,160,161,162,163,164,165
0045_00491	52,65,66,74,75,79,80,82,83,87,92,93,94,95,96,97,100,103,107,108,110,111,112,114,117,120,121,122,124,134,137,141,142,144,148,149,150,151,153,154,155,156,158,160,161,162,163,164,165
0045_00492	66,74,85,92,100,108,110,112,116,117,122,141,148,149,153,154,155,156,158,160,161,162,163,164,165
0045_00493	36,37,47,52,65,66,74,77,79,80,81,83,85,88,93,94,96,97,106,110,112,117,120,121,122,124,133,135,137,141,142,148,149,151,154,156,158,160,161,162,164,165
0045_00494	37,42,43,77,87,89,92,97,103,106,107,110,117,125,131,133,134,135,136,142,144,145,150,151,154,156,158,159,161,162,163,164,165
0045_00495	19,62,72,75,78,79,80,85,87,92,93,95,103,105,107,110,117,119,120,121,122,125,127,134,135,137,139,142,143,144,145,148,150,154,156,157,158,159,160,161,162,163,164,165
0045_00496	29,48,59,64,67,73,81,88,93,102,106,112,113,124,125,126,127,130,140,141,143,145,146,148,149,152,157,159,160,162,163,164,165
0045_00497	37,65,66,74,75,77,80,85,87,89,92,97,98,103,106,107,110,112,113,117,120,121,122,127,134,136,137,141,142,143,144,148,149,150,151,154,156,158,159,160,161,162,163,164,165
0045_00498	17,66,74,85,86,93,99,100,105,112,115,122,125,138,141,145,148,149,153,155,158,160,161,162,163,165
0045_00499	25,37,53,65,66,74,77,80,82,93,97,98,100,106,110,112,113,114,117,120,121,126,127,131,133,135,137,141,142,143,149,151,153,155,156,157,158,160,161,162,163,164,165
0045_00500	25,53,65,66,74,77,80,82,87,98,100,103,106,107,112,114,120,121,131,133,134,135,137,141,142,149,151,153,155,156,158,160,161,162,163,165
0045_00501	25,47,53,59,64,65,66,74,77,80,81,82,88,93,98,100,106,112,114,120,121,131,133,135,137,141,142,149,151,153,155,156,158,160,161,162,163,165
0045_00502	24,38,49,56,63,65,70,71,75,77,79,80,82,83,85,90,94,95,96,97,100,102,104,108,109,111,116,118,119,120,121,122,124,130,132,133,135,137,138,139,142,144,146,147,148,150,153,155,156,157,158,159,160,161,162,164,165
0045_00503	42,52,65,75,77,79,80,83,87,94,96,97,100,103,106,107,109,111,112,120,121,122,124,126,134,137,138,142,144,148,150,153,155,156,157,158,161,162,163,164,165
0045_00504	26,50,53,54,66,72,74,76,84,85,86,89,90,91,92,93,95,97,99,105,108,110,112,113,116,117,122,127,131,133,136,139,140,141,142,143,144,145,146,148,149,150,151,152,154,156,157,158,159,160,161,162,163,164,165
0045_00505	22,26,28,50,66,74,75,76,83,85,89,92,96,97,99,100,105,109,110,112,117,118,121,122,123,126,127,128,129,136,137,140,141,143,146,147,148,149,150,153,154,155,156,157,158,159,160,161,163,164,165
0045_00506	36,47,62,77,78,79,81,83,85,86,88,96,100,101,105,106,111,119,120,121,122,128,129,137,138,142,147,148,153,156,158,161,162,163,165
0045_00507	50,57,66,74,76,89,91,98,99,105,108,112,113,114,115,116,118,127,129,137,139,141,143,144,145,147,149,152,155,157,159,160,162,163,164,165
0045_00508	50,57,66,74,76,89,90,91,98,99,105,108,112,113,114,115,116,118,123,127,129,131,137,139,140,141,143,144,145,146,147,149,152,154,155,157,159,160,162,163,164,165
0045_00509	36,38,47,62,65,77,79,81,83,88,96,105,120,121,137,142,151,156,161,162,163,165
0045_00510	36,41,47,65,75,77,78,80,81,83,85,86,87,88,96,98,100,103,106,107,111,119,120,121,122,128,129,133,134,137,138,142,147,148,150,153,155,156,158,161,162,163,165
0045_00511	24,25,28,36,47,49,52,57,63,65,70,71,75,77,78,79,80,81,83,85,86,87,88,93,94,96,97,98,100,102,103,106,107,108,109,110,115,117,119,120,121,122,124,128,130,133,134,137,138,142,146,148,150,153,155,156,157,158,159,160,161,162,163,164,165
0045_00512	51,53,54,55,58,59,60,61,64,67,73,81,82,88,89,90,92,93,95,102,103,104,107,109,110,111,112,117,124,130,131,134,136,139,140,146,148,151,152,153,154,155,156,157,158,159,160,161,162,163,164,165
0045_00513	32,33,36,37,43,47,52,65,67,70,77,79,80,81,83,88,94,96,106,110,117,120,121,124,130,131,133,135,137,142,151,154,156,158,161,162,163,164,165
0045_00514	25,32,33,36,37,38,43,51,55,58,59,60,61,64,65,67,69,73,77,80,81,83,88,89,93,94,96,97,98,102,106,110,112,113,117,120,121,123,124,126,127,130,131,133,135,136,137,140,141,142,143,144,146,148,149,150,151,154,156,157,158,159,160,161,162,163,164,165
0045_00515	47,81,85,86,87,88,100,103,106,107,110,114,116,117,122,128,134,138,148,149,153,154,155,156,158,160,161,162,163,164,165
0045_00516	23,43,47,54,73,77,79,81,88,93,97,106,110,117,123,126,131,133,135,136,140,142,144,146,149,150,151,154,156,157,158,159,160,161,162,163,164,165
0045_00517	34,66,85,86,88,90,91,96,99,100,101,105,108,111,112,114,115,116,118,122,123,126,127,128,129,132,136,138,139,140,141,143,146,147,148,149,150,152,153,154,155,157,158,159,160,161,163,164,165
0045_00518	36,75,81,83,85,86,87,88,96,98,100,103,105,107,111,120,121,122,129,134,137,138,144,145,147,148,150,153,155,158,161,162,163,165
0045_00519	50,53,57,72,74,75,76,85,86,89,93,95,97,98,99,100,104,108,109,111,114,115,116,120,121,122,123,126,127,128,129,131,132,133,136,137,138,139,140,141,142,143,145,146,147,148,149,150,152,153,154,155,156,157,158,159,160,161,163,164,165
0045_00520	32,33,37,43,51,55,58,59,60,61,64,67,69,73,77,81,82,88,89,90,91,94,97,100,102,104,106,110,111,112,114,115,116,117,118,124,130,131,136,142,146,147,148,149,151,153,154,155,156,158,159,160,161,162,163,164,165
0045_00521	29,48,67,73,81,87,88,93,102,103,106,107,112,113,124,126,127,130,134,141,143,144,146,148,149,150,152,157,159,160,162,163,164,165
0045_00522	53,87,97,103,107,123,125,131,133,134,135,139,144,145,150,151,154,156,157,158,159,160,161,162,163,164,165
0045_00523	32,33,42,55,58,60,61,67,70,73,74,77,81,86,88,93,94,102,103,106,107,112,117,122,124,130,133,134,135,136,141,142,148,149,156,158,159,160,161,162,163,164,165
0045_00524	52,65,66,72,74,75,77,79,80,83,87,92,94,95,96,97,103,107,110,112,113,117,120,121,122,124,126,127,134,137,141,142,143,148,149,152,154,156,157,158,159,160,161,162,163,164,165
0045_00525	52,65,66,72,74,75,77,79,80,83,87,92,94,95,96,97,103,107,110,112,113,117,120,121,122,124,126,127,134,137,139,141,142,143,148,149,152,156,157,158,159,160,161,162,163,164,165
0045_00526	21,47,74,76,81,85,88,99,103,106,107,110,117,122,134,141,148,149,153,154,155,156,158,160,161,164
0045_00527	26,42,50,53,54,66,72,76,82,87,89,90,91,96,99,104,105,107,108,109,112,115,116,127,128,129,131,132,134,136,139,140,143,145,146,147,149,150,152,153,154,155,157,159,160,163,164,165
0045_00528	26,42,50,57,66,72,74,76,82,83,87,89,91,96,99,101,104,105,107,108,109,112,115,116,120,123,127,128,129,131,132,134,136,137,139,140,141,143,145,146,147,149,150,152,153,154,155,157,159,160,163,164,165
0045_00529	25,32,33,37,38,43,51,55,58,59,60,61,64,65,67,69,73,77,80,81,88,89,93,94,97,98,102,103,106,109,110,112,113,117,120,121,124,125,126,127,130,131,132,133,134,135,136,137,138,140,142,143,144,145,146,147,148,149,150,151,152,153,154,155,156,157,158,159,160,161,162,163,164,165
0045_00530	29,37,48,52,62,65,67,73,75,77,79,80,81,83,88,94,95,96,97,102,106,109,110,112,113,114,117,120,121,122,124,126,127,128,130,133,135,137,138,142,143,146,148,149,153,155,156,157,158,159,160,161,162,163,164,165
0045_00531	24,25,49,52,62,65,70,71,75,77,79,80,83,85,87,94,96,97,98,102,103,105,106,107,113,117,120,121,122,124,125,127,130,133,134,135,137,142,143,145,148,156,158,161,162,163,164,165
0045_00532	25,32,33,37,38,51,55,58,59,60,61,64,65,67,69,73,77,80,81,85,88,89,93,94,97,98,102,106,110,112,113,117,120,121,122,123,124,125,126,127,130,133,135,136,137,140,141,142,143,144,145,146,148,149,150,151,154,156,157,158,159,160,161,162,163,164,165
0045_00533	29,48,72,93,102,103,106,107,112,124,126,130,134,139,140,146,148,149,157,159,160,164
0045_00534	36,47,52,65,77,79,80,81,83,85,88,94,96,101,105,106,120,121,122,124,137,142,148,156,160,161,162,163,165
0045_00535	38,42,65,75,77,78,79,80,83,85,86,87,95,96,103,106,107,108,109,111,112,114,115,119,120,121,122,126,129,132,133,134,135,137,138,142,144,147,148,150,153,155,156,157,158,160,161,162,163,164,165
0045_00536	37,42,43,77,87,89,92,97,103,106,107,110,112,113,117,125,126,127,131,133,134,135,136,142,143,144,145,146,150,151,152,154,156,157,158,159,161,162,163,164,165
0045_00537	36,42,59,74,75,80,81,85,86,88,93,98,100,105,106,107,108,111,112,115,116,118,120,121,122,125,134,135,137,138,142,144,145,147,148,149,153,155,156,158,160,161,162,163,165
0045_00538	25,32,33,37,42,43,51,55,58,59,60,61,64,65,67,69,73,74,77,80,81,85,86,88,89,93,94,97,98,102,106,107,109,110,112,113,117,120,121,122,123,124,125,126,127,130,131,133,134,135,136,137,140,141,142,143,144,145,146,148,149,150,151,153,154,155,156,157,158,159,160,161,162,163,164,165
0045_00539	22,50,76,89,90,91,99,109,114,123,126,127,128,132,136,139,140,143,146,150,152,153,154,155,157,159,160,163,164,165
0045_00540	50,65,75,76,83,85,86,96,98,99,100,111,118,120,121,122,125,128,129,137,138,142,145,147,148,153,155,156,158,160,161,162,163,165
0045_00541	50,52,65,66,74,75,76,77,79,80,83,87,90,91,94,95,96,97,99,100,103,104,107,108,111,112,115,116,120,121,122,124,127,128,129,132,134,137,139,142,143,147,148,149,150,152,153,155,156,157,158,160,161,162,163,164,165
0045_00542	54,66,74,82,87,95,100,103,104,107,112,116,131,132,134,139,141,144,149,150,151,152,153,155,156,157,158,160,161,162,163,164,165
0045_00543	50,54,57,66,72,74,76,85,86,89,90,93,95,97,98,99,104,108,109,112,114,115,116,120,122,123,126,127,128,129,131,132,133,136,137,139,140,141,143,145,146,148,149,150,152,153,154,155,156,157,158,159,160,161,163,164,165
0045_00544	50,54,57,66,72,74,76,85,86,89,90,93,95,97,98,99,104,108,109,112,114,115,116,120,122,123,126,127,128,129,131,132,133,136,137,139,140,141,143,145,146,148,149,150,152,153,154,155,156,157,158,159,160,161,163,164,165
0045_00545	66,74,85,86,90,91,93,97,100,104,112,113,115,118,122,126,127,128,129,132,139,141,143,145,147,148,149,152,153,155,157,158,159,160,161,162,163,164,165
0045_00546	47,81,85,86,88,100,106,108,110,111,114,115,117,118,122,128,129,138,141,147,148,149,153,154,155,156,158,160,161,164
0045_00547	26,50,57,66,72,76,83,86,89,93,96,98,99,105,108,109,112,115,116,120,123,126,127,128,129,132,136,137,140,141,143,144,145,146,147,149,150,152,153,154,155,157,159,160,162,163,164,165
0045_00548	36,47,77,78,81,88,90,91,98,100,106,111,118,119,120,121,133,135,137,138,142,144,145,147,149,150,151,153,156,158,160,161,162,163,165
0045_00549	53,57,89,99,105,108,113,115,116,118,123,127,128,129,131,132,136,137,139,140,143,144,146,147,152,154,157,159,160,162,163,164,165
0045_00550	53,57,89,90,91,104,105,108,113,115,116,118,123,127,128,129,131,132,137,139,140,143,144,146,147,152,154,157,159,160,162,163,164,165
0045_00551	26,50,66,76,96,99,105,108,112,115,116,118,127,128,129,132,136,143,145,147,149,150,152,154,159,160,163,164,165
0045_00562	92,110,113,117,127,131,133,135,139,143,151,152,154,156,157,158,159,160,161,162,163,164,165
0045_00606	57,83,96,99,108,114,115,116,118,123,127,128,129,132,137,143,147,152,154,155,157,159,160,164,165
0045_00666	24,71,72,78,87,89,92,93,94,97,102,103,107,109,110,111,113,114,117,119,123,124,125,126,127,134,140,141,143,144,145,146,149,150,152,153,154,155,156,157,159,160,161,162,163,164,165
0045_00845	26,50,53,54,66,72,74,76,84,85,86,89,92,93,95,97,99,105,110,112,113,117,122,127,131,133,136,139,140,141,142,143,144,145,146,148,149,150,151,152,154,156,157,158,159,160,161,162,163,164,165
0045_00944	26,50,53,54,66,72,74,76,84,85,86,89,92,93,95,97,99,105,110,112,113,117,122,127,131,133,136,139,140,141,142,143,144,145,146,148,149,150,151,152,154,156,157,158,159,160,161,162,163,164,165
0045_01018	24,37,49,52,56,57,63,70,71,72,75,77,78,79,80,83,89,90,92,94,95,96,97,100,102,104,106,110,111,117,119,120,121,122,124,127,130,132,133,135,136,137,140,142,143,146,148,150,151,152,153,154,156,158,159,161,162,164,165
0045_01050	26,50,53,54,66,72,74,76,84,85,86,89,92,93,95,97,99,105,110,112,113,117,122,127,131,133,136,139,140,141,142,143,144,145,146,148,149,150,151,152,154,156,157,158,159,160,161,162,163,164,165
0045_01165	26,50,53,54,66,72,74,76,84,85,86,89,90,91,92,93,95,97,99,105,108,110,112,113,116,117,122,127,131,133,136,139,140,141,142,143,144,145,146,148,149,150,151,152,154,156,157,158,159,160,161,162,163,164,165
0045_01273	26,50,53,54,66,72,74,76,84,85,86,89,92,93,95,97,99,105,110,112,113,117,122,127,131,133,136,139,140,141,142,143,144,145,146,148,149,150,151,152,154,156,157,158,159,160,161,162,163,164,165
0045_01388	26,50,53,54,66,72,74,76,84,85,86,89,90,91,92,93,95,97,99,105,108,110,112,113,116,117,122,127,131,133,136,139,140,141,142,143,144,145,146,148,149,150,151,152,154,156,157,158,159,160,161,162,163,164,165
0045_01619	25,37,62,65,74,75,77,80,85,86,89,93,97,98,106,110,111,113,117,118,120,121,122,127,129,133,135,136,137,141,142,143,144,145,147,148,149,150,154,156,158,159,160,161,162,163,164,165
