id	bits.on
0164_00001	10,15,20,31,39,89,94,134,201,245,264,275,385,453,474,506,508,540,553,590,617,626,662,674,677,678,727,755,981
0164_00002	20,26,48,57,62,77,124,140,153,163,167,171,207,221,283,292,306,308,324,347,358,370,430,442,447,463,481,492,497,508,530,542,544,556,565,622,625,626,640,647,648,662,663,692,698,727,748,755,763,778,781,784,826,857,913,918,948,954,994,1019
0164_00003	20,88,94,153,326,391,411,480,497,508,530,556,626,662,666,727,752,778,803,918,942,976
0164_00004	4,35,50,63,67,89,94,127,132,134,137,139,153,163,175,199,207,244,311,316,319,326,327,330,369,374,405,422,461,524,576,626,631,638,675,680,686,719,720,772,783,791,797,801,814,877,919,924,936,948,963,968,974,982
0164_00005	5,38,91,130,134,178,223,245,289,293,342,352,371,405,424,453,470,506,508,551,578,580,582,585,640,662,727,747,937,945,968,981
0164_00006	15,42,54,57,89,122,134,139,153,161,228,245,266,347,405,446,452,460,461,465,481,508,523,524,555,560,584,588,596,615,626,632,657,692,693,716,743,763,765,776,784,791,833,836,850,887,920,928,930,936,952,954,964,968,974,1019
0164_00007	20,75,96,134,138,153,223,283,353,387,423,487,497,508,519,530,533,550,575,626,640,663,675,696,719,727,786,828,919,935,945,968
0164_00008	15,20,89,94,134,216,218,223,240,245,289,317,321,401,456,508,513,527,540,604,626,727,743,833,836,936,953,968,1009
0164_00009	20,94,100,144,153,193,258,298,373,480,504,508,626,727,767,837,948,977
0164_00010	20,40,138,146,153,270,272,360,387,423,508,516,517,530,575,632,633,643,723,727,762,778,948,960,990
0164_00011	20,94,153,259,261,341,480,481,488,508,530,563,626,659,698,704,727,752,756,778,833,914,915,976,1020
0164_00012	6,20,80,94,101,102,106,134,153,220,234,264,326,328,387,393,405,420,456,508,552,580,605,626,640,646,674,685,708,719,727,737,845,948,968
0164_00013	6,14,19,44,56,65,89,124,134,139,153,163,172,192,244,281,306,319,369,374,405,415,422,436,461,464,481,486,524,525,558,566,580,625,626,629,638,678,680,690,719,728,755,783,791,881,887,915,919,936,948,959,960,968,974,975,1015,1017
0164_00014	20,94,153,185,391,480,497,508,530,556,626,727,752,778,803,976
0164_00015	62,134,317,344,370,405,422,479,481,486,511,580,662,678,690,691,729,750,787,806,828,887,905,944,960,968,989,1006
0164_00016	20,39,47,55,89,134,151,245,264,276,341,481,492,506,508,516,600,662,677,727,761,767,782,836,874,886,981,986
0164_00017	25,96,134,146,188,211,236,265,315,481,487,492,505,508,545,550,551,609,626,699,734,873,887,968
0164_00018	15,20,79,89,94,121,134,153,172,245,264,301,374,381,422,479,480,493,497,508,528,530,547,553,562,626,647,660,662,709,727,743,752,773,778,789,803,887,913,952,972,976,981,1003,1008,1023
0164_00019	20,77,88,94,107,117,122,134,153,195,207,281,285,310,338,366,387,389,395,405,479,481,508,516,530,551,602,626,662,668,673,727,739,757,787,866,913,938,965,968,989,999
0164_00020	15,20,26,44,58,60,77,89,94,136,153,161,173,175,207,222,229,231,243,244,261,276,285,318,330,332,343,382,401,453,480,492,499,508,530,605,609,618,626,655,670,677,686,690,726,727,746,752,758,762,769,772,795,802,806,818,836,883,922,933,936,941,948,957,964,971,983,1009
0164_00021	15,19,54,56,57,65,89,122,134,139,153,161,172,266,318,319,347,349,361,405,422,436,445,446,452,461,481,486,508,524,525,555,558,566,580,584,588,625,626,629,678,690,692,693,728,743,755,760,763,783,784,791,836,850,887,920,930,936,954,960,964,968,974,975,1019
0164_00022	15,42,89,122,134,139,153,199,228,245,311,326,330,405,452,460,461,465,481,508,523,524,560,596,615,626,632,657,716,765,776,782,791,833,836,850,887,920,928,930,936,952,964,968,974,1019
0164_00023	44,48,74,105,134,220,317,366,367,405,406,408,422,479,515,532,596,599,662,686,744,787,795,797,948,968,1018
0164_00024	20,94,144,145,153,198,207,270,313,326,353,360,390,434,480,493,503,508,516,529,530,535,541,554,626,669,681,727,752,766,857,886,917,948,977
0164_00025	20,56,94,107,153,188,207,231,250,278,363,387,480,508,516,523,602,626,673,709,723,727,811,850,881,915,948,992,995,996,1015
0164_00026	64,67,89,120,129,132,134,139,153,163,168,199,207,244,245,309,311,319,326,327,330,337,369,374,405,422,461,481,486,506,508,524,532,582,615,626,631,638,662,669,680,719,720,783,791,792,797,860,868,876,887,889,919,936,968,974
0164_00027	4,15,32,64,67,89,120,129,132,134,139,146,163,168,238,244,245,252,269,288,309,319,326,337,369,383,405,422,461,481,486,506,508,524,525,532,539,540,582,598,615,626,631,634,662,669,701,711,719,783,792,797,815,816,860,868,876,887,889,905,908,919,936,952,968,974,979,1009
0164_00028	134,154,245,308,317,405,422,479,508,509,512,517,582,662,743,755,787,834,866,948,968,984,1013
0164_00029	20,96,107,134,153,248,272,341,372,383,389,429,440,479,481,487,495,503,508,516,522,550,603,654,662,684,714,727,762,778,786,797,812,893,896,968
0164_00030	59,86,96,134,146,163,166,236,247,272,285,298,347,383,389,479,487,503,508,550,573,592,607,609,626,654,662,678,714,762,786,797,802,896,968,972,984
0164_00031	67,77,89,132,134,137,139,153,163,168,199,207,244,245,311,317,319,326,327,330,369,374,405,422,436,461,479,486,508,524,544,582,614,626,631,638,662,680,699,704,719,720,783,787,791,797,831,836,866,919,936,963,968,974
0164_00032	20,77,94,107,111,122,134,153,207,247,281,285,310,319,326,338,366,387,395,405,408,481,508,516,524,530,576,602,626,629,668,673,686,727,739,757,827,913,925,947,948,968,986,989,999
0164_00033	20,92,94,107,118,141,146,153,207,236,481,508,545,609,626,635,723,727,758,964,1006
0164_00034	88,117,134,141,153,173,180,195,207,266,326,365,387,395,405,423,479,481,557,576,626,662,787,866,867,968,989
0164_00035	20,104,107,134,153,155,199,257,260,270,272,330,333,347,360,372,383,421,425,479,505,508,515,516,522,541,549,550,591,595,633,654,662,704,727,762,778,786,797,812,813,833,843,896,940,948,960,968
0164_00036	73,89,153,170,183,254,307,309,311,326,327,330,345,346,347,369,435,461,549,562,626,660,669,719,787,791,936,948,974
0164_00037	14,20,27,60,134,153,188,231,317,370,405,415,422,443,463,479,486,510,511,516,542,580,640,662,663,691,698,705,750,757,762,764,787,820,828,850,905,935,948,960,968,971,989,1001,1006
0164_00038	20,94,107,153,167,207,231,247,261,349,383,480,508,512,516,530,536,602,613,626,673,727,739,752,762,797,948,960
0164_00039	20,94,107,153,167,188,207,231,363,415,508,512,516,523,526,602,613,626,673,727,739,762,797,881,915,948,960,992,995,1015
0164_00040	20,64,94,96,107,134,153,167,207,272,310,333,347,372,375,383,389,407,479,487,503,508,516,550,602,603,626,654,662,673,714,727,739,762,778,786,797,812,893,896,948,960,968,989,1018
0164_00041	20,94,128,153,270,272,480,508,516,626,641,724,727,762,871,927,948,960
0164_00042	20,94,107,134,153,167,207,341,480,508,511,516,522,602,626,673,727,739,742,762,797,902,948,960
0164_00043	20,62,94,96,107,134,145,153,167,207,210,230,251,270,310,407,421,487,508,516,550,558,588,602,626,673,727,739,762,781,797,842,948,960,968,989
0164_00044	20,29,50,104,134,153,155,257,270,272,354,360,372,383,425,479,508,515,516,522,541,550,595,615,626,633,640,654,662,676,727,762,778,786,797,812,813,833,843,849,893,896,940,947,948,960,968,974
0164_00045	20,94,107,153,167,207,341,353,390,440,481,508,511,516,525,602,626,673,727,739,742,753,762,797,948,960
0164_00046	20,77,94,107,153,167,180,207,225,231,424,436,458,481,504,508,512,516,602,613,626,637,673,727,739,762,778,797,897,913,948,960
0164_00047	20,94,107,131,134,153,207,257,259,330,341,382,480,481,505,508,511,626,727,751,756,785,829,999,1008
0164_00048	38,48,64,88,103,134,245,274,289,394,405,424,449,481,506,508,511,580,582,585,605,609,615,617,640,662,726,821,860,866,887,889,937,943,968
0164_00049	85,134,268,317,366,385,393,405,408,422,479,486,511,580,581,662,691,741,772,787,796,797,905,968,994
0164_00050	15,20,28,89,94,134,240,300,392,456,508,521,536,540,599,626,693,719,727,743,767,773,836,856,908,936,968,1009
0164_00051	20,94,153,391,480,497,508,530,556,626,727,752,778,803,918,976
0164_00052	45,77,92,139,146,153,236,413,481,508,609,626,913
0164_00053	15,34,54,57,89,122,134,138,139,153,161,173,180,185,220,242,245,260,300,340,342,347,370,379,385,417,446,449,452,453,461,492,506,508,524,533,538,550,555,569,575,580,582,626,636,637,649,657,661,662,663,671,675,692,697,763,771,784,787,791,792,806,812,836,841,850,895,918,920,930,936,942,948,954,964,968,974,989,1019
0164_00054	32,89,130,134,139,153,163,167,169,199,207,236,245,277,311,326,327,330,369,374,391,434,452,461,506,508,524,569,626,638,657,662,680,719,766,791,806,810,919,936,952,968,974
0164_00055	98,134,188,206,223,240,245,249,317,405,422,479,506,508,517,532,580,582,654,662,727,778,787,884,950,968,981,984,1012
