id	bits.on
0231_00002	10,11,12,15,19,20,21,284,285,286,287,333,340,342,345,346,347,352,353,366,367,375,381,391,392,406,417,421,435,441,442,444,447,453,491,517,525,536,541,554,557,567,574,580,582,583,593,595,600,614,615,616,620,638,640,641,643,660,661,667,672,673,679,680,683,686
0231_00004	10,11,12,15,19,20,21,284,285,286,287,333,340,342,345,346,347,352,353,366,367,375,381,391,392,406,421,441,444,453,536,541,567,580,582,593,614,615,616,638,640,643,660,683,686
0231_00005	10,11,12,15,16,17,19,20,21,144,146,147,151,154,179,181,182,256,257,258,259,284,285,286,287,300,309,333,340,341,342,345,346,347,352,353,356,358,359,360,366,367,374,376,377,378,379,380,385,387,388,389,390,391,392,394,397,398,404,406,407,417,419,432,438,439,442,443,448,450,451,454,465,473,483,485,486,488,492,496,500,505,507,520,522,524,531,539,541,546,548,550,556,561,567,568,570,572,573,583,586,593,594,597,602,612,613,614,615,618,622,629,637,638,639,640,655,657,658,660,663,664,675,681,682,683,684,691,692,703
0231_00006	10,11,12,15,16,17,19,20,284,285,286,287,300,309,333,339,341,345,346,352,353,366,375,376,381,391,393,394,407,419,421,441,444,451,453,454,488,520,529,536,537,541,561,567,580,583,593,597,614,618,637,638,644,655,681,684,685,692,696,703
0231_00009	10,11,15,19,20,284,285,286,287,309,333,340,342,345,346,347,352,353,366,367,375,381,391,392,407,421,441,444,453,536,541,567,572,580,582,593,614,618,638,640,643,660,683,686
0231_00011	10,11,12,15,19,20,21,284,285,286,287,333,340,342,345,346,347,352,353,366,367,375,381,391,392,406,421,441,444,453,536,541,567,580,582,583,593,614,615,616,638,640,643,660,680,681,683,685,686,690,693
0231_00014	10,11,12,15,19,20,21,284,285,286,287,333,340,342,345,346,347,352,353,366,367,375,381,391,392,406,421,441,444,453,536,541,567,580,582,583,593,614,615,616,638,640,643,660,681,683,685,686
0231_00016	10,11,12,13,15,19,20,21,284,285,286,287,333,340,342,345,346,347,352,353,366,367,375,381,391,392,406,421,441,444,453,536,541,567,580,582,583,593,614,615,616,638,640,643,660,680,681,683,685,686,689,690,693,697,699,705
0231_00017	10,11,15,16,19,20,144,146,147,256,257,284,285,286,287,300,309,333,339,341,345,346,352,353,356,358,359,366,371,373,374,376,377,380,381,388,390,391,393,394,397,400,401,404,407,417,419,421,432,436,438,441,442,443,444,446,447,448,450,451,453,454,473,483,485,486,488,489,491,492,496,500,503,505,507,520,522,524,528,529,536,537,539,540,541,546,547,548,557,561,567,570,571,573,580,583,586,593,594,596,597,600,608,609,612,614,618,637,638,641,644,655,658,666,675,681,683,684,685,686,692,696,703
0231_00019	10,11,12,15,16,19,20,284,285,286,287,300,333,339,341,345,346,352,353,366,375,381,391,392,394,421,441,444,453,529,536,537,541,567,580,583,593,614,638,644,680,681,684,685,690,693
0231_00021	10,11,12,15,19,20,21,284,285,286,287,333,340,342,345,346,347,352,353,366,367,375,381,391,392,406,421,441,444,453,536,541,567,580,582,583,593,614,615,616,638,640,643,660,680,681,683,685,686,689,690,693,697,699,705
0231_00022	10,11,12,13,15,19,20,21,284,285,286,287,333,340,342,345,346,347,352,353,366,367,375,381,391,392,406,421,441,444,453,536,541,567,580,582,583,593,614,615,616,638,640,643,660,680,681,683,685,686,689,690,693,697,699,705
0231_00023	10,11,15,19,20,144,146,147,284,285,286,287,333,339,341,345,346,352,353,366,375,381,391,392,421,441,444,453,536,537,541,567,580,583,593,603,614,638,657,660,681,684,685,692,696,703
0231_00024	10,11,12,15,19,20,21,284,285,286,287,333,340,342,345,346,347,352,353,366,367,375,381,391,392,406,421,441,444,453,536,541,567,580,582,593,614,615,616,638,640,643,660,683,686
0231_00025	10,11,12,13,15,19,20,21,284,285,286,287,333,340,342,345,346,347,352,353,366,367,375,381,391,392,406,421,441,444,453,536,541,567,580,582,583,593,614,615,616,638,640,643,660,680,681,683,685,686,689,690,693,697,699,705
0231_00033	10,11,15,16,17,19,20,284,285,286,287,300,309,333,339,341,345,346,352,353,366,376,381,391,394,407,419,421,441,444,451,453,454,488,529,536,537,567,580,583,593,618,638,644,680,681,684,685,690,693
0231_00035	10,11,12,13,14,15,16,17,19,20,21,144,146,147,149,150,151,153,154,156,157,158,165,256,257,258,259,284,285,286,287,300,309,333,334,341,345,352,353,356,357,358,359,375,377,381,385,388,391,393,394,397,400,401,404,407,417,419,421,431,432,435,438,440,441,442,443,444,447,450,452,453,454,465,471,473,483,491,496,503,507,517,521,524,525,528,531,536,539,540,546,550,553,554,556,557,565,571,578,579,580,583,585,586,593,596,601,604,608,609,614,618,629,634,635,638,641,644,646,657,658,661,665,666,669,672,678,679,680,681,684,685,689,690,692,693,696,699,700,703,704,705,708,709,710,711,713
0231_00042	10,11,12,15,16,19,20,144,146,147,179,180,256,257,258,284,285,286,287,300,309,333,334,339,341,345,346,352,353,356,357,358,359,366,371,372,373,374,377,378,381,385,386,387,388,391,393,394,397,400,401,404,407,417,419,421,431,432,435,436,438,441,442,443,444,446,447,448,450,453,454,465,471,473,483,491,492,496,503,507,517,521,522,524,525,528,529,531,536,537,539,540,541,546,547,550,553,556,557,565,567,571,577,578,579,580,583,585,586,593,596,600,601,604,608,609,614,618,619,629,634,635,638,641,644,657,658,661,665,666,669,678,679,680,681,684,685,689,690,692,693,696,697,698,699,700,703,705,709,710,711,713,759,822
0231_00043	10,11,12,15,19,20,179,180,256,284,285,286,287,300,309,333,334,339,341,345,346,352,353,356,357,366,371,372,381,385,394,407,417,421,431,435,441,442,444,447,453,471,491,517,521,525,529,536,537,553,557,565,567,571,579,580,583,585,593,596,600,604,608,609,618,619,635,638,641,644,661,665,669,678,679,680,681,684,685,689,690,693,697,699,705,709,710,711
0231_00044	10,11,15,19,20,34,284,285,286,287,294,300,309,333,339,341,345,346,350,352,353,354,366,369,375,381,394,407,413,421,441,444,453,508,529,536,537,567,580,587,618,638,644
0231_00046	10,11,15,19,20,144,146,147,284,285,286,287,300,309,333,339,341,345,346,352,353,366,381,391,393,394,407,421,441,444,453,529,536,537,541,567,580,583,593,603,614,618,638,644,657,660,681,684,685,692,696
0231_00047	10,15,19,20,284,285,286,287,300,309,333,339,341,345,346,352,353,366,375,381,394,407,421,441,444,453,529,536,537,567,618,644
0231_00049	10,11,15,16,19,20,284,285,286,287,300,309,333,339,341,345,346,352,353,366,381,394,407,421,440,441,444,452,453,529,536,537,567,580,583,593,618,638,644,681,684,685,686,692,694,695,696
0231_00050	10,11,15,16,19,20,284,285,286,287,300,309,333,339,341,345,346,352,353,366,376,381,391,393,394,407,421,441,444,452,453,529,536,537,541,561,567,580,583,593,614,618,638,644,646,647,655,681,684,685,692,696,703
0231_00051	10,11,15,16,17,19,20,284,285,286,287,300,309,333,339,341,345,346,352,353,366,376,381,391,394,407,419,421,441,444,451,453,454,488,529,536,537,567,580,583,593,618,638,644,681,684,685,692,696
0231_00052	10,11,15,16,19,20,284,285,286,287,300,309,333,339,341,345,346,352,353,366,381,394,407,421,441,444,453,529,536,537,567,580,583,593,618,638,644,680,681,684,685,690,693
0231_00054	10,11,15,16,19,20,144,146,147,256,257,284,285,286,287,300,309,333,339,341,345,346,352,353,356,358,359,366,371,373,374,375,376,377,380,381,388,390,391,392,394,397,398,404,407,417,419,421,432,436,438,441,442,443,444,446,447,448,450,451,453,454,473,483,485,486,488,491,492,496,500,503,505,507,520,522,524,529,536,537,539,540,541,546,547,548,557,561,567,570,571,573,580,583,586,593,594,596,597,600,608,609,612,614,618,637,638,641,644,655,658,666,675,681,683,684,685,686,692,696,703
0231_00055	10,11,15,16,19,20,144,146,147,256,257,284,285,286,287,300,309,333,339,341,345,346,352,353,356,358,359,366,371,373,374,375,376,377,380,381,388,390,391,392,394,397,398,404,407,417,419,421,432,436,438,441,442,443,444,446,447,448,450,451,453,454,473,483,485,486,488,491,492,496,500,503,505,507,520,522,524,529,536,537,539,540,541,546,547,548,557,561,567,570,571,573,580,583,586,593,594,596,597,600,608,609,612,614,618,637,638,641,644,655,658,666,675,681,683,684,685,686,692,696,703
0231_00056	10,11,12,15,19,20,21,179,182,284,285,286,287,300,309,333,339,340,341,342,345,346,347,348,352,353,366,367,368,375,381,391,393,394,406,407,421,440,444,452,529,541,564,567,568,572,583,593,614,615,616,618,638,639,640,644,646,647,657,660,662,663,664,680,681,682,683,684,690,691,692,702,703,704
0231_00057	10,11,12,15,19,20,21,179,182,284,285,286,287,300,309,333,339,340,341,342,345,346,347,348,352,353,366,367,368,375,381,391,393,394,406,407,421,440,444,452,529,541,564,567,568,572,583,593,614,615,616,618,638,639,640,644,646,647,657,660,662,663,664,680,681,682,683,684,690,691,692,702,703,704
0231_00059	10,11,12,15,19,20,21,284,285,286,287,300,309,333,334,335,340,342,345,346,347,352,353,366,367,375,381,391,393,394,407,421,440,441,444,452,453,463,529,536,538,541,567,572,580,581,593,614,618,638,639,640,644,646,647,657,660,683,687,709,712
0231_00060	10,11,15,16,19,20,144,146,147,256,257,284,285,286,287,300,309,333,341,345,346,352,353,356,358,359,366,371,373,374,376,377,380,381,388,390,391,393,394,397,400,401,404,407,417,419,421,432,435,436,438,441,442,443,444,446,447,448,450,451,453,454,465,471,473,483,485,486,488,489,491,492,496,500,503,505,507,517,520,521,522,524,525,528,529,539,540,541,546,547,548,554,556,557,561,565,570,573,574,585,586,597,600,612,614,620,637,644,655,658,661,665,668,672,673,675,678,679
0231_00061	10,11,12,15,16,17,19,20,34,144,146,147,151,154,179,181,182,256,257,258,259,284,285,286,287,294,300,309,333,340,341,342,345,346,347,350,352,353,354,356,358,359,360,366,367,369,374,375,376,377,378,379,380,385,387,388,389,390,391,392,394,397,398,404,406,407,413,417,419,432,438,439,442,443,448,450,451,454,465,473,483,485,486,488,492,496,500,505,507,508,520,522,524,531,539,541,546,548,550,556,561,567,568,570,572,573,583,586,587,593,594,597,602,612,613,614,615,618,622,629,637,638,639,640,655,657,658,660,663,664,675,681,683,684
0231_00063	10,11,12,15,19,20,21,179,180,256,284,285,286,287,333,334,340,342,345,346,347,352,353,356,357,366,367,371,372,375,381,385,391,392,406,417,421,431,435,441,442,444,447,453,471,491,494,517,521,525,536,541,549,553,554,557,565,567,571,574,575,579,580,582,583,585,593,595,596,598,600,604,605,609,614,615,616,619,620,624,635,638,640,641,642,643,656,660,661,665,667,669,672,673,678,679,680,681,683,685,686,689,690,693,699,705,709,710,711
0231_00065	10,11,15,19,20,144,146,147,284,285,286,287,309,333,339,341,345,346,352,353,366,375,381,391,392,407,421,441,444,453,536,537,541,567,580,583,593,603,614,618,638,657,660,681,684,685,692,696,703
0231_00066	10,11,12,15,19,20,21,284,285,286,287,333,334,340,342,345,346,347,352,353,366,367,375,381,391,392,406,417,421,431,435,441,442,444,447,453,525,536,541,554,567,574,580,582,593,595,600,614,615,616,620,638,640,643,660,667,672,673,683,686
0231_00078	10,11,12,15,16,19,20,21,144,147,179,181,182,256,257,284,285,286,287,300,309,333,334,340,342,345,346,347,352,353,356,357,359,366,367,371,373,374,376,377,380,382,385,388,390,391,393,394,397,400,401,404,406,407,417,419,421,431,436,440,442,443,444,446,447,448,450,451,452,454,465,473,483,485,488,489,491,492,494,496,505,507,520,522,524,528,529,531,536,539,541,546,549,550,554,556,557,561,568,571,572,573,574,577,580,581,582,583,586,593,594,595,596,597,600,602,605,609,614,615,618,622,625,629,637,638,639,640,641,642,643,646,647,648,651,655,656,658,663,664,666,667,673,674,675,680,681,682,683,684,685,687,689,690,691,692,693,694,698,699,700,702,703,705,706,709,710
0231_00079	10,11,12,15,16,19,20,144,146,147,151,153,154,284,285,286,287,300,309,333,339,341,345,346,352,353,366,381,391,392,393,394,407,421,440,441,444,452,453,529,536,537,541,567,570,580,583,593,603,612,614,618,638,644,646,647,657,660,681,684,685,692,696,703
0231_00080	10,11,12,15,16,19,20,284,285,286,287,300,309,333,339,341,345,346,352,353,366,375,381,391,393,394,407,421,440,441,444,452,453,529,536,537,541,567,580,583,593,614,618,638,644,646,647,657,680,681,684,685,690,693
0231_00081	10,11,12,15,16,19,20,284,285,286,287,300,309,333,339,341,345,346,352,353,366,375,381,391,393,394,407,421,440,441,444,452,453,529,536,537,541,567,580,583,593,603,614,618,638,644,646,647,657,660,680,681,684,685,690,693
0231_00082	10,11,12,15,16,17,19,20,21,144,146,147,151,154,179,181,182,256,257,258,259,284,285,286,287,300,309,333,340,341,342,345,346,347,352,353,356,358,359,360,366,367,374,375,376,377,378,379,380,382,385,387,388,389,390,391,392,393,394,397,398,400,401,404,406,407,417,419,421,432,438,439,440,442,443,444,448,450,451,452,454,465,473,483,485,486,488,489,492,494,495,496,500,505,507,520,522,524,528,531,536,537,539,541,546,548,550,554,556,561,567,568,570,572,573,581,583,586,593,594,597,602,603,612,613,614,615,618,622,625,629,637,638,639,640,648,655,657,658,660,663,664,674,675,681,682,683,684,691,692,703
0231_00083	10,11,12,15,16,17,19,20,21,144,146,147,151,154,179,181,182,256,257,258,259,284,285,286,287,300,309,333,340,341,342,345,346,347,352,353,356,358,359,360,366,367,374,376,377,378,379,380,382,385,387,388,389,390,391,392,393,394,397,398,400,401,404,406,407,417,419,421,432,438,439,440,442,443,444,448,450,451,452,454,465,473,483,485,486,488,489,492,494,495,496,500,505,507,520,522,524,528,529,531,536,537,539,541,546,548,550,554,556,561,567,568,570,572,573,581,583,586,593,594,597,602,603,612,613,614,615,618,622,625,629,637,638,639,640,647,648,655,657,658,660,663,664,674,675,681,682,683,684,691,692,703
0231_00084	10,11,12,15,19,20,21,284,285,286,287,333,340,342,345,346,347,352,353,366,367,375,381,391,392,406,421,441,444,453,536,541,567,580,582,593,614,615,616,638,640,643,660,683,686
0231_00085	10,11,12,15,19,20,21,284,285,286,287,333,334,336,340,342,345,346,347,352,353,366,367,375,381,391,392,406,421,441,444,453,536,541,567,580,582,593,614,615,616,638,640,643,660,683,686
0231_00091	10,11,12,13,19,20,21,144,145,179,180,183,186,187,193,284,285,287,309,333,334,335,336,338,340,342,345,347,353,367,375,407,417,421,431,433,435,442,444,447,463,491,525,536,538,554,557,572,580,583,600,618,638,640,641,661,672,679,680,681,682,685,689,690,693,694,697,698,699,700,705,706,709,710,711,712,713,777,778,798,799,819,820,840,841,861,862
0231_00092	10,11,12,15,16,17,19,20,21,144,146,147,151,154,179,181,182,256,257,258,259,284,285,286,287,300,309,333,340,341,342,345,346,347,352,353,356,358,359,360,366,367,374,375,376,377,378,379,380,385,387,388,389,390,391,392,394,397,398,404,406,407,417,419,432,438,439,442,443,448,450,451,454,465,473,483,485,486,488,489,492,496,500,505,507,520,522,524,531,539,541,546,548,550,556,561,567,568,570,572,573,583,586,593,594,597,602,612,613,614,615,618,622,629,637,638,639,640,655,657,658,660,663,664,675,681,682,683,684,691,692,703
0231_00093	10,11,12,15,16,17,19,20,21,144,146,147,151,154,179,181,182,256,257,258,259,284,285,286,287,300,309,333,340,341,342,345,346,347,352,353,356,358,359,360,366,367,374,375,376,377,378,379,380,385,387,388,389,390,391,392,393,394,397,398,404,406,407,417,419,432,438,439,442,443,448,450,451,454,465,473,483,485,486,488,492,496,500,505,507,520,522,524,529,531,539,541,546,548,550,556,561,567,568,570,572,573,583,586,593,594,597,602,612,613,614,615,618,622,629,637,638,639,640,655,657,658,660,663,664,675,681,682,683,684,691,692,703
0231_00095	10,11,12,15,16,19,20,21,144,147,179,181,182,256,257,284,285,286,287,300,309,333,340,342,345,346,347,352,353,356,359,366,367,371,372,373,374,375,376,377,379,380,385,388,390,391,392,393,394,397,398,404,406,407,417,419,421,435,436,439,440,442,443,444,446,447,448,450,451,452,454,465,473,483,485,488,492,496,503,505,507,517,520,522,524,531,539,540,541,546,547,550,556,561,567,568,572,573,577,583,586,593,594,597,602,613,614,615,618,622,629,637,638,639,640,644,646,647,648,655,657,658,660,663,664,675,681,682,683,684,691,692,703
0231_00096	10,11,12,19,20,21,22,144,147,179,182,284,285,287,309,333,340,342,345,347,348,353,367,368,381,406,407,564,568,572,583,611,615,618,638,640,662,663,664,680,681,682,690,691,701,702
0231_00099	10,11,12,13,15,19,20,21,284,285,286,287,333,340,342,345,346,347,352,353,366,367,375,381,391,392,406,421,441,444,453,536,541,567,580,582,583,593,614,615,616,638,640,643,660,680,681,683,685,686,689,690,693,697,699,705
0231_00101	10,11,12,15,16,17,19,20,284,285,286,287,300,309,333,339,341,345,346,352,353,366,375,376,381,391,393,394,407,419,421,441,444,451,453,454,488,520,529,536,537,541,561,567,580,583,593,597,614,618,637,638,644,655,681,684,685,692,696,703
0231_00102	10,11,12,15,16,17,19,20,144,146,147,256,257,284,285,286,287,300,309,333,339,341,345,346,352,353,356,358,359,366,371,373,374,376,377,380,381,388,390,391,393,394,397,400,401,404,407,417,419,421,432,436,438,440,441,442,443,444,446,447,448,450,451,452,453,454,473,483,485,486,488,489,491,492,496,500,503,505,507,520,522,524,528,529,536,537,539,540,541,546,547,548,557,561,567,570,571,573,580,581,583,586,593,594,596,597,600,603,608,609,612,614,618,637,638,641,644,646,647,655,657,658,660,666,675,681,683,684,685,686,692,696,703
0231_00103	10,11,12,15,16,17,19,20,144,146,147,256,257,284,285,286,287,300,309,333,339,341,345,346,352,353,356,358,359,366,371,373,374,375,376,377,380,381,388,390,391,392,393,394,397,398,404,407,417,419,421,432,436,438,440,441,442,443,444,446,447,448,450,451,452,453,454,473,483,485,486,488,491,492,496,500,503,505,507,520,522,524,529,536,537,539,540,541,546,547,548,557,561,567,570,571,573,580,581,583,586,593,594,596,597,600,603,608,609,612,614,618,637,638,641,644,646,647,655,657,658,660,666,675,681,683,684,685,686,692,696,703
0231_00108	10,11,12,15,16,17,19,20,21,144,146,147,151,154,179,181,182,256,257,258,259,284,285,286,287,300,309,333,340,341,342,345,346,347,352,353,356,358,359,360,366,367,374,375,376,377,378,379,380,382,385,387,388,389,390,391,392,393,394,397,398,400,401,404,406,407,417,419,421,432,438,439,440,442,443,444,448,450,451,452,454,465,473,483,485,486,488,489,492,494,495,496,500,505,507,520,522,524,528,531,536,537,539,541,546,548,550,554,556,561,567,568,570,572,573,581,583,586,593,594,597,602,603,612,613,614,615,618,622,625,629,637,638,639,640,648,655,657,658,660,663,664,674,675,681,682,683,684,691,692,703
0231_00109	10,11,12,15,19,20,21,34,179,180,256,284,285,286,287,300,309,333,334,339,341,342,345,346,352,353,356,357,366,371,372,381,382,383,385,394,407,409,417,421,431,435,441,442,444,447,453,459,460,471,491,499,517,521,525,529,536,537,542,543,549,553,557,565,567,571,574,575,579,580,583,585,593,596,600,604,607,608,609,618,619,620,635,638,641,642,644,652,656,661,665,669,678,679,680,681,684,685,689,690,693,697,699,705,709,710,711,715,778
0231_00112	10,11,12,15,16,17,19,20,21,144,146,147,151,154,179,181,182,256,257,258,259,284,285,286,287,309,333,340,341,342,345,346,347,352,353,356,358,359,360,366,367,374,375,376,377,378,379,380,382,385,387,388,389,390,391,392,397,398,404,406,407,417,419,421,432,438,439,440,442,443,444,448,450,451,452,454,465,473,483,485,486,488,492,494,495,496,500,505,507,520,522,524,531,536,537,539,541,546,548,550,554,556,561,567,568,570,572,573,581,583,586,593,594,597,602,603,612,613,614,615,618,622,625,629,637,638,639,640,647,648,655,657,658,660,663,664,674,675,681,682,683,684,691,692,703
0231_00113	10,11,12,15,16,19,20,144,146,147,179,180,256,257,258,284,285,286,287,300,333,334,339,341,345,346,352,353,356,357,358,359,366,371,372,373,374,375,377,378,381,385,386,387,388,391,392,393,394,397,400,401,404,417,419,421,431,432,435,436,438,441,442,443,444,446,447,448,450,453,454,465,471,473,483,491,492,496,503,507,517,521,522,524,525,528,529,531,536,537,539,540,541,546,547,550,553,556,557,565,567,571,577,578,579,580,583,585,586,593,596,600,601,603,604,608,609,614,619,629,634,635,638,641,644,657,658,660,661,665,666,669,678,679,680,681,684,685,689,690,692,693,696,697,698,699,700,703,705,709,710,711,713,759,822
0231_00114	10,11,12,15,16,17,19,20,21,34,144,146,147,151,154,179,181,182,256,257,258,259,284,285,286,287,294,300,309,333,339,340,341,342,345,346,347,350,352,353,354,356,358,359,360,366,367,369,374,375,376,377,378,379,380,381,385,387,388,389,390,391,392,394,397,398,404,406,407,413,417,419,421,432,438,439,441,442,443,444,448,450,451,453,454,465,473,483,485,486,488,492,496,500,505,507,508,520,522,524,529,531,536,537,539,541,546,548,550,556,561,567,568,570,572,573,580,583,586,587,593,594,597,602,612,613,614,615,618,622,629,637,638,639,640,644,655,657,658,659,660,663,664,675,681,683,684
0231_00118	10,11,12,13,15,16,19,20,179,180,181,182,186,188,189,193,195,196,200,256,257,258,284,285,286,287,309,333,334,336,339,340,341,342,345,346,347,352,353,356,357,358,359,366,367,371,372,373,374,375,377,378,382,383,385,386,387,388,391,392,397,404,406,407,417,419,431,432,435,436,438,442,443,446,447,448,450,454,465,471,473,477,483,491,492,496,499,503,507,517,521,522,524,525,531,539,540,541,542,543,546,547,549,550,553,556,557,565,566,567,571,572,574,575,577,578,579,583,585,586,590,593,595,596,600,601,604,605,607,608,609,614,618,619,620,627,629,634,635,638,641,642,652,656,657,658,660,661,665,666,667,668,669,678,679,680,681,683,684,689,690,691,697,698,699,700,701,702,709,710,711,713,722,736,759,785,799,822
0231_00122	10,11,12,15,16,19,20,144,146,147,179,181,182,256,257,284,285,286,287,302,333,334,339,341,345,346,352,353,356,357,359,366,371,372,373,374,375,377,385,388,391,392,396,397,404,417,419,421,431,435,436,440,442,443,444,446,447,448,450,452,454,465,471,473,483,491,492,496,503,507,515,517,521,522,524,525,531,536,539,540,541,546,547,550,553,556,557,565,571,577,578,579,580,583,585,586,593,594,596,600,601,604,608,609,614,619,629,634,635,641,646,647,657,658,661,665,666,669,678,679,680,684,685,686,689,693,697,705,709,710,711
0231_00125	10,11,12,15,16,144,146,147,179,181,182,256,257,284,285,286,333,334,339,341,345,346,352,356,357,359,366,371,372,373,374,375,377,385,388,391,392,397,404,417,419,431,435,436,442,443,446,447,448,450,454,465,471,473,483,491,492,496,503,507,517,521,522,524,525,531,539,540,541,546,547,550,553,556,557,565,571,577,578,579,583,585,586,593,594,596,600,601,604,608,609,614,619,629,634,635,641,657,658,661,665,666,669,678,679,680,684,689,697,709,710,711
0231_00128	10,11,12,15,16,17,19,20,21,144,146,147,151,154,179,181,182,256,257,258,259,284,285,286,287,300,309,333,340,341,342,345,346,347,352,353,356,358,359,360,366,367,374,375,376,377,378,379,380,382,385,387,388,389,390,391,392,394,397,398,404,406,407,417,419,421,432,438,439,440,442,443,444,448,450,451,452,454,465,473,483,485,486,488,492,494,495,496,500,505,507,520,522,524,531,536,537,539,541,546,548,550,554,556,561,567,568,570,572,573,581,583,586,593,594,597,602,603,612,613,614,615,618,622,625,629,637,638,639,640,647,648,655,657,658,660,663,664,674,675,681,682,683,684,691,692,703
0231_00129	10,11,12,13,15,19,20,21,144,145,179,180,186,187,193,194,284,285,286,287,300,309,333,334,335,336,340,342,345,346,347,352,353,366,367,375,381,391,393,394,407,421,440,441,444,452,453,529,536,537,541,567,572,580,583,593,603,614,618,638,644,646,647,657,660,680,681,684,685,689,690,693,697,698,699,700,705,709,710,711,712,713,777,778,798,799,819,840,861
0231_00130	10,11,12,13,15,19,20,21,34,144,145,179,180,186,187,193,194,284,285,286,287,294,300,309,333,334,335,336,340,342,345,346,347,350,352,353,354,366,367,369,375,391,393,394,407,409,415,421,440,444,452,458,459,460,466,529,536,541,572,580,583,593,614,618,638,644,646,647,657,680,681,684,685,689,690,691,693,697,698,699,700,702,705,709,710,711,712,713,777,778,798,799,819,820,840,861
0231_00131	10,11,12,13,15,19,20,21,34,144,145,179,180,186,187,193,194,284,285,286,287,294,300,309,333,334,335,336,340,342,345,346,347,350,352,353,354,366,367,369,375,391,393,394,407,409,415,421,440,444,452,458,459,460,466,529,536,541,572,580,583,593,614,618,638,644,646,647,657,680,681,684,685,689,690,691,693,697,698,699,700,702,705,709,710,711,712,713,777,778,798,799,819,820,840,861
0231_00132	10,11,12,13,15,19,20,21,34,144,145,179,180,186,187,193,194,284,285,286,287,294,300,309,333,334,335,336,340,342,345,346,347,350,352,353,354,366,367,369,375,391,393,394,407,409,415,421,440,444,452,458,459,460,466,529,536,541,572,580,583,593,614,618,638,644,646,647,657,680,681,684,685,689,690,693,697,698,699,700,705,709,710,711,712,713,777,778,798,799,819,820,840,861
0231_00133	10,11,12,13,15,19,20,21,144,145,179,180,186,187,193,194,284,285,286,287,300,309,333,334,335,336,340,342,345,346,347,352,353,366,367,375,381,391,393,394,407,421,440,441,444,452,453,529,536,537,541,567,572,580,583,593,603,614,618,638,644,646,647,657,660,680,681,684,685,689,690,691,693,697,698,699,700,702,705,709,710,711,712,713,777,778,798,799,819,820,840,861
0231_00134	10,11,12,13,15,19,20,21,144,145,179,180,186,187,193,194,284,285,286,287,300,309,333,334,335,336,340,342,345,346,347,352,353,366,367,375,381,391,393,394,407,421,440,441,444,452,453,529,536,537,541,567,572,580,583,593,603,614,618,638,644,646,647,657,660,680,681,684,685,689,690,691,693,697,698,699,700,702,705,709,710,711,712,713,777,778,798,799,819,820,840,861
0231_00135	10,11,12,13,15,19,20,21,144,145,179,180,186,187,193,194,284,285,286,287,300,309,333,334,335,336,340,342,345,346,347,352,353,366,367,375,381,391,393,394,407,421,440,441,444,452,453,529,536,537,541,567,572,580,583,593,603,614,618,638,644,646,647,657,660,680,681,684,685,689,690,693,697,698,699,700,705,709,710,711,712,713,777,778,798,799,819,820,840,861
0231_00136	10,11,12,13,15,19,20,21,34,144,145,179,180,186,187,193,194,284,285,286,287,294,300,309,333,334,335,336,340,342,345,346,347,350,352,353,354,366,367,369,375,391,393,394,407,409,415,421,440,444,452,458,459,460,466,529,536,541,572,580,583,593,614,618,638,644,646,647,657,680,681,684,685,689,690,691,693,697,698,699,700,702,705,709,710,711,712,713,777,778,798,799,819,820,840,861
0231_00137	10,11,12,13,15,19,20,21,144,145,179,180,186,187,193,194,284,285,286,287,300,309,333,334,335,336,340,342,345,346,347,352,353,366,367,375,381,391,393,394,407,421,440,441,444,452,453,529,536,537,541,567,572,580,583,593,603,614,618,638,644,646,647,657,660,680,681,684,685,689,690,691,693,697,698,699,700,702,705,709,710,711,712,713,777,778,798,799,819,820,840,861
