id	bits.on
0022_00001	53,54,66,72,89,90,91,99,104,112,113,123,126,127,131,132,136,139,140,143,144,145,146,150,152,154,157,159,162,163,164,165
0022_00002	34,82,99,100,133,135,151,153,155,156,158,161,162,163,165
0022_00003	57,84,97,98,105,113,123,125,127,133,135,137,143,145,151,152,154,156,158,159,160,161,162,163,164,165
0022_00004	50,66,74,76,90,99,108,112,115,123,127,131,132,136,139,140,141,143,146,149,150,152,154,157,159,160,163,164,165
0022_00005	26,50,53,66,72,76,82,89,90,91,96,99,104,105,108,109,112,115,116,118,127,128,129,131,132,136,139,140,143,145,146,147,149,150,152,153,154,155,157,159,160,163,164,165
0022_00006	30,49,85,86,100,103,111,112,114,115,116,118,122,128,129,134,138,141,147,148,149,153,155,158,160,161,166
0022_00007	82,91,95,100,108,109,114,123,126,128,129,132,133,135,138,149,151,153,155,156,157,158,159,160,161,162,163,164,165
0022_00009	125,133,135,145,151,156,158,161,162,163,165
0022_00010	108,109,114,115,116,118,123,126,129,132,136,138,140,144,146,147,149,150,153,154,155,157,159,160,162,163,164,165
