id	bits.on
0366_00001	10,11,19,20,21,284,285,287,309,333,340,342,345,347,353,367,381,407,421,441,444,453,463,536,538,568,572,580,583,618,638,664,681,682,685,687,691,694,695
0366_00002	10,11,19,20,21,284,285,287,309,333,342,345,353,381,407,421,433,441,444,453,463,536,538,580,583,618,638,681,685,687,688,691,694,695
0366_00004	10,11,12,13,15,16,17,19,20,21,22,23,31,32,34,144,146,147,151,154,179,181,182,256,257,258,259,284,285,286,287,294,300,309,315,333,334,335,340,341,342,345,346,347,350,352,353,354,356,358,359,360,366,367,369,374,375,376,377,378,379,380,385,387,388,389,390,391,392,393,394,397,398,404,406,407,408,412,413,417,419,421,426,432,438,439,440,442,443,444,448,450,451,452,454,457,463,465,473,483,485,486,488,492,496,500,505,507,508,520,522,524,529,531,536,538,539,541,546,548,550,556,561,567,568,570,572,573,580,581,583,586,593,594,597,602,612,613,614,615,618,622,629,637,638,639,640,644,646,647,655,657,658,659,660,663,664,675,681,682,683,684,687,691,692,703,709,712
0366_00005	10,11,12,15,16,17,19,20,21,144,146,147,151,154,179,181,182,256,257,258,259,284,285,286,287,300,309,333,340,341,342,345,346,347,352,353,356,358,359,360,366,367,374,376,377,378,379,380,385,387,388,389,390,391,392,394,397,398,404,406,407,417,419,432,438,439,442,443,448,450,451,454,465,473,483,485,486,488,492,496,500,505,507,520,522,524,531,539,541,546,548,550,556,561,567,568,570,572,573,583,586,593,594,597,602,612,613,614,615,618,622,629,637,638,639,640,655,657,658,660,663,664,675,681,682,683,684,691,692,703
0366_00006	10,11,12,15,16,17,19,20,21,22,31,32,144,146,147,151,154,179,181,182,256,257,258,259,284,285,286,287,300,309,315,333,340,341,342,345,346,347,352,353,356,358,359,360,366,367,374,376,377,378,379,380,385,387,388,389,390,391,392,394,397,398,404,406,407,408,412,417,419,426,432,438,439,442,443,448,450,451,454,457,465,473,483,485,486,488,492,496,500,505,507,520,522,524,531,539,541,546,548,550,556,561,567,568,570,572,573,583,586,593,594,597,602,612,613,614,615,618,622,629,637,638,639,640,655,657,658,660,663,664,675,681,682,683,684,691,692,703
0366_00007	10,11,12,15,16,17,19,20,21,31,144,146,147,151,154,179,181,182,256,257,258,259,284,285,286,287,300,309,315,333,340,341,342,345,346,347,352,353,356,358,359,360,366,367,374,376,377,378,379,380,385,387,388,389,390,391,392,394,397,398,404,406,407,408,412,417,419,426,432,438,439,442,443,448,450,451,454,457,465,473,483,485,486,488,492,496,500,505,507,520,522,524,531,539,541,546,548,550,556,561,567,568,570,572,573,583,586,593,594,597,602,612,613,614,615,618,622,629,637,638,639,640,655,657,658,660,663,664,675,681,682,683,684,691,692,703
0366_00008	10,11,15,16,17,19,20,284,285,286,287,300,309,333,339,341,345,346,352,353,366,376,381,391,394,407,419,421,441,444,451,453,454,488,529,536,537,567,580,583,593,618,638,644,681,684,685,692,696
0366_00010	10,11,12,15,16,17,19,20,21,22,31,32,144,146,147,151,154,179,181,182,256,257,258,259,284,285,286,287,300,309,315,333,340,341,342,345,346,347,352,353,356,358,359,360,366,367,374,376,377,378,379,380,385,387,388,389,390,391,392,394,397,398,404,406,407,408,412,417,419,426,432,438,439,442,443,448,450,451,454,457,465,473,483,485,486,488,492,496,500,505,507,520,522,524,531,539,541,546,548,550,556,561,567,568,570,572,573,583,586,593,594,597,602,612,613,614,615,618,622,629,637,638,639,640,655,657,658,660,663,664,675,681,682,683,684,691,692,703
0366_00011	10,11,12,15,16,19,20,34,144,146,147,151,154,284,285,286,287,294,300,309,333,339,341,345,346,350,352,353,354,366,369,376,381,391,393,394,407,413,421,441,444,452,453,508,529,536,541,561,570,580,583,587,593,612,614,618,637,638,644,646,647,655,659,680,681,684,685,689,690,693,697,699,705
0366_00012	10,11,15,19,20,284,285,286,287,309,333,340,342,345,346,347,352,353,366,367,375,381,391,392,407,421,441,444,453,536,541,567,572,580,582,593,614,618,638,640,643,660,683,686
0366_00013	10,11,12,15,19,20,21,284,285,286,287,333,340,342,345,346,347,352,353,366,367,375,381,391,392,406,421,441,444,453,536,541,567,580,582,593,614,615,616,638,640,643,660,683,686
0366_00014	10,11,19,20,21,284,285,287,309,333,334,338,342,345,353,381,407,421,441,444,453,463,536,538,568,580,582,583,618,638,640,643,664,681,682,685,687,688,691,694,695,709,711
0366_00015	10,11,12,13,15,16,17,19,20,21,22,23,31,32,34,144,146,147,151,154,179,181,182,256,257,258,259,284,285,286,287,294,300,309,315,333,334,335,340,341,342,345,346,347,350,352,353,354,356,358,359,360,366,367,369,374,375,376,377,378,379,380,385,387,388,389,390,391,392,393,394,397,398,404,406,407,408,412,414,417,419,421,426,432,438,439,440,442,443,444,448,450,451,452,454,457,463,465,473,483,485,486,488,492,496,500,505,507,520,522,524,529,531,536,538,539,541,546,548,550,556,561,567,568,570,572,573,580,581,583,586,593,594,597,602,612,613,614,615,618,622,629,637,638,639,640,644,646,647,655,657,658,660,663,664,675,681,682,683,684,687,691,692,703,709,712
0366_00016	10,11,15,16,19,20,21,179,181,182,284,285,286,287,300,309,333,339,341,345,346,352,353,366,376,381,391,393,394,407,421,440,441,444,452,453,529,536,537,541,561,567,580,581,593,594,603,614,618,637,638,644,646,647,648,651,655,660,683,686,687,688
0366_00018	10,11,12,13,15,16,17,18,19,20,21,22,31,32,144,146,147,151,154,179,180,181,182,184,185,186,191,192,193,200,256,257,258,259,260,284,285,286,287,300,309,315,333,334,340,341,342,345,346,347,352,353,356,357,358,359,360,366,367,371,372,374,375,376,377,378,379,380,382,385,387,388,389,390,391,392,393,394,397,398,400,401,404,406,407,408,412,417,419,421,426,431,432,435,438,439,440,442,443,444,447,448,450,451,452,454,457,465,471,473,483,485,486,488,489,491,492,495,496,500,503,505,507,520,521,522,524,525,528,531,536,537,539,540,541,546,547,548,550,553,556,557,561,565,567,568,570,571,572,573,577,578,579,581,583,585,586,593,594,596,597,600,601,602,603,604,608,609,612,613,614,615,618,619,622,629,634,635,637,638,639,640,641,646,648,651,655,657,658,660,661,663,664,665,666,669,675,678,679,680,681,682,683,684,689,691,692,697,703,709,710,711,713,717,738,756,771,780,801,819,834
0366_00019	10,11,19,20,21,22,31,32,144,147,284,285,287,309,315,333,340,342,345,347,353,367,381,406,407,408,412,426,457,564,568,572,583,615,618,638,640,662,663,664,680,681,682,690,691,702
0366_00020	10,11,15,19,20,21,284,285,286,287,300,309,333,339,341,345,346,352,353,366,381,394,407,421,441,444,453,529,536,537,567,580,583,593,618,638,644,681,683,685,686,691,694,695
0366_00021	10,11,15,16,19,20,284,285,286,287,300,309,333,339,341,345,346,352,353,366,381,394,407,421,440,441,444,452,453,529,536,537,567,580,583,593,618,638,644,681,684,685,686,692,694,695,696
0366_00022	10,19,20,21,31,284,285,287,309,315,333,340,342,345,347,353,367,407,408,412,426,457,568,572,618,640,664
0366_00025	10,11,12,15,16,17,19,20,21,22,31,32,144,146,147,151,154,179,181,182,256,257,258,259,284,285,286,287,300,309,315,333,340,341,342,345,346,347,352,353,356,358,359,360,366,367,374,376,377,378,379,380,382,385,387,388,389,390,391,392,393,394,397,398,400,401,404,406,407,408,412,417,419,421,426,432,438,439,440,442,443,444,448,450,451,452,454,457,465,473,483,485,486,488,489,492,494,495,496,500,505,507,520,522,524,528,531,536,537,539,541,546,548,550,554,556,561,567,568,570,572,573,581,583,586,593,594,597,602,603,612,613,614,615,618,622,625,629,637,638,639,640,648,655,657,658,660,663,664,674,675,681,682,683,684,691,692,703
0366_00026	10,11,19,20,21,179,182,284,285,287,309,333,340,342,345,347,348,353,367,368,381,406,407,564,568,572,583,615,618,638,640,662,663,664,680,681,682,690,691,702
0366_00027	10,11,19,20,21,22,31,284,285,287,309,315,333,340,342,345,347,353,367,407,408,412,421,426,433,444,457,463,536,538,568,572,580,582,583,618,638,640,643,664,680,681,682,685,687,690,691,694,702
0366_00029	10,11,19,20,21,22,31,179,182,284,285,287,309,315,333,340,342,345,347,348,353,367,368,381,406,407,408,412,426,457,564,568,572,583,615,618,638,640,662,663,664,680,681,682,690,691,702
0366_00030	10,11,19,20,21,284,285,287,309,333,334,336,340,342,345,347,353,367,381,407,421,441,444,453,463,536,538,568,572,580,582,583,618,638,640,643,664,681,682,685,687,688,691,694,695,709,711
0366_00031	10,11,15,19,20,284,285,286,287,300,309,333,334,336,339,341,345,346,352,353,366,375,381,394,407,421,441,444,453,529,536,537,567,580,583,593,618,638,644,681,685,709,711
0366_00032	10,19,20,284,285,287,309,333,340,342,345,347,353,367,375,381,407,421,441,444,453,463,536,538,568,572,618,664
0366_00033	10,11,15,19,20,284,285,286,287,300,309,333,334,336,339,341,345,346,352,353,366,375,381,394,407,421,441,444,453,529,536,537,567,580,583,593,618,638,644,681,685,709,710
0366_00034	10,11,15,16,19,20,284,285,286,287,300,309,333,339,341,345,346,352,353,366,381,394,407,421,441,444,453,529,536,537,567,580,583,593,618,638,644,680,681,684,685,690,693
0366_00036	10,11,12,13,15,16,17,19,20,21,22,31,32,144,146,147,151,154,158,161,179,181,182,186,188,189,256,257,258,259,260,261,284,285,286,287,300,309,315,333,334,340,341,342,345,346,347,352,353,356,357,358,359,360,366,367,371,372,373,374,376,377,378,379,380,385,387,388,389,390,391,392,394,397,398,404,406,407,408,412,417,419,421,426,431,432,435,436,438,439,440,442,443,444,446,447,448,450,451,452,454,457,465,471,473,483,485,486,488,491,492,494,496,500,503,505,507,517,520,521,522,524,525,531,536,539,540,541,546,547,548,550,553,554,556,557,561,565,567,568,570,571,572,573,577,578,579,580,581,583,585,586,593,594,596,597,598,600,601,602,604,608,609,612,613,614,615,618,619,622,624,625,629,634,635,637,638,639,640,641,655,657,658,660,661,663,664,665,666,669,672,673,674,675,678,679,681,682,683,684,685,691,692,696,703,709,710
0366_00037	10,11,12,13,15,16,17,19,20,21,22,31,32,144,146,147,151,154,158,161,179,181,182,184,185,186,256,257,258,259,284,285,286,287,300,309,315,333,334,340,341,342,345,346,347,352,353,356,358,359,360,366,367,374,376,377,378,379,380,385,387,388,389,390,391,392,394,397,398,404,406,407,408,412,417,419,421,426,431,432,435,438,439,440,442,443,444,446,447,448,450,451,452,454,457,465,473,483,485,486,488,491,492,496,500,503,505,507,517,520,522,524,531,536,539,541,546,548,550,554,556,557,561,567,568,570,572,573,580,583,586,593,594,597,600,602,612,613,614,615,618,622,629,637,638,639,640,641,655,657,658,660,663,664,673,674,675,681,682,683,684,691,692,703
0366_00038	10,11,12,13,15,16,17,19,20,21,22,23,31,32,144,146,147,151,154,158,161,179,181,182,186,188,189,256,257,258,259,260,261,284,285,286,287,300,309,315,333,334,340,341,342,345,346,347,352,353,356,357,358,359,360,366,367,371,372,373,374,376,377,378,379,380,385,387,388,389,390,391,392,394,397,398,404,406,407,408,412,417,419,421,426,431,432,435,436,438,439,440,442,443,444,446,447,448,450,451,452,454,457,465,471,473,483,485,486,488,491,492,494,496,500,503,505,507,517,520,521,522,524,525,531,536,539,540,541,546,547,548,550,553,554,556,557,561,565,567,568,570,571,572,573,577,578,579,580,581,583,585,586,593,594,596,597,598,600,601,602,604,608,609,612,613,614,615,618,619,622,624,625,629,634,635,637,638,639,640,641,655,657,658,660,661,663,664,665,666,669,672,673,674,675,678,679,681,682,683,684,685,691,692,696,703,709,710
0366_00039	10,11,12,13,15,16,17,19,20,21,22,23,31,32,144,146,147,151,154,158,161,179,181,182,184,185,186,256,257,258,259,284,285,286,287,300,309,315,333,334,340,341,342,345,346,347,352,353,356,358,359,360,366,367,374,376,377,378,379,380,385,387,388,389,390,391,392,394,397,398,404,406,407,408,412,417,419,421,426,431,432,435,438,439,440,442,443,444,446,447,448,450,451,452,454,457,465,473,483,485,486,488,491,492,496,500,503,505,507,517,520,522,524,531,536,539,541,546,548,550,554,556,557,561,567,568,570,572,573,580,583,586,593,594,597,600,602,612,613,614,615,618,622,629,637,638,639,640,641,655,657,658,660,663,664,673,674,675,681,682,683,684,691,692,703
0366_00040	10,19,20,21,31,284,285,287,309,315,333,342,345,353,381,407,408,412,417,421,426,441,442,444,447,453,457,463,538,554,568,574,664,668,673
0366_00042	10,19,20,21,31,284,285,287,309,315,333,340,342,345,347,353,367,381,407,408,412,421,426,441,444,453,457,463,536,538,568,572,582,618,640,643,664
0366_00046	10,11,19,20,21,284,285,287,309,333,345,353,381,407,421,441,444,453,536,580,618,638,682,687,688
0366_00047	10,19,20,21,31,284,285,287,309,315,333,342,345,347,353,367,407,408,412,421,426,433,444,457,463,538,572,618,640
0366_00048	10,11,12,13,15,16,19,20,21,22,23,31,32,144,147,179,181,182,186,189,256,257,284,285,286,287,300,309,315,333,339,340,341,342,345,346,347,348,352,353,356,359,366,367,368,371,372,373,374,375,376,377,380,381,382,385,388,390,391,392,393,394,397,398,400,401,404,406,407,408,412,417,419,421,426,435,436,440,442,443,444,446,447,448,450,451,452,454,457,465,473,483,485,488,489,492,494,496,503,505,507,517,520,522,524,528,529,531,536,539,540,541,546,547,550,554,556,561,564,567,568,572,573,577,581,583,586,593,594,597,602,613,614,615,616,618,622,625,629,637,638,639,640,644,646,647,648,651,655,657,658,660,662,663,664,673,674,675,680,681,682,683,684,690,691,692,702,703,704
0366_00049	10,11,12,15,16,19,20,21,22,23,31,32,144,147,179,181,182,186,189,256,257,284,285,286,287,300,309,315,333,340,342,345,346,347,348,352,353,356,359,366,367,368,371,372,373,374,376,377,380,381,382,385,388,390,391,392,393,394,397,398,400,401,404,406,407,408,412,417,419,421,426,435,436,440,442,443,444,446,447,448,450,451,452,454,457,465,473,483,485,488,489,492,494,496,503,505,507,517,520,522,524,528,531,536,539,540,541,546,547,550,554,556,561,564,567,568,572,573,577,581,583,586,593,594,597,602,613,614,615,618,622,625,629,637,638,639,640,644,646,647,648,651,655,657,658,660,662,663,664,673,674,675,680,681,682,683,684,690,691,692,702,703
