id	bits.on
0189_0001	19,20,44,56,57,65,71,72,75,89,123,134,138,139,153,155,159,172,173,177,197,210,212,233,235,257,267,269,276,297,300,319,341,347,351,359,364,387,401,405,406,422,432,436,442,443,445,459,461,481,486,487,492,508,524,525,528,550,555,558,566,580,612,625,626,627,629,653,669,678,690,692,710,719,721,727,728,745,755,763,783,795,810,823,843,846,860,871,874,877,881,887,897,898,899,918,935,936,954,960,965,968,974,975,980,990,997,1005
0189_0002	20,94,105,107,113,141,153,207,210,217,231,246,341,440,481,508,530,583,626,727,776,789,940
0189_0004	57,67,76,77,89,109,132,134,137,139,145,153,159,168,173,177,197,209,212,245,266,304,315,317,319,347,351,387,401,405,422,436,442,461,479,486,508,524,544,555,582,588,614,626,631,662,692,699,704,719,743,763,783,787,804,836,866,874,936,954,968,974,980,997
0189_0008	15,20,26,73,89,94,153,162,178,207,250,263,269,323,326,390,401,408,413,457,461,474,487,492,493,508,516,546,570,576,594,626,701,727,750,757,762,770,777,819,829,833,837,855,895,936,948,960
0189_0009	20,31,62,68,94,96,102,107,116,134,141,153,169,207,211,228,265,315,347,387,442,481,487,508,511,550,563,587,626,699,727,776,789,859,887,968,1001
0189_0011	20,94,107,134,141,153,207,343,480,481,508,511,512,626,702,727,953,1001
0189_0013	85,89,134,139,153,159,197,212,245,274,311,326,351,387,390,401,405,442,452,460,461,465,481,508,523,524,560,596,615,626,631,657,681,710,716,719,743,765,807,833,887,928,936,952,968,974
0189_0015	20,94,107,141,153,186,207,387,481,508,533,626,727,776,789,1000,1006
0189_0016	20,51,94,107,141,153,174,207,217,231,270,294,341,353,360,481,504,508,516,545,552,626,643,727,771,776,778,789,986
0189_0018	85,89,134,153,245,311,326,332,351,406,432,442,461,508,528,534,600,626,672,690,704,707,719,795,805,837,906,936
0189_0020	67,77,85,89,132,134,137,139,145,153,159,168,197,209,212,245,304,311,315,317,319,326,351,387,390,401,405,422,436,442,461,479,486,508,524,544,582,614,626,631,662,699,704,710,719,743,783,787,804,836,866,936,968,974
0189_0023	20,84,94,107,141,145,153,207,228,242,254,294,365,481,508,598,626,727,802,948,994
0189_0025	20,94,105,107,141,153,207,217,231,261,327,480,481,508,530,583,626,684,727,752,776,789
0189_0026	89,134,153,207,210,245,252,326,388,390,426,461,464,475,508,534,551,576,626,640,656,676,789,803,873,948,981,1008
0189_0028	20,35,43,85,89,94,153,187,263,311,326,349,351,442,461,474,492,508,516,626,643,647,687,719,727,743,757,762,790,822,936,948,960,974
0189_0031	11,15,20,65,94,107,153,207,323,326,390,508,533,538,562,576,626,646,701,727,839,941,978,1015
0189_0032	15,20,26,39,89,94,187,193,213,502,508,548,570,599,626,675,719,727,819,855,936,974,976
0189_0038	20,94,107,141,153,188,206,207,217,231,310,363,423,481,508,581,626,727,776,789,881,915,948,992,1015
0189_0041	19,56,65,89,134,139,153,155,159,167,172,197,212,244,319,351,387,401,405,422,436,442,461,481,486,524,525,558,566,580,621,625,626,629,653,658,678,690,711,719,728,755,783,785,791,881,887,915,935,936,948,960,968,974,975,990,1015,1017
0189_0042	15,31,85,89,127,134,139,153,185,220,245,283,301,303,311,314,326,340,379,413,430,442,461,477,506,508,524,533,569,575,582,626,638,649,662,671,675,742,806,814,824,874,918,936,948,964,968,974,980
0189_0050	19,20,58,64,94,96,107,134,141,153,207,214,269,272,372,383,389,407,479,481,487,503,508,550,603,615,626,654,662,714,727,762,776,778,786,789,797,812,893,896,968,989
0189_0051	57,76,89,109,134,139,153,159,167,169,173,177,197,212,227,236,245,266,277,285,347,351,361,387,401,434,442,452,461,506,508,524,555,569,588,626,630,657,662,692,719,743,763,766,806,874,936,952,954,968,974,980,997
0189_0056	85,89,134,139,153,159,167,169,197,212,227,236,245,277,285,311,326,351,361,387,390,401,434,442,452,461,506,508,524,569,626,630,657,662,710,719,743,766,806,936,952,968,974
0189_0058	5,20,21,22,56,77,88,94,107,117,134,153,195,207,281,338,366,387,395,405,468,479,481,508,516,530,611,626,655,662,668,727,739,757,787,806,829,866,913,950,968,989
0189_0060	15,20,39,89,94,134,240,328,350,424,456,470,479,508,520,540,545,626,719,727,767,856,920,931,936,938,968,973,1009
0189_0065	4,20,94,107,116,134,141,153,207,480,481,508,511,626,727,743,776,789
0189_0066	15,35,57,89,109,127,128,134,139,153,173,245,266,283,314,346,347,405,413,442,452,460,461,465,481,508,523,524,555,560,588,596,615,626,657,687,692,716,743,763,765,814,816,824,833,887,894,924,928,932,936,952,954,964,968,974,980
0189_0069	19,20,91,93,94,107,134,141,153,207,226,262,270,281,353,369,381,476,481,482,508,515,528,550,601,604,626,640,727,776,789,808,968,977,989
0189_0070	64,67,85,89,120,129,132,134,139,145,153,159,163,168,197,209,212,245,304,309,311,319,326,337,351,387,390,401,405,422,442,461,481,486,506,508,524,582,615,626,631,662,669,710,719,722,743,783,792,860,868,887,889,936,968,974,1004
0189_0072	20,94,107,134,153,207,390,480,493,508,511,626,676,727,784,795,976
0189_0073	20,77,94,107,141,153,207,217,225,231,409,424,436,458,481,508,545,626,727,771,776,778,789,913,929
0189_0076	20,94,107,116,141,153,207,340,341,353,440,481,508,511,626,727,776,779,789
0189_0079	20,94,107,141,153,207,217,231,326,348,481,508,566,626,666,727,776,789,890
0189_0081	15,19,56,57,65,89,109,127,128,134,139,153,172,173,266,283,314,319,347,405,413,422,436,442,461,480,481,486,508,524,525,555,558,566,580,588,625,626,629,678,687,690,692,717,728,743,755,763,781,783,794,814,816,824,887,932,936,954,960,964,968,974,975,980,1021
0189_0083	7,14,20,44,57,71,89,90,123,125,134,138,153,173,177,235,341,347,350,351,392,396,432,442,461,481,487,508,550,555,599,612,626,627,689,692,719,727,763,769,774,794,810,841,842,843,850,854,871,877,881,897,898,899,918,936,952,954,963,968,974
0189_0084	10,11,14,20,26,38,56,64,88,93,94,97,107,134,136,141,152,153,159,202,203,207,231,245,261,274,289,297,306,310,321,357,367,374,393,405,410,426,475,480,481,506,508,511,516,518,530,550,580,582,588,593,606,613,615,625,626,635,655,662,676,727,739,752,789,810,821,860,866,879,887,889,893,896,897,943,968,1005,1017
0189_0089	20,94,128,141,153,186,207,257,270,371,387,478,480,481,508,516,533,626,692,727,776,812,871,872,917,927,941,1006
0189_0093	20,56,64,94,96,107,134,153,207,272,331,372,383,389,402,407,474,479,481,487,503,508,516,550,603,626,647,654,655,662,714,727,739,741,762,778,786,797,812,893,896,948,950,960,968,989
0189_0095	3,20,70,72,85,89,153,166,263,297,311,326,351,441,442,461,474,492,508,516,527,626,627,643,717,719,727,743,762,790,936,942,948,960,974
0189_0096	22,57,76,89,109,153,173,177,187,235,266,279,347,351,442,461,508,555,562,588,626,647,658,692,719,743,763,864,936,954,974,982,986
0189_0097	20,94,107,141,153,165,207,217,231,481,508,515,545,626,727,771,776,778,789,982
0189_0099	15,31,35,85,89,127,134,139,153,245,283,311,314,326,346,405,413,430,442,452,460,461,465,481,508,523,524,560,596,615,626,657,716,742,765,814,824,833,887,894,924,928,936,952,964,968,974,980
0189_0101	57,72,76,89,109,123,147,153,166,173,177,266,284,347,351,442,461,481,491,508,555,588,626,687,692,700,719,743,763,817,818,936,945,954,963,974,1008
0189_0103	15,20,39,89,94,134,164,176,240,242,245,303,338,378,401,456,508,513,540,626,656,727,799,920,936,953,968,1009
0189_0107	20,39,49,94,107,141,153,171,207,266,481,508,527,545,626,727,776,789,802,948
0189_0108	60,64,85,87,89,153,260,311,316,326,329,347,351,402,410,442,461,471,523,562,626,689,719,743,789,936,946,974
0189_0110	20,64,83,94,96,107,134,141,153,176,207,272,343,372,383,389,407,479,481,487,503,508,550,603,626,654,662,702,711,714,727,762,766,778,786,797,812,893,896,906,968,989
0189_0111	14,20,94,107,138,139,141,153,207,451,481,508,531,548,626,663,667,727,747,776,789
0189_0112	20,21,82,94,107,141,153,203,207,217,231,261,347,430,475,480,481,485,508,530,544,545,626,640,727,752,776,789,797,850,950,1019,1022
0189_0115	52,89,134,206,207,242,245,278,346,390,461,508,534,543,582,606,626,650,667,683,684,719,828,850,906,936,953,978,979
0189_0117	20,56,94,107,141,153,158,174,207,217,231,278,311,481,508,584,621,626,727,776,789,835,838,906,948
0189_0120	72,85,89,153,166,187,311,326,351,442,461,481,553,626,647,687,719,743,746,757,830,839,893,917,936,967,974
0189_0123	15,39,81,85,87,89,111,142,153,183,205,311,326,363,442,460,461,607,626,686,719,721,743,757,936,964,974
0189_0124	19,20,77,83,94,107,110,134,141,153,207,275,319,340,347,384,405,422,430,472,481,508,524,626,686,727,776,789,823,824,948,965,968,989
0189_0125	15,153,207,300,323,326,390,538,576,626,638,657,674,701,775,880,918,943,944
0189_0126	15,20,80,89,94,134,199,201,245,264,411,429,508,554,626,662,677,727,772,842,954,1022
0189_0133	4,35,50,63,67,85,89,94,127,132,134,137,139,145,153,159,175,197,209,212,304,311,316,319,326,351,352,387,390,401,405,422,442,461,524,576,626,631,675,686,710,719,743,772,783,801,804,814,924,936,948,968,974,982
0189_0134	15,31,85,89,127,134,139,153,167,169,236,245,277,283,311,314,326,413,430,434,440,442,452,461,506,508,524,569,620,626,657,662,742,764,766,806,814,824,936,952,964,968,974,980
0189_0135	15,20,32,69,89,94,199,411,437,438,508,587,626,662,676,677,727,776,818,936,964
0189_0136	20,94,134,160,177,195,252,304,366,387,395,405,445,469,479,508,510,551,611,626,662,727,787,850,968,973
0189_0137	20,31,62,68,94,96,102,107,116,134,141,153,169,207,211,228,265,315,347,387,442,481,487,508,511,550,563,587,626,699,727,776,789,859,887,968,1001
0189_0138	15,20,80,89,94,134,199,201,245,264,411,429,508,554,626,662,677,727,772,842,954,1022
0189_0144	20,77,94,107,141,153,207,217,225,231,409,424,436,458,481,508,545,626,727,771,776,778,789,913,929
0189_0145	20,57,84,89,134,138,139,153,159,173,177,197,210,212,245,257,267,269,274,300,347,351,364,387,401,402,405,430,442,445,452,460,461,465,481,492,508,523,524,540,555,560,596,600,615,626,631,657,681,692,700,716,718,719,763,765,807,833,846,860,874,877,887,911,919,928,932,936,948,952,954,965,968,974,980,994,997
0189_0156	20,93,94,107,141,153,202,207,217,231,259,261,341,463,481,508,545,626,642,659,698,704,727,756,771,776,778,789,833,915
0189_0158	22,29,89,179,197,200,247,260,408,461,562,565,612,626,647,716,719,720,768,936,948,974
0189_0160	20,56,94,107,153,207,231,261,367,480,508,516,530,604,626,655,727,752,812,869,893,948,961,994,998
0189_0161	20,77,94,107,141,153,207,231,301,343,436,481,508,509,605,626,643,702,727,778,836,877,913
0189_0162	85,89,96,103,125,132,134,139,153,159,164,197,212,223,245,307,311,319,326,337,351,368,387,388,390,401,405,422,442,461,506,508,524,582,585,626,631,645,662,696,710,719,727,731,743,783,848,867,936,968,974,981,990,1007
0189_0164	13,15,20,22,38,56,88,89,100,117,134,150,153,170,175,190,195,201,207,211,213,237,245,264,307,331,341,347,371,384,387,391,395,397,405,411,415,429,479,481,508,516,524,554,611,615,645,646,662,727,739,749,772,787,814,835,842,866,914,942,968,984,989,1009,1022
0189_0165	57,76,89,109,134,139,153,159,173,177,197,212,245,266,274,347,351,387,401,405,442,452,460,461,465,481,508,523,524,555,560,588,596,615,626,631,657,681,692,716,719,743,763,765,807,833,874,887,928,936,952,954,968,974,980,997
0189_0166	20,67,94,107,134,153,207,331,364,398,480,508,511,516,626,727,927,948,994,998,1021
0189_0167	11,20,65,80,83,94,107,187,207,390,508,538,620,626,628,646,727,917,978,988,1015
0189_0168	19,20,65,88,94,107,117,127,134,141,153,195,207,387,395,405,479,481,508,562,626,662,727,776,787,789,866,968,989,1022
0189_0170	20,56,94,107,153,207,263,279,293,341,353,440,481,508,511,516,626,647,655,727,737,739,762,797,948,960,981
0189_0171	15,20,32,89,94,199,233,237,262,276,404,411,427,438,473,508,626,662,677,727,772,876,889,924
0189_0172	22,57,76,89,109,153,173,177,187,235,266,279,347,351,442,461,508,555,562,588,626,647,658,692,719,743,763,864,936,954,974,982,986
0189_0182	20,56,94,107,134,153,207,263,480,508,511,516,564,626,647,655,672,727,739,762,797,857,948,960,981
0189_0185	15,50,57,64,67,70,89,109,120,127,128,129,131,132,134,139,153,163,168,173,245,266,283,309,314,319,337,347,405,413,422,442,461,481,486,506,508,524,555,582,588,615,626,631,662,669,687,692,743,763,783,791,792,814,816,824,853,860,868,887,889,932,936,954,964,968,974,980
0189_0186	20,44,57,67,71,72,75,77,89,123,132,134,137,139,145,153,159,168,173,177,197,209,212,235,245,257,269,276,297,300,304,315,317,319,341,347,351,359,364,387,401,405,406,422,432,436,442,443,461,475,479,481,486,487,492,508,524,528,544,550,555,582,603,612,614,626,627,631,662,669,692,699,704,719,721,727,745,763,783,787,795,804,810,836,843,860,866,871,874,881,897,898,899,900,918,936,954,968,974,980,997,1005
0189_0187	11,19,20,56,65,89,134,138,139,141,153,155,159,172,197,202,207,212,231,261,264,319,333,344,351,387,398,401,405,422,436,438,442,461,481,486,508,524,525,558,566,580,625,626,629,653,671,678,684,690,700,719,727,728,755,776,783,813,822,840,860,887,905,935,936,948,955,960,968,974,975,980,990
0189_0188	11,20,37,55,57,65,87,94,107,153,207,266,274,292,347,390,508,533,538,588,626,646,692,701,727,757,758,763,941,954,978,1015
0189_0191	19,56,57,65,76,89,109,134,139,153,155,159,172,173,177,197,212,266,319,347,351,387,401,405,422,436,442,461,481,486,508,524,525,555,558,566,580,588,625,626,629,653,678,690,692,719,728,743,755,763,783,874,887,935,936,954,960,968,974,975,980,990,997
0189_0192	11,15,20,65,94,107,153,207,323,326,390,508,533,538,562,576,626,646,701,727,839,941,978,1015
0189_0196	3,15,26,134,222,245,286,298,314,368,385,461,498,499,508,626,701,765,788,819,855,912,948,973,1012
0189_0204	15,50,57,64,67,70,79,89,120,121,127,128,129,131,132,134,139,153,163,168,173,245,269,283,300,309,314,319,337,347,364,405,413,422,442,461,475,481,486,492,506,508,524,525,555,566,582,588,615,626,631,662,669,687,692,763,783,791,792,814,824,853,860,868,887,889,932,936,954,964,968,974,980
0189_0206	20,71,94,107,153,207,326,390,508,575,576,626,727,784,976
0189_0208	19,20,94,107,141,153,207,217,225,231,269,409,481,508,545,547,606,626,700,718,727,771,776,778,789,833,919,932,948
0189_0211	15,24,57,60,67,85,87,89,153,206,229,282,300,311,326,347,410,442,461,508,527,562,588,599,626,692,719,743,894,936,954,974
0189_0215	57,70,76,89,109,153,173,177,202,205,249,266,279,297,347,351,442,461,508,555,562,579,588,626,692,707,719,723,743,763,894,936,954,974
0189_0217	20,138,153,207,266,387,390,434,508,511,526,575,615,626,627,682,700,707,725,727,779,833,919,932,948
0189_0219	20,94,107,126,141,153,207,292,347,481,498,508,544,626,686,727,762,776,789,861,886,948,977,989
0189_0220	15,57,89,109,127,128,134,139,153,173,185,220,245,266,283,301,303,314,340,347,379,413,442,461,477,506,508,524,533,555,569,575,582,588,626,638,649,662,671,675,687,692,743,763,806,814,816,824,874,918,932,936,948,954,964,968,974,980
0189_0221	15,19,56,65,89,134,139,146,152,155,168,172,212,251,252,267,269,288,318,319,369,401,405,422,427,436,461,481,486,508,524,525,539,540,547,557,558,566,580,625,626,629,653,678,690,691,711,719,728,741,747,754,755,769,783,816,817,887,936,960,968,974,975,979,990,1009
0189_0222	19,24,47,56,57,60,65,66,85,87,89,134,139,153,155,159,172,173,177,197,212,257,269,300,311,319,326,347,351,364,387,401,402,405,410,422,436,442,461,475,481,486,492,508,523,524,525,527,555,558,562,565,566,580,625,626,629,653,678,689,690,692,719,728,743,755,763,783,826,860,874,887,894,900,915,935,936,954,960,964,968,974,975,980,990,997
0189_0223	20,37,57,75,114,153,207,236,266,274,278,291,292,325,326,347,383,390,507,508,538,588,620,626,665,692,701,727,757,758,763,898,954
0189_0224	19,24,56,57,65,89,109,134,139,153,155,167,172,173,212,266,287,319,347,369,387,401,405,415,422,436,442,461,467,481,486,499,508,524,525,555,558,566,580,588,595,599,625,626,629,653,660,678,690,692,719,728,743,749,755,761,763,783,887,925,936,954,960,968,974,975,980,990
0189_0225	19,20,91,94,107,134,138,141,153,207,226,270,281,304,353,412,417,453,474,481,482,508,515,528,550,626,640,657,697,710,727,766,776,789,808,819,937,968,971,977,989
0189_0226	77,134,153,207,254,270,278,279,326,350,390,481,550,620,626,629,640,647,676,733,810,813,849,947,968
0189_0228	24,47,57,60,66,85,87,89,134,139,153,159,167,169,173,177,197,212,227,229,236,245,257,269,277,282,285,300,311,326,347,351,361,364,387,401,410,434,442,452,461,475,492,506,508,524,527,555,562,565,569,626,630,657,662,692,719,743,763,766,806,826,860,874,894,900,915,936,952,954,964,968,974,980,997
0189_0237	15,31,50,64,67,70,85,89,120,127,129,131,132,134,139,153,163,168,245,283,309,311,314,319,326,337,405,413,422,430,442,461,481,486,506,508,524,582,615,626,631,662,669,742,783,791,792,814,824,853,860,868,887,889,936,964,968,974,980
0189_0239	20,62,124,128,138,140,153,171,207,224,272,283,306,319,347,358,370,387,434,437,497,508,511,526,530,556,575,627,640,662,700,727,733,748,755,778,781,826,827,833,918,919,948,994
0189_0245	20,34,57,76,89,109,134,139,153,159,173,177,197,212,266,319,321,341,342,347,351,384,387,401,405,422,432,442,461,481,508,524,555,578,588,626,652,678,692,719,727,740,743,746,763,783,842,874,887,936,954,968,974,975,980,987,997
0189_0248	15,48,64,67,89,120,129,132,134,139,145,146,152,163,168,212,245,252,267,269,288,304,309,318,319,337,369,401,405,422,427,461,481,486,506,508,524,525,539,540,547,557,582,615,626,631,662,669,691,711,719,722,741,747,754,769,783,792,816,817,860,868,887,889,936,968,974,979,1004,1009
0189_0250	20,57,77,94,107,141,153,207,266,292,347,396,438,481,508,588,626,692,715,727,757,763,776,789,861,954
0189_0251	19,20,51,52,56,65,69,81,89,94,107,121,134,139,141,153,155,159,172,197,206,207,212,217,231,310,319,351,363,387,401,405,417,422,436,442,461,481,486,508,524,525,540,558,566,580,621,625,626,629,653,658,678,690,701,711,719,727,728,755,776,783,789,819,887,915,935,936,960,968,974,975,990,1017
0189_0252	20,77,94,107,141,153,207,217,231,235,436,481,508,545,626,688,727,771,776,778,789,877,913
0189_0257	20,57,94,144,153,154,223,259,280,341,355,421,480,481,508,553,596,603,626,670,692,697,704,727,780,783,880,915,916,948,954
0189_0265	15,31,85,89,153,197,268,283,311,326,413,442,461,587,626,767,769,936,964,974,1007
0189_0269	20,56,62,69,94,105,107,112,128,129,141,153,207,217,231,242,257,270,274,279,283,334,342,354,363,365,366,474,480,481,494,508,516,530,556,583,626,674,680,692,727,736,739,755,757,776,778,786,789,812,824,826,829,871,915,917,923,927,947,948,994
0189_0271	57,64,67,76,89,109,120,129,132,134,139,145,153,159,163,168,173,177,197,209,212,245,266,304,309,319,337,347,351,387,401,405,422,442,461,481,486,506,508,524,555,582,588,615,626,631,662,669,692,719,722,743,763,783,792,860,868,874,887,889,936,954,968,974,980,997,1004
0189_0272	20,94,107,207,247,370,508,516,626,657,686,727,739,762,797,802,948,960,973
0189_0275	72,85,89,107,153,166,187,222,311,326,351,442,461,481,626,637,647,687,715,719,743,746,757,830,893,936,974
0189_0277	20,94,101,128,134,153,171,207,266,272,280,347,480,497,508,511,526,626,627,700,727,733,762,791,833,886,919,948,993,1019
0189_0282	57,76,89,109,134,139,153,159,173,177,197,212,245,266,274,347,351,387,401,405,442,452,460,461,465,481,508,523,524,555,560,588,596,615,626,631,657,681,692,716,719,743,763,765,807,833,874,887,928,936,952,954,968,974,980,997
0189_0284	19,56,65,89,126,134,139,155,159,172,212,260,319,367,382,401,405,422,436,461,481,486,524,525,558,566,580,625,626,629,647,653,678,690,719,728,755,783,878,887,936,948,960,968,974,975,989,990,998
0189_0285	20,56,94,105,107,128,129,141,153,186,207,217,231,257,270,357,365,366,387,480,481,508,516,530,583,626,674,692,706,727,739,757,776,789,812,829,834,871,917,927,947,952,1006
0189_0286	49,153,207,300,323,326,390,576,626,701,758,775,808
0189_0287	15,20,94,107,141,153,176,207,302,323,326,346,390,481,508,533,538,562,576,616,626,701,727,734,815,926
0189_0289	15,19,31,56,65,85,89,127,134,139,153,172,283,311,314,319,326,405,413,422,430,436,442,461,480,481,486,524,525,558,566,580,625,626,629,678,690,717,728,742,755,781,783,794,814,824,887,936,960,964,968,974,975,980,1021
0189_0291	20,70,85,89,140,151,153,229,263,282,297,311,326,442,461,474,492,508,510,516,527,548,556,626,627,719,727,743,762,790,900,936,948,960,974
0189_0295	20,56,94,107,153,186,207,387,403,508,516,626,647,655,706,727,739,762,797,863,948,960,1006
0189_0296	57,67,76,77,89,109,132,134,137,139,145,153,159,168,173,177,197,209,212,245,266,304,315,317,319,347,351,387,401,405,422,436,442,461,479,486,508,524,544,555,582,588,614,626,631,662,692,699,704,719,743,763,783,787,804,836,866,874,936,954,968,974,980,997
0189_0297	20,94,118,144,145,153,207,270,313,326,360,390,423,467,480,482,502,508,516,530,535,541,554,626,669,681,688,727,752,763,857,888,917,948,977
0189_0303	88,117,134,141,153,195,207,326,365,387,395,405,423,479,481,557,576,625,626,662,787,819,866,867,960,968,989
0189_0304	15,57,89,109,127,128,134,139,153,173,185,220,245,266,283,301,303,314,340,347,379,413,442,461,477,506,508,524,533,555,569,575,582,588,626,638,649,662,671,675,687,692,743,763,806,814,816,824,874,918,932,936,948,954,964,968,974,980
0189_0309	19,56,65,85,89,134,139,153,155,159,172,197,212,311,319,326,351,387,390,401,405,422,436,442,461,481,486,524,525,558,566,580,625,626,629,653,678,690,710,719,728,743,755,783,887,935,936,960,968,974,975,990
0189_0313	11,20,65,80,94,107,207,390,412,489,508,538,620,626,646,727,978,988,992,1015
0189_0316	7,18,85,89,147,153,200,216,229,260,284,300,311,323,326,347,442,454,461,467,493,554,557,562,582,588,590,617,621,626,628,703,711,719,743,793,835,851,936,956,974
0189_0321	15,19,56,65,89,134,139,146,152,155,168,172,212,251,252,267,269,288,318,319,369,401,405,422,427,436,461,481,486,508,524,525,539,540,547,557,558,566,580,625,626,629,653,678,690,691,711,719,728,741,747,754,755,769,783,816,817,887,936,960,968,974,975,979,990,1009
0189_0323	15,20,32,33,89,94,194,216,438,508,560,626,645,662,677,727,742,776,818,936,964
0189_0331	20,37,43,56,69,94,107,153,188,207,231,278,330,337,363,387,508,516,536,581,626,655,727,811,850,881,915,948,992,996,1015
0189_0337	20,94,107,126,134,151,153,207,209,259,295,316,341,382,480,481,508,511,626,727,756,847,917,995,999
0189_0338	19,20,65,88,94,107,117,127,134,141,153,195,207,387,395,405,479,481,508,562,626,662,727,776,787,789,866,968,989,1022
0189_0340	20,57,94,144,153,154,223,259,280,341,355,421,480,481,508,553,596,603,626,670,692,697,704,727,780,783,880,915,916,948,954
0189_0345	5,20,56,77,94,107,134,153,207,221,247,274,281,319,326,338,366,387,395,405,434,468,481,508,516,524,530,576,626,630,655,668,686,727,739,757,829,913,925,947,948,950,968,986,989
0189_0347	20,77,94,107,141,153,166,207,217,221,231,301,334,390,481,508,626,727,776,779,789,849,861,969,1020
0189_0349	2,20,56,57,128,129,131,138,140,153,207,216,231,233,254,257,270,296,297,366,375,387,399,419,422,438,508,516,530,575,586,612,674,727,739,757,771,781,829,917,929,947,948,994
0189_0352	34,134,153,154,207,224,226,227,279,350,353,369,381,390,476,515,516,539,550,626,640,647,658,659,802,867,904,906,934,940,948,968,998
0189_0359	26,57,77,89,134,139,153,159,163,173,177,197,212,245,257,269,274,300,347,351,364,387,401,405,430,442,452,460,461,463,465,475,481,492,508,523,524,555,560,596,603,610,615,626,631,657,665,681,692,716,719,763,765,807,833,860,874,887,900,913,928,936,952,954,968,974,980,997
0189_0364	22,57,76,89,109,153,173,177,187,266,270,347,351,442,461,508,555,588,626,647,692,719,743,763,935,936,954,974,982,986
0189_0366	72,85,89,153,166,179,187,229,232,311,326,442,461,481,553,626,647,651,687,719,743,746,830,839,936,967,974
0189_0368	57,118,153,207,266,292,311,326,347,390,474,508,576,588,626,692,757,763,779,900,926,954,955
0189_0369	4,8,16,20,23,24,26,52,54,57,59,69,85,89,101,105,120,121,123,132,134,135,138,139,143,153,159,169,171,172,174,178,179,207,209,220,221,222,227,231,244,247,267,269,270,278,283,297,311,312,319,326,332,341,347,348,360,362,366,367,377,384,393,394,395,396,405,409,413,414,420,422,440,442,461,467,468,479,481,485,486,491,498,499,508,513,515,516,524,530,532,540,544,567,571,588,596,607,608,615,617,619,626,631,635,652,653,659,661,665,675,678,690,715,717,719,727,735,736,738,749,760,772,776,779,780,783,786,802,803,816,817,826,828,832,835,854,856,865,869,877,880,889,902,911,912,929,936,940,941,948,951,954,961,964,968,974,990,995,997,1006,1008,1018
0189_0370	20,80,94,107,134,141,207,270,342,350,458,459,481,484,508,550,562,620,626,627,640,647,676,727,733,947,968
0189_0371	20,56,94,107,153,207,291,326,508,516,576,589,626,647,655,727,739,762,792,797,948,960
0189_0374	22,24,44,57,69,85,89,153,160,291,311,326,339,347,351,435,442,461,508,541,562,588,599,626,666,689,692,708,719,743,908,936,954,974
0189_0375	35,43,70,72,86,89,134,139,146,153,166,177,215,217,236,297,347,351,442,461,481,508,555,573,608,609,626,662,687,719,777,872,917,936,963,974,994
0189_0377	12,20,95,138,315,387,508,514,516,551,575,727,817,850,853,878,904,948,992,1021
0189_0379	85,89,134,153,245,311,326,332,351,406,432,442,461,508,528,534,600,626,672,690,704,707,719,795,805,837,906,936
0189_0382	15,20,25,26,36,61,72,85,89,102,129,134,139,141,148,153,205,211,222,233,245,255,305,315,326,350,351,357,358,399,408,413,469,499,508,513,517,523,527,566,603,610,626,640,681,704,727,730,755,766,768,772,774,790,801,819,822,836,852,855,862,898,926,936,948,968,1009,1019,1022
0189_0390	20,94,177,265,469,508,511,551,626,727,850
0189_0395	1,15,20,25,26,44,49,60,85,86,87,89,134,144,146,197,214,222,236,274,280,285,297,311,318,347,357,377,381,393,456,467,471,473,499,508,516,530,540,542,560,566,597,609,614,626,654,692,700,702,711,727,738,755,762,772,801,816,820,840,843,849,902,923,948,968,984
0189_0401	19,20,24,64,87,94,107,113,134,141,153,158,207,215,270,328,414,481,482,508,515,528,533,626,640,727,733,776,789,820,904,968,989,1003
0189_0402	20,22,94,96,107,124,134,145,167,169,207,311,358,390,421,487,508,550,601,626,647,727,968,973,978
0189_0407	20,21,94,134,141,148,177,188,226,268,304,353,369,371,381,430,469,476,508,510,515,550,551,598,626,640,712,727,735,825,850,968
0189_0410	20,56,62,94,96,107,134,145,153,207,230,270,421,487,508,516,550,558,588,626,647,655,727,731,739,741,762,797,820,948,950,960,968,978,989,992
0189_0412	20,64,96,134,141,153,207,256,269,272,287,341,372,383,389,407,479,481,487,503,508,530,550,601,603,615,654,662,714,727,762,776,778,786,797,812,893,896,947,968,989
0189_0419	4,20,94,95,134,141,148,177,188,201,226,268,304,347,353,362,469,508,510,515,549,550,551,626,640,666,705,712,727,735,778,825,850,858,931,948,968,990,999
0189_0420	4,5,15,20,26,35,39,49,60,64,76,85,87,89,94,118,120,128,152,153,159,163,170,180,207,222,228,231,252,270,278,281,285,290,309,316,326,351,366,368,391,401,408,420,424,437,439,480,499,501,508,516,524,530,552,584,594,602,609,626,664,690,726,727,753,758,759,772,802,818,860,871,927,936,948,949,964,976,999,1009
0189_0424	4,15,20,26,39,60,71,76,85,87,89,94,120,128,153,159,163,170,207,215,222,223,231,252,270,278,285,290,316,366,370,391,398,401,424,437,439,480,491,499,501,503,508,516,524,530,580,584,594,602,609,614,626,664,690,697,726,727,758,759,772,801,802,818,860,871,909,915,927,936,948,964,967,972,976
0189_0446	15,20,25,26,36,72,85,89,102,129,134,141,146,148,153,182,205,211,222,233,245,255,305,315,347,350,351,357,358,372,399,408,413,421,469,499,508,513,517,523,527,544,566,603,610,626,681,704,727,730,746,755,762,766,768,772,774,782,790,801,810,819,822,836,852,855,862,886,936,948,968,975,989,1009,1019,1022
0189_0450	19,20,24,38,87,94,107,134,141,147,153,158,190,207,215,256,260,270,307,319,347,389,481,482,508,515,528,550,579,605,616,620,626,640,676,727,733,744,776,789,812,871,904,945,947,968,989,1003
0189_0451	20,94,177,265,469,508,511,551,626,727,850
0189_0464	10,45,89,134,153,188,207,210,245,267,287,326,390,426,460,461,464,508,534,573,576,582,626,656,676,827,873,1022
0189_0475	20,89,94,134,153,169,245,260,264,391,462,473,480,497,508,530,547,553,556,606,626,662,727,752,757,778,781,803,829,904,907,942,948,954,976,981,1008
0189_0489	60,96,129,134,145,278,300,304,421,481,487,491,508,514,550,578,627,741,825,829,850,881,968,1010
0189_0496	20,39,49,56,61,94,107,153,207,255,500,508,516,527,555,626,647,655,687,727,739,762,797,802,948,960
0189_0501	20,115,138,144,153,302,326,373,387,504,508,512,517,575,609,626,632,666,727,767,830,842,948,977,999
0189_0504	20,94,211,406,469,486,508,626,627,692,719,727,755,762,850,904,948
0189_0523	15,18,20,79,89,94,134,153,190,245,264,356,381,429,480,497,508,510,530,547,553,562,605,623,626,651,662,671,683,719,726,727,752,773,778,789,795,803,827,835,946,972,976,981,1008
0189_0533	10,89,117,134,153,188,207,245,267,280,326,363,390,400,461,464,508,534,563,573,576,582,626,656,794,824,827,873
0189_0534	26,85,89,94,139,153,162,167,232,269,311,326,350,442,461,557,623,626,646,698,719,829,855,893,936
0189_0535	15,26,89,130,139,153,180,212,232,326,413,435,461,557,564,623,626,635,698,705,711,719,741,765,783,851,855,936
0189_0536	15,153,207,300,323,326,390,452,495,538,576,626,701,775,781,918,1018
0189_0537	15,153,207,300,323,326,390,452,495,538,576,626,701,775,781,918,1018
0189_0539	22,85,89,153,187,197,212,218,268,311,326,351,442,461,562,612,626,647,689,719,743,757,936,974
0189_0542	1,26,39,60,85,87,89,94,139,153,162,174,183,270,287,311,313,326,347,351,385,402,410,442,461,464,486,496,499,523,551,557,562,626,689,719,743,753,829,868,936,974,1015
0189_0543	76,85,89,147,153,229,284,300,311,326,442,461,539,562,582,617,626,690,719,743,764,851,936,974
0189_0544	85,89,147,153,261,284,311,326,351,442,461,539,562,582,617,626,689,690,719,743,851,936,974,1009
0189_0545	4,22,74,89,108,138,153,197,294,311,326,382,461,562,596,612,615,626,647,719,925,936,974,998
0189_0546	15,153,207,323,326,390,533,538,562,576,626,701,702
0189_0547	22,46,54,60,85,87,89,153,177,187,209,229,235,266,279,282,300,311,326,347,351,410,434,442,450,461,471,555,562,626,647,658,719,729,732,743,864,884,936,974,986,994
0189_0548	15,153,207,268,300,323,326,390,533,538,562,576,580,626,638,701,775,918,944
0189_0549	7,18,60,64,85,87,89,132,140,147,153,260,284,311,326,347,351,402,410,442,461,467,471,512,523,554,562,588,626,689,715,719,727,743,789,835,851,888,936,962,974,979
0189_0550	4,15,26,31,37,39,89,139,151,153,212,263,280,326,390,414,440,461,475,549,557,626,711,719,797,809,855,877,936
0189_0551	48,52,89,118,134,153,207,210,242,245,257,259,326,346,390,461,508,534,576,582,590,606,626,667,676,719,906,936,978
0189_0552	15,153,207,278,323,326,390,508,538,576,594,626,631,650,684,701,707,817,819,850,885
0189_0553	7,27,70,85,89,93,153,200,202,216,260,292,297,300,311,326,347,351,442,454,461,467,493,554,557,562,590,602,621,626,689,711,719,743,835,889,935,936,956,974,986
0189_0554	15,26,39,61,72,89,118,139,153,212,263,280,326,414,448,461,475,492,620,626,659,711,719,797,809,855,898,919,936
0189_0555	153,207,300,326,390,538,576,577,626,775,878,918,941
0189_0556	15,30,39,89,95,208,393,439,461,577,602,612,626,647,685,711,719,765,782,809,936
0189_0557	15,18,30,39,89,142,325,374,393,461,577,602,626,647,685,711,719,782,809,936,986
0189_0558	26,43,46,54,60,85,87,89,94,139,153,209,263,311,326,347,351,402,410,412,414,442,450,461,471,493,523,549,555,557,562,574,626,672,689,719,729,732,743,755,829,855,936,937,974,979,994
0189_0560	20,64,87,153,173,234,269,280,361,419,530,532,537,625,663,667,698,756,757,762,847,850,896,948,1014
0189_0561	20,72,94,134,141,177,188,261,304,469,508,510,550,551,620,626,640,676,712,720,727,733,741,763,825,850,947,968
0189_0563	1,15,26,29,49,60,68,85,87,89,92,134,160,222,231,251,257,276,285,315,325,359,398,415,447,453,467,482,499,514,515,550,566,602,621,626,634,640,648,653,676,733,748,769,772,811,830,879,908,931,936,939,947,948,968,1022
0189_0566	20,50,62,64,138,146,153,154,254,283,312,361,387,405,423,481,497,508,530,556,558,575,599,662,685,727,755,778,781,826,850,864,948,994
0189_0569	15,20,26,49,60,72,76,85,87,89,94,108,153,163,182,205,207,215,222,223,231,252,261,285,290,316,340,401,424,437,480,499,503,508,530,566,594,609,613,626,632,690,697,705,710,727,752,759,772,801,802,818,851,852,860,879,887,909,936,948,964,969,976,987,1015,1022
0189_0574	20,50,62,64,94,153,154,283,312,361,391,480,481,497,508,530,556,558,599,626,662,727,752,755,778,781,803,826,850,864,918,948,976,994
0189_0578	20,21,91,93,94,107,134,139,141,147,148,153,163,207,226,227,230,262,270,281,304,347,353,369,371,381,390,430,456,473,476,497,508,515,550,551,598,601,626,640,712,717,727,735,737,808,825,828,850,852,968,976,977,989,1006
0189_0580	15,20,25,26,36,61,72,82,85,89,129,134,139,141,148,153,222,245,250,255,291,305,311,315,316,326,343,351,357,358,399,408,446,452,499,508,513,566,595,603,626,681,727,755,768,772,801,836,852,855,862,875,888,898,900,926,944,948,968,969,978,1019,1022
0189_0581	4,15,20,26,43,45,60,80,89,92,99,119,146,153,159,163,207,222,231,236,243,270,285,288,290,314,316,328,343,360,366,372,401,414,437,451,456,479,482,492,499,508,516,530,536,540,544,566,567,609,618,626,637,641,660,690,698,727,759,772,802,806,808,818,846,851,936,948,949,950,952,964,970,1022
0189_0582	20,50,62,64,138,146,153,154,163,283,312,361,387,398,405,423,481,497,508,530,556,558,575,599,662,727,755,778,826,850,864,918,948,994
0189_0584	19,20,24,38,87,94,100,107,134,141,153,158,173,190,207,215,226,256,260,270,274,307,319,347,353,366,374,389,481,482,488,508,515,528,550,578,579,626,640,727,733,744,765,776,789,812,855,904,968,989,1003
0189_0585	34,62,141,153,207,225,231,283,285,313,326,387,390,394,399,481,556,576,626,662,674,679,701,755,778,781,826,877,948,994
0189_0592	20,50,51,64,94,153,172,186,295,312,321,391,396,441,480,481,508,522,530,586,588,611,626,715,727,741,752,778,804,850,897,948,976,994
0189_0597	13,15,25,26,32,43,49,60,66,67,76,89,119,134,138,148,153,166,198,207,220,222,231,279,285,295,312,318,351,356,467,499,503,515,525,540,552,583,609,626,660,664,667,690,712,743,755,759,772,778,793,794,802,818,832,835,860,890,893,896,904,936,948,964,968,976,990,992,1022
0189_0602	15,20,66,89,120,134,153,161,165,172,184,196,245,251,254,300,302,309,312,324,343,347,453,498,508,515,522,549,611,630,640,717,727,760,772,786,804,815,850,914,938,948,994,1022
0189_0608	5,15,20,26,35,39,49,60,64,76,85,87,89,94,118,120,152,153,163,170,180,182,207,222,228,231,252,261,281,285,290,316,326,351,368,370,391,401,408,420,424,437,480,499,508,530,552,594,602,609,626,664,690,710,726,727,752,753,758,759,772,802,818,860,936,948,949,964,976,999,1009
0189_0609	13,20,29,38,49,59,76,89,96,119,134,153,183,200,201,207,220,231,242,245,272,280,327,332,400,419,467,468,487,508,515,530,540,550,605,654,688,689,691,714,733,757,762,773,774,778,787,802,827,840,850,855,884,904,906,912,945,948,968,992
0189_0619	20,94,96,134,141,145,177,188,304,421,469,487,491,508,510,550,551,626,720,727,741,825,829,850,911,968,1010
0189_0620	20,50,62,64,94,153,154,283,312,361,391,480,481,497,508,530,556,558,599,626,662,727,752,755,778,781,803,826,850,864,918,948,976,994
0189_0623	15,19,25,26,44,49,60,76,85,87,89,106,134,144,153,205,207,214,215,222,223,231,274,285,295,311,318,351,357,373,400,430,431,473,499,503,540,566,583,594,613,626,654,660,690,692,700,755,759,772,774,778,801,802,808,816,818,840,841,849,860,886,890,894,909,936,948,964,968,976,977,984,999,1023
0189_0624	20,50,62,64,138,146,153,154,283,312,361,387,398,405,423,481,497,508,530,556,558,575,599,662,727,755,778,781,826,850,864,918,948,994
0189_0625	15,19,20,25,26,44,49,60,64,76,82,85,87,89,134,144,153,205,207,214,215,222,223,231,274,285,295,311,318,331,351,357,361,460,473,499,503,520,540,555,566,583,594,613,626,654,660,663,690,692,698,700,755,757,759,762,772,774,801,802,816,818,840,841,849,850,860,894,909,936,948,968,976,984
0189_0626	15,16,20,25,26,49,60,72,85,87,89,116,134,141,148,153,182,222,245,255,258,280,285,291,297,311,315,347,351,357,371,393,399,400,452,471,477,499,508,513,544,560,566,581,595,603,727,746,751,755,762,768,772,801,821,836,849,875,886,908,944,948,968,969,971,989,1019,1022
0189_0627	20,50,62,64,96,153,154,183,207,283,292,308,312,326,347,361,370,390,474,481,497,508,530,542,544,556,558,576,599,625,626,636,640,662,727,748,755,778,779,781,807,826,845,850,864,918,948,994,1019
0189_0629	20,62,96,153,183,207,283,292,308,326,347,370,372,390,433,474,497,508,530,542,544,552,556,576,625,626,640,662,727,748,755,778,779,781,826,918,948,994,1019
0189_0632	15,20,21,25,26,36,61,72,85,89,117,129,134,139,141,148,153,208,216,222,245,255,302,305,313,315,326,351,357,358,399,401,408,449,458,472,499,508,513,566,603,626,627,648,649,681,713,727,733,749,751,755,768,772,782,801,836,852,855,862,898,926,948,968,973,1019,1022
0189_0634	15,20,25,26,49,72,85,87,89,97,119,134,141,148,153,211,222,233,245,255,258,280,285,315,326,351,357,371,393,399,413,467,469,499,506,508,513,517,557,560,566,580,603,610,626,704,727,736,755,766,768,772,774,819,821,822,836,866,898,936,948,950,964,968,977,1009,1019,1022
