id	bits.on
0014_00001	10,11,12,19,179,180,256,284,285,287,333,334,342,345,353,356,357,371,372,375,385,417,421,431,433,435,442,444,447,471,491,517,521,525,536,553,557,565,571,579,580,583,585,596,598,600,604,609,619,635,641,661,665,669,678,679,680,685,689,693,697,705,709,710,711
0014_00002	10,11,12,13,15,19,20,21,144,145,179,180,186,187,193,194,284,285,286,287,300,309,333,334,335,336,340,342,345,346,347,352,353,366,367,375,381,391,393,394,407,421,440,441,444,452,453,529,536,537,541,567,572,580,583,593,603,614,618,638,644,646,647,657,660,680,681,684,685,689,690,691,693,697,698,699,700,702,705,709,710,711,712,713,777,778,798,799,819,820,840,861
0014_00003	10,11,12,13,15,19,20,21,144,145,179,180,186,187,193,194,284,285,286,287,300,309,333,334,335,336,340,342,345,346,347,352,353,366,367,375,381,391,393,394,407,421,440,441,444,452,453,529,536,537,541,567,572,580,583,593,603,614,618,638,644,646,647,657,660,680,681,684,685,689,690,691,693,697,698,699,700,702,705,709,710,711,712,713,777,778,798,799,819,820,840,861
0014_00004	10,11,12,13,15,19,20,21,284,285,286,287,333,340,342,345,346,347,352,353,366,367,375,381,391,392,406,421,441,444,453,536,541,567,580,582,583,593,614,615,616,638,640,643,660,680,681,683,685,686,689,690,693,697,699,705
0014_00005	10,11,12,13,15,19,20,21,31,284,285,286,287,309,315,333,340,342,345,346,347,352,353,366,367,375,391,392,406,407,408,412,426,457,541,567,568,572,583,615,638,640,660,663,664,680,681,689,690,697,699
0014_00006	10,11,12,13,15,19,20,21,34,144,145,179,180,186,187,193,194,284,285,286,287,294,300,309,333,334,335,336,340,342,345,346,347,350,352,353,354,366,367,369,375,391,393,394,407,409,415,421,440,444,452,458,459,460,466,529,536,541,572,580,583,593,614,618,638,644,646,647,657,680,681,684,685,689,690,691,693,697,698,699,700,702,705,709,710,711,712,713,777,778,798,799,819,820,840,861
0014_00007	10,11,12,15,16,17,19,20,21,284,285,286,287,300,309,333,339,341,345,346,352,353,366,376,381,391,393,394,407,419,421,441,444,451,453,454,488,529,536,537,541,567,580,581,583,593,603,614,618,638,639,644,657,660,681,684,685,692,696
0014_00008	10,11,12,13,15,19,20,21,31,284,285,286,287,309,315,333,340,342,345,346,347,352,353,366,367,375,381,391,392,406,407,408,412,417,421,426,435,441,442,444,447,453,457,491,517,525,536,541,557,567,568,572,580,583,600,615,638,640,641,660,661,663,664,679,680,681,685,689,690,693,697,699,705
0014_00009	10,11,12,13,15,19,20,21,31,284,285,286,287,309,315,333,340,342,345,346,347,352,353,366,367,375,381,391,392,406,407,408,412,417,421,426,435,441,442,444,447,453,457,491,517,525,536,541,557,567,568,572,580,583,600,615,638,640,641,660,661,663,664,679,680,681,685
0014_00010	10,11,12,13,15,19,20,21,144,145,179,180,186,187,193,194,284,285,286,287,300,309,333,334,335,336,340,342,345,346,347,352,353,366,367,375,381,391,393,394,407,421,440,441,444,452,453,529,536,537,541,567,572,580,583,593,603,614,618,638,644,646,647,657,660,680,681,684,685,689,690,693,697,698,699,700,705,709,710,711,712,713,777,778,798,799,819,820,840,861
0014_00011	10,11,12,13,19,20,284,285,287,309,333,340,342,345,347,353,367,375,381,407,421,441,444,453,536,572,580,582,583,618,638,640,643,680,681,685,689,690,693,697,699,705
0014_00012	10,11,12,13,15,19,284,285,286,287,300,333,345,352,353,375,394,417,421,435,440,442,444,447,452,491,517,525,536,557,580,583,593,600,641,644,661,679,680,684,685,689,693,697,705
0014_00013	10,11,12,13,15,19,20,21,31,284,285,286,287,300,309,315,333,339,340,341,342,345,346,347,352,353,366,367,375,391,393,394,407,408,412,417,421,426,435,440,442,444,447,452,457,491,517,525,529,536,541,557,567,572,574,580,583,593,600,614,618,620,638,640,641,644,646,647,657,660,661,668,679,680,684,685,689,693,697,705
0014_00014	10,11,12,13,19,20,21,144,145,179,180,186,187,193,194,284,285,287,309,333,334,335,336,340,342,345,347,353,367,375,381,407,421,441,444,453,536,572,580,583,618,638,680,681,682,685,689,690,693,697,698,699,700,705,709,710,711,712,713,777,778,798,799,819,820,840,861
0014_00015	10,11,12,13,19,20,21,144,145,179,180,186,187,193,194,284,285,287,309,333,334,335,336,340,342,345,347,353,367,375,381,407,417,421,431,435,441,442,444,447,453,491,525,536,554,557,572,574,583,600,618,620,638,641,661,668,672,673,679,680,681,689,690,691,697,698,699,700,702,709,710,711,712,713,777,778,798,799,819,820,840,861
0014_00016	10,11,12,15,16,19,20,34,179,180,256,284,285,286,287,294,300,306,333,334,339,341,342,345,346,352,353,354,356,357,366,371,372,375,384,385,394,415,417,421,431,433,435,442,444,447,458,460,466,471,484,491,517,521,525,529,532,533,536,537,553,557,565,571,579,580,583,585,593,596,600,604,609,619,635,641,644,661,665,669,678,679,680,684,685,689,693,709,710,711,716,779
0014_00017	10,11,12,13,15,19,20,21,284,285,286,287,333,340,342,345,346,347,352,353,366,367,375,381,391,392,406,417,421,435,441,442,444,447,453,491,517,525,536,541,557,567,580,582,583,593,600,614,615,616,638,640,641,643,660,661,679,680,681,683,685,686,689,690,693,697,699,705
0014_00018	10,11,12,13,15,16,19,20,179,180,186,187,256,258,284,285,286,287,300,333,334,339,341,345,346,352,353,356,357,366,371,372,381,385,391,393,394,417,421,431,435,440,441,442,444,447,452,453,471,491,517,521,525,529,536,537,541,553,557,565,567,570,571,579,580,583,585,593,596,600,603,604,608,609,612,614,619,635,638,641,644,646,647,657,660,661,665,669,678,679,680,681,684,685,689,690,693,697,699,705,709,710,711
0014_00019	10,11,12,19,20,284,285,287,309,333,345,347,353,367,381,407,417,418,421,428,435,441,442,444,447,453,461,491,517,525,554,557,572,574,600,620,641,661,668,672,673,679
0014_00020	10,11,12,15,19,20,21,284,285,286,287,333,340,342,345,346,347,352,353,366,367,375,381,391,392,406,421,441,444,453,536,541,567,580,582,583,593,614,615,616,638,640,643,660,680,681,683,685,686,689,690,693,697,699,705
0014_00021	10,11,12,13,15,19,20,21,284,285,286,287,333,340,342,345,346,347,352,353,366,367,375,381,391,392,406,421,441,444,453,536,541,567,580,582,583,593,614,615,616,638,640,643,660,680,681,683,685,686,689,690,693,697,699,705
0014_00022	10,11,12,13,14,15,16,17,19,20,21,144,146,147,149,150,151,153,154,156,157,158,165,256,257,258,259,284,285,286,287,300,309,333,334,341,345,352,353,356,357,358,359,375,377,381,385,388,391,393,394,397,400,401,404,407,417,419,421,431,432,435,438,440,441,442,443,444,447,450,452,453,454,465,471,473,483,491,496,503,507,517,521,524,525,528,531,536,539,540,546,550,553,554,556,557,565,571,578,579,580,583,585,586,593,594,596,601,604,608,609,614,618,619,629,634,635,638,641,644,646,657,658,661,665,666,669,672,678,679,680,681,684,685,689,690,692,693,696,697,698,699,700,703,704,705,708,709,710,711,713
0014_00023	10,11,15,16,19,20,284,285,286,287,300,309,333,345,346,352,353,366,376,381,391,394,407,419,421,441,444,451,453,454,488,536,581,618,639
0014_00024	10,11,12,13,15,19,20,21,284,285,286,287,333,340,342,345,346,347,352,353,366,367,375,381,391,392,406,417,421,435,441,442,444,447,453,491,517,525,536,541,557,567,580,582,583,593,600,614,615,616,638,640,641,643,660,661,679,680,681,683,685,686,689,690,693,697,699,705
0014_00026	10,11,12,13,19,20,284,285,287,309,333,345,353,375,381,407,417,421,435,441,442,444,447,453,491,517,525,536,557,580,583,600,618,638,641,661,679,680,681,685,689,690,693,697,699,705
0014_00027	10,11,15,19,20,21,22,31,284,285,286,287,300,309,315,333,340,342,345,346,347,352,353,366,367,368,381,394,406,408,412,421,426,449,453,457,529,567,568,640,644,663
0014_00028	10,11,12,13,14,15,16,17,19,20,21,144,146,147,149,150,151,153,154,156,157,158,165,256,257,258,259,284,285,286,287,300,309,333,334,339,341,345,346,352,353,356,357,358,359,366,375,377,381,385,388,391,393,394,397,400,401,404,407,417,419,421,431,432,435,438,440,441,442,443,444,447,450,452,453,454,465,471,473,483,491,496,503,507,517,521,524,525,528,529,531,536,539,540,541,546,550,553,554,556,557,565,571,578,579,580,583,585,586,593,594,596,601,604,608,609,614,618,629,634,635,638,641,644,646,647,657,658,661,665,666,669,672,678,679,680,681,684,685,689,690,692,693,696,697,698,699,700,703,704,705,708,709,710,711,713
