id	bits.on
0003_00001	25,43,54,77,78,84,90,91,95,100,104,106,111,118,119,123,131,139,142,147,151,153,154,155,156,157,158,159,161,164
0003_00002	39,40,48,51,53,55,58,60,61,67,69,73,82,84,88,90,97,100,102,104,106,111,112,124,130,131,132,136,138,139,146,147,148,151,153,155,158,159,161,164
0003_00003	37,43,54,77,82,84,90,91,95,100,104,106,110,111,117,118,123,131,136,139,142,146,147,151,153,154,155,156,157,158,159,161,164
0003_00004	38,54,65,77,79,80,83,84,96,98,105,120,121,131,133,135,137,142,151,156,158,161,162,163,165
0003_00005	37,38,43,53,54,65,77,79,80,83,89,92,95,96,97,98,105,106,110,113,117,120,121,127,131,136,137,142,143,146,151,154,156,159,161,162,163,164,165
0003_00006	37,43,53,65,77,80,89,92,97,98,106,110,113,117,120,121,127,131,136,137,142,143,151,154,156,159,161,162,163,164,165
0003_00007	54,84,86,88,90,91,93,95,104,111,115,116,123,131,139,147,151,153,154,155,156,157,158,159,160,161,164
0003_00008	54,83,90,91,92,95,96,104,110,111,117,121,123,127,131,132,136,137,139,143,146,147,151,154,156,157,158,159,161,164,165
0003_00009	37,53,54,57,62,65,72,75,77,80,82,83,85,89,90,91,92,95,96,97,98,106,109,110,113,117,120,121,122,127,131,132,133,136,137,139,140,142,143,144,146,148,150,151,152,153,154,155,156,157,158,159,161,162,163,164,165
0003_00010	54,84,90,95,104,111,113,123,127,131,139,143,146,151,152,154,155,156,157,158,159,161,162,163,164,165
0003_00011	38,53,54,57,62,65,72,75,77,79,80,82,83,84,85,89,90,91,92,95,96,97,98,105,109,110,117,120,121,122,127,131,132,133,135,137,139,140,142,143,146,148,150,151,152,153,155,156,157,158,159,161,162,163,164,165
0003_00012	38,53,54,57,62,65,72,75,77,79,80,82,83,85,89,90,91,92,95,96,97,98,105,109,110,113,117,120,121,122,127,131,132,133,137,139,140,142,143,146,148,150,151,152,153,154,155,156,157,158,159,161,162,163,164,165
0003_00013	54,74,84,90,95,104,111,115,123,131,139,149,151,154,155,156,157,158,159,160,161,164
0003_00014	54,84,90,91,95,114,115,123,131,139,149,151,154,155,156,157,158,159,160,161,164
0003_00015	53,89,123,131,136,139,140,146,154,157,159,160,164
0003_00016	90,91,104,118,123,131,132,136,139,140,146,147,154,155,157,159,164
0003_00017	54,84,90,95,104,111,123,131,139,151,154,155,156,157,158,159,161,162,163,164,165
0003_00018	90,91,104,118,123,129,131,132,136,139,140,146,147,154,155,157,159,164
0003_00019	54,65,83,84,90,91,95,96,104,105,111,121,123,131,137,139,142,151,154,155,156,157,158,159,161,162,163,164,165
0003_00020	54,82,92,95,100,104,110,117,123,131,132,136,139,146,151,153,154,155,156,157,158,159,161,162,163,164,165
0003_00021	54,72,99,113,123,127,131,139,140,143,144,146,150,152,154,157,159,162,163,164,165
0003_00022	104,123,132,139,154,155,157,159,162,163,164,165
0003_00023	90,91,104,118,123,128,129,131,132,136,139,140,146,147,154,155,157,159,164
0003_00024	54,72,90,104,123,131,132,139,146,152,154,155,157,159,162,163,164,165
0003_00025	90,91,104,118,123,128,129,131,132,136,139,140,146,147,154,155,157,159,164
0003_00026	26,50,53,66,72,76,82,89,90,91,96,99,104,105,108,109,112,115,116,118,127,128,129,131,132,136,139,140,143,145,146,147,149,150,152,153,154,155,157,159,160,163,164,165
0003_00027	39,40,48,51,53,55,58,60,61,66,67,69,73,82,88,90,91,92,96,97,100,102,104,105,106,108,110,111,112,115,116,117,118,124,127,128,129,130,131,132,136,138,139,140,141,143,145,146,147,148,149,150,151,152,153,154,155,156,157,158,159,160,161,163,164,165
0003_00028	54,66,82,90,91,92,95,96,100,104,105,108,110,111,112,115,116,117,118,123,127,128,129,131,132,136,139,140,141,143,145,146,147,149,150,151,152,153,154,155,156,157,158,159,160,161,163,164,165
0003_00029	66,90,91,96,104,105,108,112,115,116,118,123,127,128,129,131,132,139,140,141,143,145,146,147,149,150,152,154,155,157,159,160,163,164,165
0003_00030	66,90,91,96,104,105,108,112,115,116,118,123,127,128,129,131,132,139,140,141,143,145,146,147,149,150,152,154,155,157,159,160,163,164,165
0003_00031	66,90,91,96,104,105,108,112,115,116,118,123,127,128,129,131,132,139,140,141,143,145,146,147,149,150,152,154,155,157,159,160,163,164,165
0003_00032	29,30,48,49,72,74,85,86,89,93,95,100,102,104,106,108,109,111,112,114,115,116,118,122,123,124,126,128,129,130,132,136,138,139,140,141,146,147,148,149,152,153,154,155,157,158,159,160,161,164
0003_00033	29,30,48,49,72,74,85,86,89,93,95,99,100,102,104,106,108,109,111,112,114,115,116,118,122,123,124,126,128,129,130,132,136,138,139,140,141,146,147,148,149,152,153,154,155,157,158,159,160,161,164
0003_00034	37,38,53,54,65,72,75,77,79,80,82,85,89,90,91,92,95,97,98,100,104,105,106,109,110,113,117,120,121,122,127,128,131,132,136,137,138,139,140,142,143,144,145,146,148,149,150,151,152,153,154,155,156,157,158,159,160,161,162,163,164,165
0003_00035	26,50,53,66,72,76,82,89,90,91,96,99,104,105,108,109,112,115,116,118,127,128,129,131,132,136,139,140,143,145,146,147,149,150,152,153,154,155,157,159,160,163,164,165
0003_00036	54,82,83,90,91,95,96,100,104,111,118,121,123,131,137,139,147,151,153,154,156,157,158,159,161,164,165
0003_00037	54,65,75,77,79,80,83,84,85,90,93,95,96,104,108,111,120,121,122,123,131,137,139,142,148,151,154,155,156,157,158,159,160,161,162,164,165
0003_00038	84,123,131,133,135,139,151,154,156,157,158,159,161,162,163,164,165
0003_00039	37,38,65,75,77,79,80,83,85,89,92,93,95,96,97,98,105,106,110,113,117,120,121,122,127,136,137,141,142,143,144,148,149,150,154,156,158,159,160,161,162,163,164,165
0003_00040	38,53,54,57,62,65,72,75,77,79,80,82,83,84,85,89,90,91,92,95,96,97,98,105,109,110,117,120,121,122,127,131,132,133,135,137,139,140,142,143,146,148,150,151,152,153,155,156,157,158,159,161,162,163,164,165
0003_00041	25,38,43,53,54,57,62,65,72,75,77,79,80,82,83,84,85,89,90,91,92,95,96,97,98,105,106,109,110,113,117,120,121,122,127,131,132,133,135,137,139,140,142,143,146,148,150,151,152,153,154,155,156,157,158,159,161,162,163,164,165
0003_00042	37,53,54,57,62,65,72,75,77,80,82,83,85,89,90,91,92,95,96,97,98,106,109,110,113,117,120,121,122,127,131,132,133,136,137,139,140,142,143,144,146,148,150,151,152,153,154,155,156,157,158,159,161,162,163,164,165
0003_00043	38,53,57,62,65,72,75,77,79,80,82,83,84,85,89,90,91,92,96,97,98,104,105,109,110,111,117,120,121,122,127,128,129,131,132,133,135,137,139,142,143,146,148,150,151,152,153,155,156,157,158,159,161,162,163,164,165
0003_00044	37,53,57,62,65,72,75,77,80,82,83,85,89,90,91,92,96,97,98,104,106,109,110,111,113,117,120,121,122,127,128,129,131,132,133,136,137,139,140,142,143,144,146,148,150,151,152,153,154,155,156,157,158,159,160,161,162,163,164,165
0003_00045	38,53,57,62,65,72,75,77,79,80,82,83,84,85,89,90,92,93,95,96,97,98,105,109,110,117,120,121,122,126,127,131,132,133,135,137,139,140,142,143,146,148,150,151,152,153,155,156,157,158,159,160,161,162,163,164,165
0003_00046	54,84,90,95,104,111,123,131,139,151,154,155,156,157,158,159,161,162,163,164,165
0003_00047	54,84,90,95,104,111,113,123,127,131,139,143,146,151,152,154,155,156,157,158,159,161,162,163,164,165
0003_00048	54,65,83,84,90,91,95,96,104,105,111,121,123,131,137,139,142,151,154,155,156,157,158,159,161,162,163,164,165
0003_00049	54,65,79,82,83,90,91,95,96,98,100,104,105,111,120,121,123,129,131,137,139,142,144,145,151,153,154,156,157,158,159,161,162,163,164,165
0003_00050	54,84,86,88,90,91,93,95,104,108,111,115,116,118,123,128,129,131,139,147,151,153,154,155,156,157,158,159,160,161,164
0003_00051	54,84,86,88,90,91,93,95,104,108,111,115,116,118,123,128,129,131,139,147,151,153,154,155,156,157,158,159,160,161,164
0003_00052	54,79,82,84,90,91,92,95,100,104,110,111,117,123,128,131,132,136,139,142,146,151,153,154,155,156,157,158,159,161,162,163,164,165
0003_00053	54,79,82,84,90,92,95,100,104,110,111,117,123,128,131,132,136,139,142,146,151,153,154,155,156,157,158,159,161,162,163,164,165
0003_00054	54,74,79,84,90,92,95,104,110,111,115,117,123,131,136,139,141,142,146,149,151,154,155,156,157,158,159,160,161,164
0003_00055	74,75,79,83,84,85,90,91,92,95,96,100,104,110,111,115,117,118,121,122,123,128,131,136,137,139,142,146,147,148,149,150,151,153,154,155,156,157,158,159,160,161,164,165
0003_00056	54,74,79,84,90,92,95,104,110,111,113,115,117,123,127,131,136,139,140,142,143,146,149,151,152,154,155,156,157,158,159,160,161,162,163,164,165
0003_00057	54,79,84,90,91,92,95,104,110,111,113,114,115,117,123,127,131,136,139,140,142,143,146,149,151,152,154,155,156,157,158,159,160,161,162,163,164,165
0003_00058	54,74,79,84,90,92,95,104,110,111,113,115,117,123,127,131,136,139,140,142,143,146,149,151,152,154,155,156,157,158,159,160,161,162,163,164,165
0003_00059	54,74,79,84,90,92,95,104,110,111,117,123,131,136,139,142,146,149,151,154,155,156,157,158,159,160,161,162,163,164,165
0003_00060	54,74,79,84,90,92,95,104,110,111,117,123,131,136,139,142,146,149,151,154,155,156,157,158,159,160,161,162,163,164,165
0003_00061	54,79,84,90,91,92,95,110,114,115,117,123,131,136,139,141,142,146,149,151,154,155,156,157,158,159,160,161,164
0003_00062	54,74,79,84,90,91,92,95,104,110,111,114,115,117,123,131,136,139,141,142,146,149,151,154,155,156,157,158,159,160,161,164
0003_00063	54,74,79,84,90,91,92,95,104,110,111,114,115,117,123,131,136,139,141,142,146,149,151,154,155,156,157,158,159,160,161,164
0003_00064	54,74,79,84,90,92,95,104,110,111,115,117,123,131,136,139,141,142,146,149,151,154,155,156,157,158,159,160,161,164
0003_00065	54,79,84,90,91,92,95,104,110,111,114,115,117,123,131,136,139,142,146,149,151,154,155,156,157,158,159,160,161,162,163,164,165
0003_00066	54,79,84,90,91,92,95,104,110,111,114,115,117,123,131,136,139,142,146,149,151,154,155,156,157,158,159,160,161,162,163,164,165
0003_00067	54,74,79,84,90,92,95,104,110,111,115,117,123,131,136,139,142,146,149,151,154,155,156,157,158,159,160,161,162,163,164,165
0003_00068	54,74,79,84,90,92,95,104,110,111,115,117,123,131,136,139,142,146,149,151,154,155,156,157,158,159,160,161,162,163,164,165
0003_00069	47,51,60,61,67,73,78,86,88,93,100,102,108,111,115,116,118,119,124,128,129,132,138,147,148,153,155,158,160,161,164
0003_00070	53,65,80,82,83,84,90,91,96,100,105,121,131,137,142,151,153,155,156,158,161,162,163,165
0003_00071	53,65,80,82,83,84,90,91,93,96,97,100,105,113,121,126,127,131,137,142,143,151,152,153,155,156,157,158,160,161,162,163,164,165
0003_00072	13,24,65,71,75,80,82,83,84,93,94,96,100,102,105,113,121,122,124,126,127,137,142,143,148,151,153,155,156,157,158,160,161,162,163,164,165
0003_00073	53,65,83,96,97,105,113,121,127,131,137,139,143,151,152,154,156,157,159,161,162,163,164,165
0003_00074	53,65,83,96,97,105,113,121,127,131,137,139,143,151,152,154,156,157,159,161,162,163,164,165
0003_00075	53,65,83,96,97,105,121,123,131,137,139,151,154,156,157,159,161,162,163,164,165
0003_00076	53,54,57,72,82,89,90,91,93,98,99,109,113,123,126,127,131,132,137,138,139,140,143,144,145,146,150,152,153,155,157,159,160,162,163,164,165
0003_00077	53,54,57,72,82,89,90,91,93,98,99,109,113,123,126,127,131,132,137,138,139,140,143,144,145,146,149,150,152,153,155,157,159,160,162,163,164,165
0003_00078	57,62,72,82,83,89,91,93,96,109,113,125,126,127,128,129,131,137,138,139,140,143,144,145,146,149,150,152,153,155,157,159,160,162,163,164,165
0003_00079	54,57,72,89,98,105,113,123,125,127,131,137,139,140,143,144,145,146,150,152,154,157,159,162,163,164,165
0003_00080	57,72,89,93,98,105,113,123,125,126,127,137,139,140,143,144,145,146,150,152,154,157,159,160,162,163,164,165
0003_00081	53,54,57,72,82,89,90,91,98,105,109,113,120,123,125,126,127,131,132,137,139,140,143,144,145,146,150,152,153,154,155,157,159,162,163,164,165
0003_00082	53,54,57,72,82,89,90,91,93,98,105,109,113,120,123,125,126,127,131,132,137,139,140,143,144,145,146,150,152,153,154,155,157,159,160,162,163,164,165
