id	bits.on
0113_00001	15,73,81,89,116,128,134,149,175,237,272,371,380,385,393,405,419,453,487,524,550,585,633,666,679,683,686,725,743,772,929,948,958,968
0113_00002	20,48,57,62,84,124,138,140,153,167,171,207,267,283,292,306,308,320,347,358,370,429,430,497,508,530,540,542,544,556,565,600,625,640,648,662,663,698,700,718,727,734,746,747,748,755,763,778,781,826,833,857,877,911,918,919,921,932,948,954,994,1019
0113_00003	20,26,48,57,62,77,124,140,153,163,167,171,207,221,283,292,306,308,324,347,358,370,430,442,447,463,481,492,497,508,530,542,544,556,565,622,625,626,640,647,648,662,663,692,698,727,748,755,763,778,781,784,826,857,913,918,948,954,994,1019
0113_00004	4,35,50,63,67,89,94,127,132,134,137,139,153,163,175,199,207,244,311,316,319,326,327,330,369,374,405,422,461,524,576,626,631,638,675,680,686,719,720,772,783,791,797,801,814,877,919,924,936,948,963,968,974,982
0113_00005	20,44,123,134,158,235,341,369,432,481,487,508,550,577,590,657,708,727,790,810,843,881,897,898,899,917,948,968
0113_00006	15,63,96,134,155,265,301,466,481,487,546,550,577,616,657,699,725,739,781,837,887,890,933,935,968,975
0113_00007	10,108,134,189,245,311,346,394,416,452,479,485,508,662,744,766,968,1022
0113_00008	63,67,94,134,143,199,317,319,360,363,405,422,458,479,515,517,524,550,576,600,614,662,666,675,686,693,787,948,968,982,984,1017
0113_00009	20,35,77,134,153,247,273,319,356,387,395,405,481,524,576,686,786,862,913,925,947,948,968,986
0113_00010	20,94,153,259,261,341,480,481,488,508,530,563,626,659,698,704,727,752,756,778,833,914,915,976,1020
0113_00011	15,20,94,96,134,144,225,245,272,371,420,456,487,503,506,508,513,533,542,550,553,591,626,654,662,672,714,727,731,741,786,797,803,866,899,968,983
0113_00012	20,29,50,52,64,94,107,118,134,141,153,207,322,354,372,383,479,481,506,508,515,522,541,550,626,635,640,654,662,676,727,762,778,797,812,833,849,893,896,921,947,951,968,974,989
0113_00013	35,83,134,173,220,245,248,317,374,385,405,421,422,481,506,508,557,622,662,668,686,738,887,948,958,968
0113_00014	6,14,19,44,56,65,89,124,134,139,153,163,172,192,244,281,306,319,369,374,405,415,422,436,461,464,481,486,524,525,558,566,580,625,626,629,638,678,680,690,719,728,755,783,791,881,887,915,919,936,948,959,960,968,974,975,1015,1017
0113_00015	62,134,317,344,370,405,422,479,481,486,511,580,662,678,690,691,729,750,787,806,828,887,905,944,960,968,989,1006
0113_00016	19,24,44,54,56,57,65,73,89,124,125,132,134,139,153,163,165,170,172,192,256,269,300,302,311,319,326,327,330,339,346,347,364,369,374,405,412,422,435,436,461,464,466,475,481,486,492,508,524,525,555,558,562,565,566,580,600,625,626,629,638,660,678,680,686,690,692,719,728,755,763,783,785,787,791,887,900,905,915,919,936,954,959,960,968,974,975,988
0113_00017	20,75,77,153,259,261,341,424,436,481,527,659,671,698,704,715,756,778,833,913,915
0113_00018	15,20,79,89,94,121,134,153,172,245,264,301,374,381,422,479,480,493,497,508,528,530,547,553,562,626,647,660,662,709,727,743,752,773,778,789,803,887,913,952,972,976,981,1003,1008,1023
0113_00019	20,77,88,94,107,117,122,134,153,195,207,281,285,310,338,366,387,389,395,405,479,481,508,516,530,551,602,626,662,668,673,727,739,757,787,866,913,938,965,968,989,999
0113_00020	153,326,626,666,700,718,833,916,919,932,948
0113_00021	15,63,109,134,157,201,245,439,506,508,524,526,662,675,686,727,741,849,940,948
0113_00022	65,70,89,118,134,136,138,139,153,171,245,252,311,326,330,335,338,374,388,405,443,452,460,461,465,467,480,481,508,512,523,524,539,560,596,615,626,657,690,716,727,765,791,816,833,886,887,919,928,952,968,974,1009,1012,1020
0113_00023	26,54,57,65,70,89,134,138,139,153,163,210,211,245,256,267,269,302,347,364,369,374,405,406,412,430,452,454,459,460,461,465,481,492,497,508,520,523,524,540,555,560,596,600,615,626,638,657,680,692,700,716,718,719,763,765,785,791,823,833,846,877,887,919,928,932,936,948,952,954,965,968,974,976,994
0113_00024	47,134,195,203,245,270,405,422,481,506,508,552,578,587,604,662,668,686,789,887,899,914,968
0113_00025	15,19,54,56,57,65,89,122,134,139,153,161,172,266,318,319,347,349,361,405,422,436,445,446,452,461,481,486,508,524,525,555,558,566,580,584,588,625,626,629,678,690,692,693,728,743,755,760,763,783,784,791,836,850,887,920,930,936,954,960,964,968,974,975,1019
0113_00026	8,20,89,94,134,153,245,260,264,350,374,386,391,460,473,480,484,488,497,508,530,547,553,556,613,626,662,704,727,728,752,778,803,860,948,976,981,1008
0113_00027	44,48,74,105,134,220,317,366,367,405,406,408,422,479,515,532,596,599,662,686,744,787,795,797,948,968,1018
0113_00028	10,11,14,20,26,38,64,88,93,94,107,113,134,136,141,152,153,159,199,203,207,231,245,247,261,274,289,297,306,310,321,349,357,374,383,393,405,410,426,461,475,480,481,506,508,511,512,516,518,530,550,580,582,593,602,606,613,615,625,626,635,662,673,676,727,739,752,789,821,860,866,879,887,889,893,897,943,960,968,1017
0113_00029	20,94,153,156,259,261,268,313,341,480,481,508,626,651,659,727,756,862
0113_00030	64,134,142,196,206,245,317,405,422,453,479,481,506,508,509,512,517,545,582,615,652,662,743,755,787,795,860,869,887,889,968,984
0113_00031	4,15,32,64,67,89,120,129,132,134,139,146,163,168,238,244,245,252,269,288,309,319,326,337,369,383,405,422,461,481,486,506,508,524,525,532,539,540,582,598,615,626,631,634,662,669,701,711,719,783,792,797,815,816,860,868,876,887,889,905,908,919,936,952,968,974,979,1009
0113_00032	77,88,115,117,134,153,195,356,387,395,405,479,481,545,662,669,786,787,913,968
0113_00033	134,154,245,308,317,405,422,479,508,509,512,517,582,662,743,755,787,834,866,948,968,984,1013
0113_00034	20,96,107,134,153,248,272,341,372,383,389,429,440,479,481,487,495,503,508,516,522,550,603,654,662,684,714,727,762,778,786,797,812,893,896,968
0113_00035	67,77,89,132,134,137,139,153,163,168,199,207,244,245,311,317,319,326,327,330,369,374,405,422,436,461,479,486,508,524,544,582,614,626,631,638,662,680,699,704,719,720,783,787,791,797,831,836,866,919,936,963,968,974
0113_00036	20,77,94,107,111,122,134,153,207,247,281,285,310,319,326,338,366,387,395,405,408,481,508,516,524,530,576,602,626,629,668,673,686,727,739,757,827,913,925,947,948,968,986,989,999
0113_00037	20,62,124,138,140,153,171,207,272,283,306,338,347,358,370,387,423,434,497,508,511,526,530,536,556,575,627,640,662,700,727,748,755,778,781,826,827,833,888,916,918,919,948,994
0113_00038	20,138,153,197,207,301,387,390,434,508,511,526,575,626,627,700,707,727,754,779,831,833,919,932,948
0113_00039	88,117,134,141,153,173,180,195,207,266,326,365,387,395,405,423,479,481,557,576,626,662,787,866,867,968,989
0113_00040	20,64,96,134,141,153,182,200,207,272,341,372,383,389,407,479,481,487,503,508,550,582,596,601,603,635,654,662,714,727,762,778,786,797,812,893,896,916,951,968,989
0113_00041	20,52,72,94,107,118,134,141,153,182,207,270,281,424,481,508,550,558,620,626,635,640,676,697,727,733,819,947,968,970,989
0113_00042	38,67,71,91,134,178,202,205,220,223,245,289,298,306,352,367,368,371,405,455,494,506,508,515,551,553,582,613,648,655,662,663,727,948,950,968,981,1018
0113_00043	20,104,107,134,153,155,199,257,260,270,272,330,333,347,360,372,383,421,425,479,505,508,515,516,522,541,549,550,591,595,633,654,662,704,727,762,778,786,797,812,813,833,843,896,940,948,960,968
0113_00044	20,193,259,341,423,481,661,756,948
0113_00045	20,77,118,153,270,272,360,364,424,436,480,481,508,516,630,632,633,643,727,762,778,913,948,960
0113_00046	20,29,50,104,134,153,155,257,270,272,354,360,372,383,425,479,508,515,516,522,541,550,595,615,626,633,640,654,662,676,727,762,778,786,797,812,813,833,843,849,893,896,940,947,948,960,968,974
0113_00047	20,77,94,107,153,167,180,207,225,231,424,436,458,481,504,508,512,516,602,613,626,637,673,727,739,762,778,797,897,913,948,960
0113_00048	20,94,107,131,134,153,207,257,259,330,341,382,480,481,505,508,511,626,727,751,756,785,829,999,1008
0113_00049	19,20,138,141,153,207,225,231,269,381,387,438,441,481,508,606,635,700,718,727,778,782,833,912,919,932,937,948,971
0113_00050	20,81,116,123,134,170,272,341,385,393,405,432,481,487,508,550,585,725,727,850,880,897,898,922,968
0113_00051	96,134,153,255,272,360,372,383,389,425,479,487,503,516,522,550,603,654,662,697,714,762,778,786,797,802,812,813,891,893,896,940,948,968,998,1000
0113_00052	14,20,79,94,107,118,128,141,145,153,163,207,231,250,254,257,270,284,285,366,403,480,481,508,516,530,586,626,627,635,673,690,692,727,739,757,869,871,917,927,948,984,994,1015
0113_00053	20,21,94,107,118,120,141,153,207,231,250,291,313,347,402,430,475,480,481,485,508,530,544,545,626,635,640,727,752,797,850,950,1019,1022
0113_00054	57,153,266,347,378,430,508,540,566,588,600,626,692,700,718,763,833,919,932,948,954,981,994
0113_00055	38,48,64,88,103,134,245,274,289,394,405,424,449,481,506,508,511,580,582,585,605,609,615,617,640,662,726,821,860,866,887,889,937,943,968
0113_00056	85,134,268,317,366,385,393,405,408,422,479,486,511,580,581,662,691,741,772,787,796,797,905,968,994
0113_00057	63,96,122,131,134,183,219,223,258,398,405,408,487,494,550,577,580,585,605,682,725,765,876,935,968,1012
0113_00058	105,119,131,134,153,166,184,207,211,220,221,240,245,253,262,310,326,367,390,394,399,400,403,405,411,423,467,489,495,506,508,515,524,525,532,538,576,582,585,596,607,615,616,626,647,658,662,668,697,704,710,746,841,874,892,919,928,934,948,968,1006,1018,1024
0113_00059	29,50,77,134,142,153,293,354,356,372,383,465,479,481,515,522,541,550,615,626,640,654,662,676,762,778,786,797,812,813,833,849,893,896,913,940,947,968,974
0113_00060	14,20,62,69,94,107,110,118,128,141,145,153,159,207,231,242,250,257,270,274,283,284,285,327,342,354,363,366,380,403,440,474,480,481,508,516,530,556,626,627,635,673,680,690,692,727,739,755,757,778,826,871,878,915,917,923,927,948,984,994
0113_00061	54,57,84,138,142,153,207,267,292,320,326,347,390,422,429,430,474,508,540,576,600,626,700,718,734,763,779,833,845,877,911,919,921,932,948,954,955,994
0113_00062	62,105,111,141,142,153,207,225,231,283,326,360,390,399,420,481,496,556,576,626,662,704,755,778,781,794,826,870,917,948,994
0113_00063	20,50,57,62,64,84,138,153,154,207,249,267,283,292,312,320,322,347,360,361,366,376,390,400,411,428,429,430,481,497,508,516,530,540,556,558,599,600,626,662,690,698,700,718,724,727,729,734,739,755,757,758,763,778,781,826,833,850,864,877,892,903,911,918,919,921,932,936,945,948,954,970,977,994,1007
0113_00064	45,77,92,139,146,153,236,413,481,508,609,626,913
0113_00065	41,93,95,134,153,182,201,202,220,227,234,257,285,326,347,393,400,405,408,436,476,481,482,512,535,539,568,569,580,605,613,621,626,666,675,678,687,719,758,773,786,821,826,843,853,887,922,948,968,1016
0113_00066	36,75,134,317,370,403,405,422,479,486,511,523,559,580,609,662,691,748,750,787,828,852,905,915,927,948,960,968,989,1006,1015
0113_00067	15,20,26,88,89,117,134,147,153,163,175,190,195,201,207,237,245,253,264,340,341,347,369,371,376,387,389,395,397,405,415,456,479,481,488,508,515,516,518,524,554,584,590,647,662,672,673,715,727,739,749,772,777,787,864,866,884,934,938,942,968,981,989,1022
0113_00068	20,94,134,160,177,195,252,304,366,387,395,405,445,469,479,508,510,551,611,626,662,727,787,850,968,973
0113_00069	98,134,188,206,223,240,245,249,317,405,422,479,506,508,517,532,580,582,654,662,727,778,787,884,950,968,981,984,1012
