id	bits.on
0261_00001	10,11,12,19,20,38,39,179,180,256,284,285,287,295,309,333,342,343,345,347,353,356,363,367,371,372,381,382,383,385,406,407,417,421,435,441,442,444,447,453,463,471,477,491,499,502,504,506,517,521,525,538,542,543,549,551,552,553,557,565,566,568,571,574,575,579,583,584,585,590,592,595,596,599,600,604,605,606,607,609,615,619,620,621,627,633,635,638,641,642,652,656,661,663,664,665,667,669,678,679,680,681,690,723,753,765,786,816,828
0261_00002	10,11,12,19,20,38,179,180,256,284,285,287,295,309,333,334,338,342,343,345,353,356,363,371,372,375,381,382,383,385,406,407,417,421,435,441,442,444,447,453,463,471,477,491,499,502,504,517,521,525,536,538,542,543,549,551,553,557,565,566,568,571,574,575,579,583,585,590,592,595,596,599,600,604,605,606,607,609,615,618,619,620,621,627,633,635,638,641,642,652,656,661,663,664,665,667,669,678,679,680,681,690,723,786
0261_00003	10,11,12,13,15,19,20,21,38,179,180,186,187,256,258,284,285,286,287,295,300,309,333,334,338,342,343,345,346,352,353,356,357,363,366,371,372,375,381,382,383,385,391,393,394,406,407,417,421,431,435,440,441,442,444,447,452,453,463,465,471,477,491,494,499,502,504,517,521,525,529,536,538,541,542,543,549,550,551,553,554,557,565,566,568,571,574,575,579,580,583,585,590,592,593,595,596,598,599,600,604,605,606,607,608,609,614,615,618,619,620,621,624,627,629,633,634,635,638,641,642,644,646,647,652,656,657,661,663,664,665,667,669,672,673,678,679,680,681,684,685,689,690,693,697,705,709,710,711,715,718,778,781
0261_00004	10,11,12,15,16,19,20,34,179,180,184,185,186,256,284,285,286,287,300,306,333,334,339,341,345,346,352,353,356,357,366,371,372,375,377,378,385,391,394,417,421,431,435,438,440,442,444,447,450,452,460,465,471,491,494,503,517,521,525,536,541,546,547,550,553,554,557,565,571,579,580,581,583,585,593,594,596,598,600,601,604,608,609,614,619,624,625,629,634,635,641,644,646,647,657,661,665,666,669,672,673,674,678,679,680,684,685,689,693,705,709,710,711,759,822
0261_00005	10,11,15,19,20,179,180,256,284,285,286,287,302,309,333,341,342,345,352,353,356,371,372,377,378,382,383,385,396,402,407,417,424,435,438,442,447,450,455,456,465,471,491,499,503,515,517,521,525,542,543,546,547,549,550,553,557,559,565,571,574,575,579,583,585,591,593,596,600,601,604,607,608,609,618,619,620,634,635,638,641,642,652,656,661,665,666,668,669,678,679,680,681,683,684,690,722,785
0261_00006	10,11,12,15,16,19,20,21,34,38,144,147,179,180,256,257,258,284,285,286,287,294,295,300,306,309,333,334,341,342,343,345,346,347,352,353,354,356,357,363,366,367,371,372,377,378,381,382,384,385,391,393,394,406,407,410,415,417,421,431,433,435,437,438,441,442,444,447,449,450,453,458,460,465,466,471,477,484,491,494,496,499,502,503,504,517,521,525,529,532,533,536,537,541,542,543,546,547,549,550,551,553,554,557,565,566,567,571,574,575,579,580,581,583,585,586,590,592,593,595,596,598,599,600,601,603,604,605,607,608,609,614,615,616,618,619,620,621,624,625,627,629,633,634,635,638,639,641,642,644,652,656,657,658,660,661,665,666,667,668,669,672,673,674,678,679,680,681,684,685,689,690,692,693,696,699,703,705,709,710,711,718,726,737,751,759,769,781,789,800,814,822,832
0261_00007	10,11,12,19,20,24,25,26,285,287,288,309,333,353,364,381,407,421,441,444,453,536,580,583,618,638,680,681,685,689,690,693,697,699,705
0261_00008	10,11,12,13,19,20,21,179,183,186,190,284,285,287,309,333,334,336,340,342,345,347,353,367,375,381,406,407,417,421,431,435,441,442,444,447,453,491,517,525,536,557,565,572,574,580,582,583,600,615,618,620,638,640,641,642,643,661,665,668,679,680,681,685,689,690,691,693,694,697,698,699,700,702,705,706,709,710,711,713
0261_00009	10,11,15,16,19,20,34,179,180,256,284,285,286,294,300,309,333,341,345,352,354,356,371,372,377,378,384,385,394,409,415,417,435,438,442,447,450,458,459,460,465,466,471,482,491,503,517,521,525,532,533,534,546,547,550,553,557,565,571,579,583,585,593,594,596,600,601,602,604,608,609,619,634,635,641,644,661,665,666,669,678,679,680,684,726,750,768,789,813,831
0261_00010	10,11,12,15,16,17,19,24,25,26,34,38,39,144,146,147,179,180,256,257,258,284,285,286,288,294,295,300,301,333,334,341,343,345,352,354,356,357,358,359,363,364,371,372,376,377,378,379,380,384,385,388,391,394,397,413,415,417,419,420,423,430,431,432,435,438,439,442,443,447,450,451,454,458,465,466,467,468,471,478,483,487,488,491,496,501,502,504,508,516,518,521,524,525,531,532,534,539,546,550,551,553,556,557,561,565,569,571,578,579,583,585,586,587,592,593,594,596,599,600,601,602,604,608,609,610,614,617,619,622,629,634,635,636,641,645,655,657,658,661,665,666,669,675,677,678,679,680,684,689,709,710,711,717,739,753,772,780,802,816,835
0261_00011	10,11,12,19,20,21,34,38,179,180,186,187,256,284,285,287,294,295,333,334,336,342,343,345,353,354,356,357,363,369,371,372,375,384,385,413,415,417,421,431,433,435,442,444,447,458,460,466,471,491,494,501,502,504,508,517,521,525,532,533,536,551,553,554,557,565,571,579,580,583,585,587,589,592,596,598,599,600,604,609,619,624,635,641,661,665,669,670,672,673,678,679,680,685,689,693,695,697,698,705,707,709,710,711,716,748,760,779,811,823
0261_00012	10,11,12,15,16,19,20,34,144,146,147,179,180,186,187,256,257,258,260,284,285,286,294,300,309,333,334,341,345,352,354,356,357,358,359,360,371,372,376,377,378,380,384,385,387,388,390,391,393,394,397,400,401,404,409,415,417,419,431,432,435,438,439,442,443,447,450,451,454,458,459,460,465,466,471,473,482,483,485,486,488,489,491,496,500,503,505,507,517,520,521,524,525,528,531,532,533,539,540,546,547,548,550,553,556,557,561,565,570,571,573,577,579,583,585,586,593,596,597,600,601,604,608,609,612,614,619,629,630,634,635,637,641,644,655,657,658,661,665,666,669,675,678,679,680,684,689,709,710,711,726,747,771,789,810,834
0261_00013	10,11,15,16,19,20,21,34,35,38,179,180,184,185,186,256,284,285,286,294,295,300,306,333,341,343,345,352,354,356,363,366,371,372,376,377,378,384,385,391,393,394,415,417,435,438,442,447,450,458,460,465,466,471,484,491,496,502,503,504,521,525,529,532,533,534,541,546,547,550,551,553,557,561,565,571,579,583,585,586,592,593,596,599,601,604,608,609,614,619,629,634,635,641,644,655,658,661,665,666,669,675,678,679,680,684,726,727,746,751,768,769,789,790,809,814,831,832
0261_00014	10,11,12,13,19,20,34,179,180,256,284,285,294,309,333,334,345,354,356,357,371,372,375,384,385,409,415,417,431,435,442,447,458,459,460,466,471,482,491,517,521,525,532,533,553,557,565,571,579,583,585,596,600,604,609,619,635,641,661,665,669,678,679,680,689,697,698,709,710,711,758,821
0261_00015	10,11,12,19,20,38,39,179,180,256,284,285,287,295,309,333,340,342,343,345,347,353,356,363,367,371,372,375,381,382,383,385,406,407,417,421,435,441,442,444,447,453,463,471,477,491,499,502,504,506,517,521,525,536,538,542,543,549,551,552,553,557,565,566,568,571,574,575,579,583,584,585,590,592,595,596,599,600,604,605,606,607,609,615,618,619,620,621,627,633,635,638,641,642,652,656,661,663,664,665,667,669,678,679,680,681,690,723,753,765,786,816,828
0261_00016	10,11,12,15,16,19,20,21,179,180,256,284,285,286,287,302,309,333,334,336,341,342,345,352,353,356,357,371,372,375,377,378,382,383,385,396,402,407,417,424,431,435,438,442,447,450,455,456,465,471,491,499,503,515,521,525,542,544,546,547,549,550,553,557,559,565,567,571,574,575,579,583,585,588,591,593,594,596,600,601,602,604,607,608,609,618,619,620,634,635,638,641,642,650,652,656,661,665,666,668,669,678,679,680,681,683,684,689,690,697,698,699,709,710,711,713,722,738,750,757,764,785,801,813,820,827
0261_00017	10,11,12,13,19,20,179,180,186,187,256,258,284,285,287,309,333,334,336,342,345,353,356,357,371,372,375,381,385,407,417,421,431,433,435,441,442,444,447,453,471,491,494,517,521,525,536,553,554,557,565,571,579,580,583,585,596,598,600,604,609,618,619,624,635,638,641,642,656,661,665,669,672,673,678,679,680,681,685,689,690,693,697,698,699,700,705,709,710,711,713,735,798
0261_00018	10,11,12,19,20,24,25,26,285,287,288,309,333,353,364,381,407,421,441,444,453,536,580,583,618,638,680,681,685,689,690,693,697,699,705
0261_00019	10,11,15,19,20,21,34,179,184,185,284,285,286,287,300,306,333,342,345,352,353,375,394,417,421,435,440,442,444,447,452,459,460,465,499,525,554,600,644,672
0261_00020	10,11,12,15,16,19,20,24,25,179,180,256,284,285,286,287,288,300,302,333,334,336,341,345,352,353,356,357,364,371,372,375,377,378,385,391,393,394,396,402,417,421,424,431,435,438,440,442,444,447,450,452,455,456,465,471,491,496,503,515,517,521,525,536,546,547,550,553,557,559,565,571,579,583,585,586,593,596,600,601,604,608,609,614,619,629,634,635,641,644,646,657,658,661,665,666,669,678,679,680,684,689,709,710,711,729,738,759,792,801,822
0261_00021	10,11,12,19,20,21,22,38,39,144,147,179,182,284,285,287,295,309,333,340,342,343,344,345,347,348,353,362,367,368,381,406,407,551,552,564,568,572,583,592,611,615,618,638,640,662,663,664,680,681,682,690,691,701,702
0261_00022	10,11,12,19,20,38,39,179,180,186,187,256,258,284,285,287,295,309,333,342,343,345,353,356,363,371,372,382,383,385,406,407,417,435,442,447,471,477,491,499,502,504,506,517,521,525,542,543,545,549,551,552,553,557,565,566,568,571,574,575,579,583,584,585,590,591,592,595,596,599,600,604,605,607,609,615,618,619,620,621,627,631,632,633,635,638,641,642,652,656,661,663,664,665,667,668,669,678,679,680,681,690,723,744,753,762,765,786,807,816,825,828
0261_00023	10,11,15,19,20,34,144,149,150,179,180,256,284,285,286,287,294,300,306,333,334,345,352,353,354,356,357,371,372,384,385,394,415,417,421,431,435,440,442,444,447,452,458,460,465,466,471,484,491,494,517,521,525,532,533,536,550,553,554,557,565,571,579,580,583,585,593,596,598,600,604,608,609,619,624,634,635,641,661,665,669,672,673,678,679,680,684,685,689,693,705,709,710,711,758,821
0261_00024	10,11,12,19,20,24,25,26,34,285,288,294,309,333,354,364,409,415,458,459,460,466,583,680,689,697
0261_00025	10,11,15,19,20,34,179,180,284,285,286,300,306,309,333,339,341,345,346,352,366,394,409,459,460,529,583,593,644,680,684
0261_00026	10,11,12,15,19,20,38,39,179,180,186,187,256,258,284,285,286,287,295,300,309,333,334,341,343,345,352,353,356,357,363,371,372,377,378,381,385,391,393,394,407,417,421,431,435,438,441,442,444,447,450,453,465,471,491,496,502,503,504,517,521,525,536,546,547,550,551,553,557,565,571,578,579,580,583,585,586,592,593,596,598,599,600,601,604,608,609,610,614,618,619,629,634,635,638,641,642,644,656,657,658,661,665,666,669,678,679,680,681,683,684,685,686,689,690,693,697,699,705,709,710,711,753,759,772,816,822,835
0261_00027	10,11,12,15,19,20,179,180,186,187,256,258,284,285,286,287,300,309,333,334,341,345,352,353,356,357,371,372,375,377,378,381,385,391,393,394,407,417,421,431,435,438,441,442,444,447,450,453,465,471,491,494,496,503,517,521,525,536,546,547,549,550,553,554,557,565,571,574,575,578,579,580,581,583,585,586,593,596,598,600,601,604,608,609,614,618,619,620,624,625,629,634,635,638,639,641,642,644,656,657,658,661,665,666,668,669,672,673,674,678,679,680,681,684,685,689,690,693,697,699,705,709,710,711,713,738,756,759,801,819,822
0261_00028	10,11,19,20,24,25,26,285,287,288,309,333,353,364,381,407,421,441,444,453,536,580,583,618,638,680,681,685,690,693
0261_00029	10,11,12,19,20,38,179,180,256,284,285,287,295,309,333,334,340,342,343,345,347,353,356,357,363,367,371,372,375,381,382,383,385,406,407,417,421,431,435,441,442,444,447,453,463,471,477,491,499,502,504,517,521,525,536,538,542,543,549,551,553,557,565,566,568,571,574,575,579,583,585,590,592,595,596,599,600,604,605,606,607,609,615,618,619,620,621,627,633,635,638,641,642,652,656,661,663,664,665,667,669,678,679,680,681,689,690,699,709,710,711,723,739,757,786,802,820
0261_00030	10,11,12,19,20,38,179,180,256,284,285,287,295,309,333,334,342,343,345,347,353,356,357,363,367,371,372,375,381,382,383,385,406,407,417,421,431,435,441,442,444,447,453,463,471,477,491,499,502,504,517,521,525,538,542,543,549,551,553,557,565,566,568,571,574,575,579,583,585,590,592,595,596,599,600,604,605,606,607,609,615,619,620,621,627,633,635,638,641,642,652,656,661,663,664,665,667,669,678,679,680,681,689,690,699,709,710,711,723,739,757,786,802,820
0261_00031	10,11,12,19,20,21,34,179,180,186,187,256,258,284,285,287,294,309,333,334,342,345,353,354,356,357,367,371,372,375,382,383,384,385,406,407,409,415,417,421,431,433,435,442,444,447,458,459,460,466,471,477,482,491,494,499,517,521,525,532,533,535,536,542,543,549,553,554,557,565,566,571,574,575,576,579,580,582,583,585,590,591,595,596,598,600,604,605,607,609,618,619,620,624,626,627,635,638,640,641,642,643,652,654,656,661,665,667,668,669,672,673,678,679,680,681,685,689,690,691,693,694,697,698,699,701,702,705,706,709,710,711,715,721,737,741,757,763,778,784,800,804,820,826
0261_00032	10,11,12,19,38,179,180,186,187,256,258,284,285,287,295,309,333,334,342,343,345,353,356,357,363,371,372,382,383,385,407,417,431,435,442,447,471,491,499,502,504,517,521,525,542,543,549,551,553,557,565,571,574,575,579,583,585,591,592,596,599,600,604,607,609,618,619,620,635,638,641,642,652,656,661,665,668,669,678,679,680,681,689,690,697,698,699,709,710,711,723,739,757,786,802,820
0261_00033	10,11,12,15,16,19,38,39,179,180,256,285,286,287,295,309,333,334,342,343,352,353,356,357,363,382,383,385,407,417,420,430,431,442,467,471,491,499,502,506,521,525,527,530,542,549,551,552,553,557,565,569,571,574,575,579,583,585,591,592,596,599,604,607,609,618,619,620,635,638,641,642,652,656,661,665,668,669,677,678,679,680,681,689,690,698,699,709,710,711,715,718,732,735,739,744,753,757,760,765,774,778,781,795,798,802,807,816,820,823,828,837
0261_00034	10,11,12,19,20,179,180,256,284,285,287,309,333,334,342,345,347,353,356,357,367,371,372,375,381,382,383,385,406,407,417,421,431,435,441,442,444,447,453,471,491,494,499,517,521,525,536,542,543,549,553,554,557,565,571,574,575,579,580,583,585,591,595,596,598,600,604,605,607,609,615,618,619,620,624,635,638,641,642,652,656,661,665,667,668,669,672,673,678,679,680,681,685,689,690,691,693,694,699,701,702,705,706,709,710,711,715,778
0261_00035	10,11,12,19,20,21,34,284,285,287,309,333,345,347,353,367,375,409,459,460,583,638,680,681,689,690,697,699
0261_00036	10,11,12,15,16,19,38,39,179,180,186,187,256,258,284,285,286,287,295,300,333,341,343,345,352,356,363,371,372,376,377,378,385,391,393,394,417,421,435,438,442,447,450,452,465,471,491,496,502,503,504,517,521,525,527,530,546,547,550,551,553,557,561,565,571,579,583,585,586,592,593,596,599,600,601,604,608,609,614,619,629,634,635,637,641,644,646,655,658,661,665,666,669,675,678,679,680,684,730,751,774,793,814,837
0261_00037	10,11,12,19,20,21,34,35,179,180,186,187,256,258,284,285,294,309,333,334,345,354,356,357,371,372,384,385,386,409,415,417,431,435,442,447,458,459,460,466,471,482,491,517,521,525,532,533,553,557,565,571,579,583,585,596,600,604,609,619,635,641,661,665,669,678,679,680,689,697,709,710,711,713,716,737,756,779,800,819
0261_00038	10,11,12,19,20,34,179,180,186,187,256,258,284,285,294,309,333,334,345,354,356,357,371,372,384,385,386,409,415,417,431,435,442,447,458,459,460,466,471,482,491,517,521,525,532,533,553,557,565,571,579,583,585,596,600,604,609,619,635,641,661,665,669,678,679,680,689,697,709,710,711,713,716,737,756,779,800,819
0261_00039	10,11,15,16,19,144,146,147,179,180,256,257,258,284,285,286,287,300,301,309,333,341,342,345,352,353,356,358,359,371,372,377,378,382,383,385,387,388,399,407,417,419,423,432,435,438,442,443,447,450,462,465,471,478,486,491,498,499,500,503,516,517,521,523,524,525,531,539,540,542,543,544,546,547,548,549,550,553,556,557,565,567,570,571,574,575,577,579,583,585,588,591,593,596,600,601,604,607,608,609,618,619,620,634,635,638,639,641,642,652,653,656,661,665,666,668,669,678,679,680,681,684,690,692,704,743,764,771,806,827,834
0261_00040	10,11,12,19,20,44,45,46,179,180,186,187,256,258,284,285,287,298,309,328,329,331,333,334,335,342,345,353,356,357,371,372,375,382,383,385,407,417,431,435,442,447,471,491,499,510,521,525,542,549,553,555,557,565,571,574,575,579,583,585,591,596,600,604,607,609,618,619,620,635,638,641,642,652,656,661,665,668,669,671,676,678,679,680,681,689,690,697,698,699,700,709,710,711,712,713,715,740,755,766,778,803,818,829
0261_00041	10,11,12,19,20,179,180,256,284,285,287,309,333,334,342,345,347,353,356,357,367,371,372,375,381,382,383,385,406,407,417,421,431,435,441,442,444,447,453,471,491,494,499,517,521,525,536,542,543,549,553,554,557,565,571,574,575,579,580,583,585,591,595,596,598,600,604,605,607,609,615,618,619,620,624,635,638,641,642,652,656,661,665,667,668,669,672,673,678,679,680,681,685,689,690,691,693,694,699,701,702,705,706,709,710,711,715,778
0261_00042	10,11,19,20,24,25,26,285,287,288,309,333,353,364,381,407,421,441,444,453,536,580,618,638
0261_00044	10,11,12,19,20,24,25,26,285,287,288,309,333,353,364,381,407,421,441,444,453,536,580,583,618,638,680,681,685,689,690,693,697,699,705
0261_00045	10,11,12,15,19,20,38,39,40,179,180,186,187,256,258,284,285,286,287,295,300,309,333,334,341,342,343,345,352,353,356,357,363,371,372,377,378,382,383,385,391,393,394,407,417,421,431,435,438,440,442,444,447,450,452,465,471,491,494,496,499,502,503,504,506,517,521,525,527,530,536,542,546,547,549,550,551,552,553,554,557,565,571,574,575,579,580,582,583,585,586,591,592,593,596,598,599,600,601,604,607,608,609,614,618,619,620,624,626,629,634,635,638,639,641,642,643,644,646,652,656,657,658,661,665,666,668,669,672,673,678,679,680,681,684,685,689,690,693,699,705,709,710,711,723,730,739,751,753,757,765,774,786,793,802,814,816,820,828,837
0261_00046	10,11,15,16,19,20,24,179,181,182,256,257,284,285,286,287,288,300,333,345,346,352,353,356,359,365,366,371,373,374,376,377,380,382,385,388,390,391,393,394,397,400,401,404,417,419,421,436,440,442,443,444,446,447,448,450,451,452,454,465,473,483,485,488,489,492,494,496,505,507,520,522,524,528,529,531,536,539,541,546,550,554,556,561,573,577,581,586,594,597,602,614,622,625,629,637,646,647,648,651,655,658,673,674,675
0261_00047	10,11,12,15,19,20,21,179,180,256,284,285,286,287,309,333,334,339,341,345,346,347,352,353,356,357,366,367,371,372,375,377,378,381,385,391,392,406,407,417,421,431,435,438,440,441,442,444,447,450,452,453,463,465,471,491,496,517,521,525,537,538,541,546,550,553,557,565,567,571,579,583,585,586,593,596,600,601,603,604,608,609,614,616,619,629,634,635,641,646,647,657,658,660,661,665,666,669,678,679,680,684,689,697,698,709,710,711,735,759,798,822
0261_00048	10,11,12,15,19,20,21,34,179,180,256,284,285,286,287,294,309,333,334,339,341,345,346,347,350,352,353,354,356,357,366,367,369,371,372,375,377,378,385,391,392,406,409,415,417,421,431,435,438,440,442,444,447,450,452,458,459,460,465,466,471,491,496,517,521,525,541,546,550,553,557,565,567,571,579,583,585,586,593,596,600,601,604,608,609,614,616,619,629,634,635,641,646,647,657,658,660,661,665,666,669,678,679,680,684,689,697,698,709,710,711,735,759,798,822
0261_00049	10,11,12,19,20,21,34,179,180,256,284,285,287,294,309,333,334,345,353,354,356,357,371,372,381,384,385,407,409,415,417,421,431,435,441,442,444,447,453,458,459,460,466,471,482,491,517,521,525,532,533,536,553,557,565,571,579,580,583,585,596,598,600,604,609,618,619,635,638,641,642,656,661,665,669,678,679,680,681,685,689,690,693,697,699,705,709,710,711,716,779
0261_00050	10,11,15,16,19,20,21,179,180,256,284,285,286,287,302,309,333,341,342,345,352,353,356,371,372,377,378,382,383,385,396,402,407,417,424,435,438,442,447,450,455,456,465,471,491,499,503,515,517,521,525,542,543,544,546,547,549,550,553,557,559,565,567,571,574,575,579,583,585,588,591,593,594,596,600,601,602,604,607,608,609,618,619,620,634,635,638,641,642,650,652,656,661,665,666,668,669,678,679,680,681,683,684,690,722,750,764,785,813,827
0261_00051	10,11,12,13,19,20,21,144,150,179,180,256,284,285,287,309,333,334,342,345,347,353,356,357,367,375,381,382,383,385,406,407,417,421,431,435,441,442,444,447,453,471,477,491,494,499,521,525,536,542,549,553,554,557,565,566,571,574,575,576,579,580,582,583,585,590,591,595,596,598,600,604,605,607,609,615,618,619,620,624,626,627,635,638,640,641,642,643,652,654,656,661,665,667,668,669,672,678,679,680,681,682,685,687,689,690,691,693,694,697,698,699,700,701,702,705,706,709,710,711,713,714,715,735,736,741,756,757,777,778,798,799,804,819,820
0261_00052	10,11,15,19,20,34,35,144,146,147,179,180,256,257,258,284,285,286,294,309,333,341,345,352,354,356,358,359,371,372,377,378,384,385,387,388,391,397,404,409,413,415,417,419,422,432,435,438,442,443,447,450,454,458,459,460,465,469,471,472,473,474,475,476,480,481,483,490,491,496,501,503,507,508,509,514,517,521,524,525,531,532,533,534,539,540,546,547,550,553,556,557,565,571,577,579,583,585,586,587,593,596,600,601,604,608,609,614,619,629,634,635,641,658,661,665,666,669,678,679,680,684,768,831
0261_00053	10,11,12,13,15,16,19,20,21,34,144,146,147,179,182,284,285,286,287,294,300,309,333,334,336,339,340,341,342,345,346,347,350,352,353,354,366,367,369,375,391,392,393,394,406,407,413,421,440,444,452,508,529,536,537,541,567,568,570,572,580,583,587,593,603,612,614,615,616,618,638,639,640,644,646,647,657,660,663,664,680,681,682,683,684,685,689,690,691,692,693,696,697,699,702,703,704,705,709,710,711
0261_00054	10,11,19,20,34,179,180,256,284,285,294,309,333,345,354,356,371,372,384,385,409,415,417,435,442,447,458,459,460,466,471,482,491,517,521,525,532,533,553,557,565,571,579,583,585,596,600,604,609,619,635,641,661,665,669,678,679,680
0261_00055	10,11,15,19,38,39,179,181,182,256,257,284,285,286,287,295,300,333,343,345,352,353,356,359,363,371,372,377,382,385,388,391,393,394,397,400,401,404,417,419,421,435,440,442,443,444,447,450,452,454,465,471,473,483,491,494,496,502,504,507,521,524,525,527,528,530,531,536,539,546,550,551,553,554,556,557,562,565,571,577,578,579,580,583,585,586,592,593,596,598,599,601,604,608,609,610,614,619,624,629,634,635,641,646,657,658,661,665,666,669,672,673,678,679,684,685,696
0261_00056	10,11,19,38,39,179,180,256,284,285,287,295,309,333,342,343,345,353,356,363,371,372,382,383,385,407,417,435,442,447,471,491,499,502,504,506,517,521,525,542,543,549,551,552,553,557,565,571,574,575,579,583,585,591,592,596,599,600,604,607,609,618,619,620,635,638,641,642,652,656,661,665,668,669,678,679,680,681,690,723,753,765,786,816,828
0261_00057	10,11,12,19,20,21,179,180,182,186,187,193,256,257,258,260,284,285,287,309,333,334,342,345,347,353,356,357,367,371,372,382,383,385,386,406,407,410,417,421,431,433,435,437,442,444,447,449,471,477,491,494,499,517,521,525,536,542,543,549,553,554,557,565,566,571,574,575,576,579,580,582,583,585,589,590,591,595,596,598,600,604,605,607,609,615,618,619,620,621,624,626,627,633,635,638,640,641,642,643,652,654,656,661,665,667,668,669,672,673,678,679,680,681,685,689,690,691,693,694,697,698,699,700,701,702,705,706,709,710,711,713,715,741,757,778,804,820
0261_00058	10,11,12,19,20,21,179,180,182,186,187,193,256,257,258,260,284,285,287,309,333,334,342,345,347,353,356,357,367,371,372,382,383,385,386,406,407,410,417,421,431,433,435,437,442,444,447,449,471,477,491,494,499,517,521,525,536,542,543,549,553,554,557,565,566,571,574,575,576,579,580,582,583,585,589,590,591,595,596,598,600,604,605,607,609,615,618,619,620,621,624,626,627,633,635,638,640,641,642,643,652,654,656,661,665,667,668,669,672,673,678,679,680,681,685,689,690,691,693,694,697,698,699,700,701,702,705,706,709,710,711,713,715,741,757,778,804,820
0261_00059	10,11,12,19,20,21,34,179,180,186,187,256,258,284,285,287,294,309,333,342,345,353,354,356,371,372,382,383,384,385,407,413,415,417,435,442,447,458,460,466,471,491,499,501,508,517,521,525,532,533,542,543,549,553,557,565,571,574,575,579,583,585,587,591,596,600,604,607,609,618,619,620,635,638,641,642,652,656,659,661,665,668,669,678,679,680,681,690,721,784
0261_00060	10,11,15,19,44,45,179,180,256,284,285,286,287,298,309,328,329,331,333,334,342,345,352,353,356,357,371,372,382,383,385,407,417,420,430,431,435,442,447,467,471,491,499,510,521,525,542,549,553,555,557,565,569,571,574,575,579,583,585,591,596,600,604,607,609,618,619,620,635,638,641,642,652,656,661,665,668,669,671,676,677,678,679,680,681,689,690,709,710,711,715,740,755,766,778,803,818,829
0261_00061	10,11,12,13,14,15,16,19,20,21,24,144,146,147,179,180,186,187,193,194,256,257,258,260,262,284,285,286,287,288,300,309,333,334,336,340,341,342,345,346,347,352,353,356,357,358,359,365,366,367,371,372,375,377,378,381,385,388,391,392,393,394,397,398,404,407,417,419,421,431,432,435,438,440,441,442,443,444,447,450,452,453,454,465,471,473,483,491,494,496,503,507,517,521,522,524,525,531,536,539,540,541,546,547,550,553,554,556,557,565,571,572,577,578,579,580,581,582,583,585,586,593,594,596,598,600,601,604,608,609,614,618,619,624,625,629,634,635,638,639,640,641,643,644,646,657,658,661,665,666,669,672,674,678,679,680,681,684,685,686,689,690,691,692,693,694,697,698,699,702,703,705,706,709,710,711,713
0261_00062	10,11,12,13,15,16,17,19,20,21,34,144,149,150,179,180,186,187,256,284,285,286,287,294,300,306,333,334,336,339,341,345,346,352,353,354,356,357,366,371,372,375,376,384,385,391,392,393,394,415,417,421,431,435,440,442,444,447,452,458,460,465,466,471,484,491,517,521,525,529,532,533,536,541,553,554,557,561,565,571,579,580,583,585,593,596,600,604,608,609,614,619,635,637,641,644,646,647,648,651,655,657,661,665,669,672,678,679,680,684,689,697,709,710,711,716,779,780
0261_00063	10,11,12,19,20,179,180,256,284,285,287,309,333,334,342,345,353,356,357,367,371,372,375,381,382,383,385,406,407,417,421,431,435,441,442,444,447,453,471,491,494,499,517,521,525,536,542,543,549,553,554,557,565,571,574,575,579,580,583,585,591,595,596,598,600,604,605,607,609,618,619,620,624,635,638,641,642,652,656,661,665,667,668,669,672,673,678,679,680,681,685,689,690,691,693,694,699,701,702,705,706,709,710,711,715,778
0261_00064	10,11,12,19,20,179,180,256,284,285,287,309,333,334,342,345,347,353,356,357,367,371,372,375,381,382,383,385,406,407,417,421,431,435,441,442,444,447,453,471,491,494,499,517,521,525,536,542,543,549,553,554,557,565,571,574,575,579,580,583,585,591,595,596,598,600,604,605,607,609,615,618,619,620,624,635,638,641,642,652,656,661,665,667,668,669,672,673,678,679,680,681,685,689,690,691,693,694,699,701,702,705,706,709,710,711,715,778
0261_00065	10,11,12,15,19,20,179,180,256,284,285,286,287,300,309,333,334,345,352,353,356,357,371,372,381,385,394,407,417,421,431,435,440,441,442,444,447,452,453,465,471,491,494,517,521,525,536,549,550,553,554,557,565,571,574,575,579,580,583,585,593,596,598,600,604,608,609,618,619,620,624,634,635,638,641,642,656,661,665,668,669,672,673,678,679,680,681,683,684,685,686,687,688,689,690,693,697,699,705,709,710,711,713,756,819
0261_00066	10,11,12,15,16,17,19,20,144,146,147,179,181,182,256,257,258,259,284,285,286,287,300,309,333,341,345,347,352,353,356,358,359,360,366,367,374,376,377,378,379,380,382,385,387,388,389,390,391,392,393,394,397,398,400,401,404,406,407,417,419,421,432,438,439,440,442,443,444,448,450,451,452,454,465,473,483,485,486,488,489,492,494,495,496,500,505,507,520,522,524,528,531,536,537,539,541,546,548,550,554,556,561,568,570,572,573,581,586,594,597,602,603,612,613,614,622,625,629,637,648,655,658,663,664,674,675
0261_00067	10,11,19,38,39,179,180,256,284,285,287,295,309,333,342,343,345,353,356,363,371,372,382,383,385,407,417,435,442,447,471,491,499,502,504,521,525,527,530,542,543,549,551,553,557,565,571,574,575,579,583,585,591,592,596,599,600,604,607,609,618,619,620,635,638,641,642,652,656,661,665,668,669,678,679,680,681,690,723,744,753,774,786,807,816,837
0261_00068	10,11,19,38,179,180,256,284,285,287,295,309,333,342,343,345,353,356,363,371,372,382,383,385,407,417,435,442,447,471,491,499,502,504,517,521,525,542,543,549,551,553,557,565,571,574,575,579,583,585,591,592,596,599,600,604,607,609,618,619,620,635,638,641,642,652,656,661,665,668,669,678,679,680,681,690,723,786
0261_00069	10,11,12,15,19,20,24,25,26,34,285,288,294,300,306,333,354,364,415,458,460,466,583,680,689,697
0261_00070	10,11,19,20,24,25,26,285,287,288,309,333,353,364,381,407,421,441,444,453,536,580,583,618,638,680,681,685,689,690,693,699,705
0261_00071	10,11,12,19,20,24,25,26,34,284,285,288,294,309,333,345,350,354,364,369,409,415,458,459,460,466,583,680,689,697
0261_00072	10,11,12,19,20,38,39,44,45,179,180,186,187,256,258,284,285,287,295,298,309,328,329,331,333,334,342,343,345,353,356,357,363,371,372,382,383,385,407,417,431,435,442,447,471,491,499,502,504,510,521,525,542,549,551,553,555,557,565,571,574,575,579,583,585,591,592,596,599,600,604,607,609,618,619,620,635,638,641,642,652,656,661,665,668,669,671,676,678,679,680,681,689,690,691,697,698,699,702,709,710,711,723,739,740,754,757,766,786,802,803,817,820,829
0261_00073	10,11,12,13,15,16,19,20,24,25,34,144,146,147,179,180,186,187,256,257,258,260,284,285,286,288,294,300,301,306,333,334,341,345,352,354,356,357,358,359,364,371,372,375,377,378,384,385,388,391,397,415,417,419,423,431,432,435,438,442,443,447,450,454,458,460,465,466,468,471,478,483,484,491,496,503,516,517,521,524,525,531,532,533,539,540,546,547,550,553,556,557,565,571,577,578,579,583,585,586,593,594,596,600,601,602,604,608,609,614,617,619,622,629,634,635,641,645,657,658,661,665,666,669,678,679,680,684,689,697,698,709,710,711,714,726,777,789
0261_00074	10,11,12,13,15,16,17,19,38,144,146,147,151,153,154,179,180,186,187,256,257,258,259,260,262,284,285,286,287,295,300,301,309,333,334,341,343,345,346,347,352,353,356,357,358,359,360,363,366,367,371,372,375,376,377,380,385,388,390,391,392,397,398,399,404,407,417,419,423,431,432,435,438,439,442,443,447,450,451,454,462,465,471,473,483,485,486,487,488,491,496,500,502,505,507,516,517,518,520,521,522,523,524,525,531,539,540,541,546,548,549,550,551,553,556,557,561,565,567,570,571,572,573,574,577,579,583,585,586,593,596,597,600,604,608,609,610,612,614,618,619,629,634,635,637,639,641,655,657,658,660,661,665,668,669,675,678,679,680,684,689,697,698,709,710,711,713,714,756,777,819
0261_00075	10,11,12,13,14,15,19,20,34,38,116,117,179,180,181,182,186,187,193,194,200,256,257,258,260,262,284,285,286,287,294,295,309,333,334,335,338,341,342,343,345,350,352,353,354,356,357,358,359,363,369,371,372,375,377,378,381,385,386,387,388,391,397,404,407,413,417,419,421,431,432,435,438,441,442,443,444,447,450,453,454,465,471,473,483,491,496,502,503,504,507,508,517,521,524,525,531,536,539,540,546,547,549,550,551,553,556,557,565,571,574,575,577,578,579,580,583,585,586,587,592,593,596,599,600,601,604,608,609,614,618,619,620,629,634,635,638,641,642,656,657,658,659,661,665,666,668,669,678,679,680,681,684,685,689,690,697,698,699,709,710,711,712,713,718,735,751,756,759,781,798,814,819,822
0261_00076	10,11,12,13,15,16,17,19,20,144,146,147,179,180,186,187,256,257,258,260,284,285,286,287,300,301,309,333,334,336,339,341,345,346,352,353,356,357,359,360,366,371,372,375,376,380,381,385,390,391,392,399,407,417,419,421,423,431,435,439,440,441,442,443,444,447,451,452,453,465,471,487,491,516,517,518,521,523,525,531,536,537,539,541,550,553,556,557,565,567,571,577,579,580,583,585,593,596,600,603,604,608,609,614,618,619,629,634,635,638,641,646,647,657,660,661,665,669,678,679,680,684,685,689,697,698,709,710,711,713,714,756,777,819
0261_00077	10,11,12,13,15,19,20,21,38,144,146,147,179,180,186,187,256,257,258,260,284,285,286,287,295,309,333,334,341,342,343,345,352,353,356,357,358,359,363,367,371,372,375,377,378,381,382,383,385,386,387,388,391,392,397,398,404,406,407,417,419,421,431,432,435,438,440,441,442,443,444,447,450,452,453,454,465,471,473,477,483,491,494,496,499,502,503,504,507,517,521,524,525,531,536,539,540,542,543,546,547,549,550,551,553,554,556,557,565,566,571,574,575,577,578,579,580,583,585,586,590,592,593,595,596,598,599,600,601,604,605,607,608,609,614,618,619,620,624,627,629,634,635,638,641,642,646,652,656,657,658,661,665,666,667,669,672,673,678,679,680,681,683,684,685,686,689,690,692,693,696,697,698,699,700,703,704,705,708,709,710,711,713,718,722,736,759,781,785,799,822
0261_00078	10,11,12,13,15,16,19,20,21,24,25,26,34,179,180,186,187,256,258,284,285,286,287,288,294,300,309,333,334,338,341,342,345,350,352,353,354,356,357,364,365,369,371,372,375,377,378,384,385,391,393,394,407,413,415,417,420,421,430,431,435,438,440,442,444,447,450,452,458,460,463,465,466,467,471,491,496,501,503,508,517,521,525,532,533,536,538,546,547,550,553,557,565,567,569,571,579,583,585,586,587,593,596,600,601,604,608,609,614,619,629,634,635,641,644,646,657,658,659,660,661,665,666,669,677,678,679,680,684,689,697,709,710,711,713,717,738,756,780,801,819
0261_00079	10,11,19,44,179,180,256,284,285,287,298,309,328,329,331,333,342,345,353,356,371,372,382,383,385,407,417,435,442,447,471,491,499,510,517,521,525,542,543,549,553,555,557,565,571,574,575,579,583,585,591,596,600,604,607,609,618,619,620,635,638,641,642,652,656,661,665,668,669,671,676,678,679,680,681,690,724,787
0261_00080	10,11,12,15,19,38,39,179,180,256,284,285,286,287,295,300,333,341,343,345,352,353,356,363,371,372,375,377,378,385,391,393,394,417,421,435,438,440,442,444,447,450,452,465,471,491,496,502,503,504,517,521,525,527,530,536,546,547,550,551,553,557,565,571,579,583,585,586,592,593,596,599,600,601,604,608,609,614,619,629,634,635,641,644,646,657,658,661,665,666,669,678,679,680,684,730,751,774,793,814,837
0261_00081	10,11,12,13,15,19,20,21,34,144,147,179,180,181,182,186,187,193,194,200,256,257,258,260,262,284,285,286,287,294,309,333,334,342,345,346,347,352,353,354,356,357,366,367,371,372,382,383,384,385,386,391,392,406,407,413,417,421,422,431,433,435,442,444,447,471,472,477,481,491,494,499,501,508,514,517,521,525,532,533,536,541,542,543,549,553,554,557,565,566,567,571,574,575,579,580,583,585,587,590,591,593,595,596,598,600,604,605,607,609,614,615,616,618,619,620,621,624,627,633,635,638,641,642,652,656,657,659,660,661,665,667,668,669,672,673,678,679,680,681,684,685,689,690,693,694,697,698,699,700,705,706,709,710,711,713,715,742,758,778,805,821
0261_00082	10,11,12,15,19,20,21,38,39,179,180,186,187,256,258,284,285,286,287,295,302,309,333,334,341,342,343,345,352,353,356,357,363,371,372,377,378,381,382,383,385,396,402,406,407,417,421,424,431,435,438,441,442,444,447,450,453,455,456,465,471,477,491,494,499,502,503,504,506,515,517,521,525,536,542,543,546,547,549,550,551,552,553,554,557,559,565,566,571,574,575,579,580,581,583,584,585,590,592,593,595,596,598,599,600,601,604,605,607,608,609,615,618,619,620,621,624,625,627,633,634,635,638,639,641,642,652,656,661,665,666,667,668,669,672,673,674,678,679,680,681,682,683,684,685,687,689,690,693,699,700,705,709,710,711,722,723,736,753,759,765,785,786,799,816,822,828
0261_00083	10,11,12,15,16,17,19,20,21,34,179,180,256,284,285,286,294,300,302,306,333,341,345,346,352,354,356,366,371,372,375,377,378,384,385,391,392,396,402,415,417,424,435,438,442,447,450,455,456,458,460,465,466,471,484,491,496,503,515,521,525,532,533,541,546,547,548,550,553,557,559,565,570,571,579,583,585,586,593,594,596,600,601,602,604,608,609,612,614,619,629,630,634,635,641,649,657,658,661,665,666,669,678,679,680,684,726,747,750,771,789,810,813,834
0261_00084	10,11,12,13,15,16,19,20,24,25,26,38,179,180,186,187,193,194,256,258,260,284,285,286,287,288,295,300,333,334,341,342,343,345,352,353,356,357,363,364,365,371,372,376,377,378,382,383,385,391,393,394,406,417,421,431,435,438,440,442,444,447,450,452,465,471,477,491,494,496,499,502,503,504,506,517,521,525,536,542,543,546,547,549,550,551,552,553,554,557,561,565,566,571,574,575,579,580,583,584,585,586,590,592,593,595,596,598,599,600,601,604,605,607,608,609,614,615,619,620,621,624,627,629,633,634,635,637,638,641,642,644,646,648,651,652,655,656,658,661,665,666,667,669,672,675,678,679,680,681,683,684,685,689,690,693,705,709,710,711,715,722,739,765,778,785,802,828
0261_00085	10,11,12,15,16,17,19,20,21,144,146,147,151,154,256,257,284,285,286,287,300,301,302,333,342,345,346,352,353,356,366,371,372,376,377,382,385,391,393,394,396,402,406,410,417,419,421,424,433,435,436,440,442,443,444,447,448,450,452,455,456,462,465,468,471,477,491,493,494,499,503,515,516,517,518,519,521,525,536,537,539,541,542,543,546,547,549,550,553,554,556,557,559,561,565,566,570,571,574,575,577,579,580,583,585,590,593,595,596,598,600,601,603,604,605,607,608,609,612,613,615,620,621,624,627,633,634,635,636,637,638,641,642,644,645,646,647,648,651,652,655,656,661,665,666,667,669,672,673,678,679,681,683,684,685,686
0261_00086	10,11,12,19,20,24,179,180,256,284,285,287,288,309,333,334,342,345,353,356,357,365,371,372,381,385,407,417,421,431,433,435,441,442,444,447,453,471,491,494,517,521,525,536,553,554,557,565,571,579,580,583,585,596,598,600,604,609,618,619,624,635,638,641,661,665,669,672,673,678,679,680,681,685,687,688,689,690,693,697,699,700,705,709,710,711
0261_00087	10,11,12,15,19,20,21,179,180,256,284,285,286,287,300,309,333,334,341,342,345,352,353,356,357,371,372,375,377,378,381,382,383,385,391,393,394,407,417,421,431,435,438,440,441,442,444,447,450,452,453,465,471,491,494,496,499,503,517,521,525,536,542,543,546,547,549,550,553,554,557,565,571,574,575,576,579,580,582,583,585,586,591,593,596,598,600,601,604,607,608,609,614,618,619,620,624,626,629,634,635,638,640,641,642,643,644,646,652,656,657,658,661,665,666,668,669,672,673,678,679,680,681,683,684,685,686,689,690,693,699,705,709,710,711,722,738,757,785,801,820
0261_00088	10,11,12,13,15,16,19,20,21,179,180,184,185,186,256,284,285,286,287,300,302,333,334,336,341,345,347,352,353,356,357,367,371,372,375,377,378,381,385,391,393,394,396,402,406,417,421,424,431,435,438,441,442,444,447,450,453,455,456,465,471,491,503,515,517,521,525,536,546,547,550,553,554,557,559,565,571,574,579,580,583,585,593,595,596,600,601,604,608,609,615,619,620,634,635,638,641,644,657,661,665,666,667,669,672,674,678,679,680,681,684,685,689,690,691,693,694,695,697,698,699,701,705,709,710,711,713,738,801
0261_00089	10,11,12,19,20,38,39,179,180,186,187,256,258,284,285,287,295,309,333,334,342,343,345,353,356,357,363,371,372,382,383,385,407,417,431,435,442,447,471,491,499,502,504,517,521,525,542,543,549,551,553,557,565,571,574,575,579,583,585,591,592,596,599,600,604,607,609,618,619,620,635,638,641,642,652,656,661,665,668,669,678,679,680,681,689,690,691,697,698,699,702,709,710,711,723,739,757,786,802,820
0261_00090	10,11,15,19,34,144,146,147,179,180,256,257,258,284,285,286,287,294,300,333,341,345,352,354,356,358,359,371,372,377,378,384,385,387,388,391,393,394,397,400,401,404,413,417,419,421,422,432,435,438,442,443,447,450,452,454,465,471,472,473,474,475,476,479,481,483,490,491,496,501,503,507,508,509,512,514,517,521,524,525,528,531,532,533,534,539,540,546,547,550,553,556,557,565,571,577,579,583,585,586,587,593,596,600,601,604,608,609,614,619,629,634,635,641,644,646,658,661,665,666,669,678,679,680,684,768,831
0261_00091	10,11,15,16,19,34,179,181,182,256,257,284,285,286,287,294,300,333,345,346,352,353,356,359,366,371,372,373,374,376,377,380,382,385,388,390,391,393,394,397,400,401,404,417,419,421,422,435,436,440,442,443,444,446,447,448,450,451,452,454,465,473,483,485,488,489,492,494,496,503,505,507,509,512,517,520,522,524,528,529,531,536,539,540,541,546,547,550,554,556,561,573,577,581,586,594,597,602,614,622,625,629,637,644,648,655,658,673,674,675
0261_00092	10,11,15,16,17,34,144,146,147,179,181,182,256,257,258,259,284,285,286,294,300,333,341,352,354,356,358,359,360,366,374,376,377,378,379,380,384,385,387,388,389,390,391,393,394,397,400,401,404,417,419,422,432,438,439,442,443,448,450,451,454,465,473,483,485,486,488,489,492,496,500,505,507,509,520,522,524,528,529,531,539,541,546,548,550,556,561,570,573,586,594,597,602,612,614,622,629,637,655,658,675
0261_00093	10,11,15,16,19,34,179,181,182,256,257,284,285,286,287,294,300,333,341,345,352,353,356,358,359,371,372,375,376,377,380,382,385,388,390,391,393,394,397,400,401,404,417,419,421,422,432,435,438,440,442,443,444,447,450,451,452,454,465,473,483,485,488,489,491,494,496,503,505,507,509,512,520,524,525,528,531,536,539,540,546,547,550,554,556,557,561,571,573,580,581,583,586,593,594,596,597,600,601,602,609,614,622,624,625,629,634,635,637,641,644,648,655,658,661,666,669,672,674,675,679,680,684,685,693
0261_00094	10,11,12,15,19,20,21,179,180,256,284,285,286,287,309,333,334,341,345,346,347,352,353,356,357,366,367,371,372,375,377,378,381,385,391,392,406,407,417,421,431,435,438,440,441,442,444,447,450,452,453,463,465,471,491,496,517,521,525,537,538,541,546,550,553,557,565,567,571,579,583,585,586,593,596,600,601,603,604,608,609,614,616,619,629,634,635,641,646,647,657,658,660,661,665,666,669,678,679,680,684,689,698,709,710,711,735,759,798,822
0261_00095	10,11,12,15,16,19,20,21,34,144,146,147,179,180,256,257,258,284,285,286,287,294,301,309,333,334,341,345,346,350,352,353,354,356,357,359,366,369,371,372,373,374,375,376,377,378,385,388,391,392,397,409,415,417,419,421,423,431,435,436,438,440,442,443,444,446,447,448,450,452,454,458,459,460,465,466,468,471,478,491,492,496,497,503,516,517,518,521,522,524,525,531,539,540,541,546,547,550,553,556,557,561,565,571,577,579,583,585,586,593,594,596,600,601,602,604,608,609,614,617,619,622,629,634,635,637,641,645,646,647,648,655,657,658,661,665,666,669,675,678,679,680,684,689,698,709,710,711,735,759,798,822
0261_00096	10,11,15,16,17,19,20,144,146,147,179,181,182,256,257,258,259,284,285,286,287,300,301,333,334,345,346,352,353,356,357,359,360,366,371,373,374,376,377,379,380,382,385,386,388,389,390,391,393,394,395,397,399,400,401,404,417,419,421,423,431,436,439,440,442,443,444,446,447,448,450,451,452,454,465,468,473,478,483,485,487,488,489,494,496,497,505,507,516,518,520,523,524,528,531,536,539,546,550,554,556,561,573,577,581,586,594,597,602,614,617,622,625,629,636,637,645,646,648,651,655,658,673,674,675
0261_00097	10,11,12,15,16,17,24,25,26,34,38,39,144,146,147,179,180,256,257,258,284,285,286,288,294,295,300,301,333,334,341,343,345,352,354,356,357,358,359,363,364,371,372,376,377,378,379,380,384,385,388,391,394,397,413,417,419,420,423,430,431,432,435,438,439,442,443,447,450,451,454,465,467,468,471,478,483,487,488,491,496,501,502,504,508,516,518,521,524,525,531,532,534,539,546,550,551,553,556,557,561,565,569,571,578,579,583,585,586,587,592,593,594,596,599,600,601,602,604,608,609,610,614,617,619,622,629,634,635,636,641,645,655,657,658,661,665,666,669,675,677,678,679,680,684,689,709,710,711,717,739,753,772,780,802,816,835
0261_00098	10,11,12,15,16,17,19,20,24,25,26,34,38,39,144,146,147,179,180,256,257,258,284,285,286,288,294,295,300,301,333,334,341,343,345,352,354,356,357,358,359,363,364,371,372,376,377,378,379,380,384,385,388,391,394,397,413,415,417,419,420,423,430,431,432,435,438,439,442,443,447,450,451,454,458,460,465,466,467,468,471,478,483,487,488,491,496,501,502,504,508,516,518,521,524,525,531,532,534,539,546,550,551,553,556,557,561,565,569,571,578,579,583,585,586,587,592,593,594,596,599,600,601,602,604,608,609,610,614,617,619,622,629,634,635,636,641,645,655,657,658,661,665,666,669,675,677,678,679,680,684,689,709,710,711,717,739,753,772,780,802,816,835
0261_00099	10,11,12,15,16,17,24,25,26,38,39,144,146,147,179,180,256,257,258,284,285,286,288,295,300,301,333,334,341,343,345,352,356,357,358,359,363,364,371,372,376,377,378,379,380,385,388,391,394,397,417,419,420,423,430,431,432,435,438,439,442,443,447,450,451,454,465,467,468,471,478,483,487,488,491,496,502,504,516,518,521,524,525,531,539,546,550,551,553,556,557,561,565,569,571,578,579,583,585,586,592,593,594,596,599,600,601,602,604,608,609,610,614,617,619,622,629,634,635,636,641,645,655,657,658,661,665,666,669,675,677,678,679,680,684,689,709,710,711,717,739,753,772,780,802,816,835
0261_00100	10,11,12,15,19,20,21,34,179,180,256,284,285,286,287,294,309,333,334,341,345,346,347,350,352,353,354,356,357,366,367,369,371,372,375,377,378,385,391,392,406,409,415,417,421,431,435,438,440,442,444,447,450,452,458,459,460,465,466,471,491,496,517,521,525,541,546,550,553,557,565,567,571,579,583,585,586,593,596,600,601,604,608,609,614,616,619,629,634,635,641,646,647,657,658,660,661,665,666,669,678,679,680,684,689,698,709,710,711,735,759,798,822
0261_00101	10,11,12,19,20,21,34,284,285,287,309,333,345,347,353,367,375,409,459,460,583,638,680,681,689,690,697,699
0261_00102	10,11,12,19,20,21,34,284,285,287,309,333,345,347,353,367,375,409,459,460,583,638,680,681,689,690,697,699
0261_00103	10,11,12,19,20,179,180,186,187,256,258,284,285,287,309,333,334,335,342,345,353,356,357,371,372,375,382,383,385,407,417,431,435,442,447,471,491,499,517,521,525,542,543,549,553,557,565,571,574,575,579,583,585,591,596,600,604,607,609,618,619,620,635,638,641,642,652,656,661,665,668,669,678,679,680,681,689,690,697,698,699,700,709,710,711,712,713,715,778
0261_00104	10,11,12,19,20,179,180,186,187,256,258,284,285,287,309,333,334,342,345,353,356,357,371,372,382,383,385,407,417,431,435,442,447,471,491,499,517,521,525,542,543,549,553,557,565,571,574,575,579,583,585,591,596,600,604,607,609,618,619,620,635,638,641,642,652,656,661,665,668,669,678,679,680,681,689,690,697,698,699,709,710,711,715,778
0261_00105	10,11,12,19,20,179,180,256,284,285,287,309,333,334,336,345,353,356,357,371,372,375,381,385,407,417,421,431,435,441,442,444,447,453,471,491,517,521,525,536,553,557,565,571,579,580,583,585,596,598,600,604,609,618,619,635,638,641,642,656,661,665,669,678,679,680,681,685,689,690,693,697,698,699,705,709,710,711,713,714,777
0261_00106	10,11,19,38,179,180,256,284,285,287,295,309,333,334,342,343,345,353,356,357,363,371,372,375,382,383,385,407,417,431,435,442,447,471,491,499,502,504,517,521,525,542,543,549,551,553,557,565,571,574,575,579,583,585,591,592,596,599,600,604,607,609,618,619,620,635,638,641,642,652,656,661,665,668,669,678,679,680,681,689,690,700,709,710,711,723,736,760,786,799,823
0261_00107	10,11,12,19,179,180,186,187,256,258,284,285,287,309,333,334,342,345,353,356,357,371,372,382,383,385,386,407,417,431,435,442,447,471,491,499,517,521,525,542,543,549,553,557,565,571,574,575,579,583,585,591,596,600,604,607,609,618,619,620,635,638,641,642,652,656,661,665,668,669,678,679,680,681,689,690,697,699,700,709,710,711,713,736,756,757,799,819,820
0261_00108	10,11,12,19,179,180,256,284,285,287,309,333,334,342,345,353,356,357,371,372,375,382,383,385,407,417,431,435,442,447,471,491,499,517,521,525,542,543,549,553,557,565,571,574,575,579,583,585,591,596,600,604,607,609,618,619,620,635,638,641,642,652,656,661,665,668,669,678,679,680,681,689,690,697,698,699,709,710,711,715,778
0261_00109	10,11,12,19,179,180,256,284,285,287,309,333,334,336,342,345,353,356,357,371,372,375,382,383,385,407,417,431,435,442,447,471,491,499,517,521,525,542,543,549,553,557,565,571,574,575,579,583,585,591,596,600,604,607,609,618,619,620,635,638,641,642,652,656,661,665,668,669,678,679,680,681,689,690,697,698,699,700,709,710,711,713,714,736,757,777,799,820
0261_00110	10,11,12,19,179,180,186,187,256,258,284,285,287,309,333,334,342,345,353,356,357,371,372,382,383,385,407,417,431,435,442,447,471,491,499,517,521,525,542,543,549,553,557,565,571,574,575,579,583,585,591,596,600,604,607,609,618,619,620,635,638,641,642,652,656,661,665,668,669,678,679,680,681,689,690,697,698,699,709,710,711,713,757,820
0261_00111	10,11,12,19,179,180,186,187,256,258,284,285,287,309,333,334,335,342,345,353,356,357,371,372,375,382,383,385,407,417,431,435,442,447,471,491,499,517,521,525,542,543,549,553,557,565,571,574,575,579,583,585,591,596,600,604,607,609,618,619,620,635,638,641,642,652,656,661,665,668,669,678,679,680,681,689,690,697,698,699,700,709,710,711,712,713,715,778
