id	bits.on
0179_00001	29,43,48,53,69,82,84,90,97,100,102,104,106,111,112,124,130,131,132,138,139,146,147,148,151,153,155,158,159,161,164
0179_00002	82,90,91,104,109,118,123,128,129,131,132,139,146,147,153,154,155,157,159,164
0179_00003	22,49,66,84,95,104,111,112,123,133,151,154,156,157,158,159,161,164,165
0179_00004	49,89,105,113,123,125,127,139,143,144,145,146,150,152,154,157,159,162,163,164,165
0179_00005	38,53,54,57,62,65,72,75,77,78,79,80,82,83,85,89,90,91,92,93,95,96,97,98,105,109,110,117,119,120,121,122,127,131,132,133,135,137,139,140,142,143,144,146,148,150,151,152,153,155,156,157,158,159,160,161,162,163,164,165
0179_00006	54,65,75,77,79,80,83,84,85,90,93,95,96,104,108,111,120,121,122,123,131,137,139,142,148,151,154,155,156,157,158,159,160,161,162,164,165
0179_00007	53,54,79,82,84,90,95,97,100,104,111,123,131,139,142,151,153,154,155,156,157,158,159,161,164
0179_00008	49,72,89,113,123,127,131,139,140,143,144,146,150,152,154,157,159,162,163,164,165
0179_00009	53,89,113,127,131,139,143,144,146,150,152,154,157,159,160,162,163,164,165
0179_00010	37,38,43,53,65,77,79,80,89,92,95,97,98,105,106,110,113,117,120,121,125,127,131,136,137,142,143,145,151,154,156,159,161,162,163,164,165
0179_00011	49,89,113,123,127,131,139,140,143,144,146,150,152,154,157,159,162,163,164,165
0179_00012	53,54,57,72,79,82,84,89,90,91,92,95,97,98,109,110,117,127,131,132,133,137,139,140,142,143,146,150,151,152,153,154,155,156,157,158,159,160,161,163,164,165
0179_00013	54,66,74,84,95,112,123,131,139,149,151,154,156,157,158,159,160,161,164
0179_00014	53,54,72,82,89,90,91,104,109,128,131,132,139,140,146,152,153,154,155,157,159,164
0179_00015	54,72,86,88,90,91,93,104,115,116,123,131,132,139,146,147,152,153,154,155,157,159,160,164
0179_00016	49,72,104,114,123,132,139,146,152,154,155,157,159,160,164
0179_00017	90,104,113,123,127,131,132,139,143,144,146,150,152,154,155,157,159,162,163,164,165
0179_00018	90,91,104,115,116,123,131,132,136,139,140,146,147,154,155,157,159,160,164
0179_00019	29,43,48,53,69,72,82,89,90,91,102,106,109,112,123,124,126,130,131,132,136,139,140,146,148,152,153,154,155,157,159,164
0179_00020	65,95,98,105,121,123,125,137,139,145,154,156,157,159,161,162,163,164,165
0179_00021	49,90,91,113,123,127,132,139,143,144,146,147,150,152,154,155,157,159,162,163,164,165
0179_00022	49,72,113,123,127,132,136,139,140,143,146,152,154,155,157,159,162,163,164,165
0179_00023	54,72,113,123,127,131,139,140,143,144,146,150,152,154,157,159,162,163,164,165
0179_00024	49,72,113,123,127,131,139,140,143,144,146,150,152,154,157,159,162,163,164,165
0179_00025	54,72,91,104,113,123,127,131,132,139,140,143,144,146,150,152,154,155,157,159,162,163,164,165
0179_00026	54,72,82,104,109,113,127,131,132,139,140,143,144,146,150,152,153,155,157,159,162,163,164,165
0179_00027	27,54,84,87,90,95,104,107,111,113,123,125,126,127,131,134,139,140,143,144,145,146,150,151,152,154,155,156,157,158,159,161,162,163,164,165
0179_00028	27,54,84,87,90,95,104,107,111,113,123,127,131,134,139,143,144,146,150,151,152,154,155,156,157,158,159,161,162,163,164,165
0179_00029	49,84,95,113,123,127,131,133,135,139,143,144,146,150,151,152,154,156,157,158,159,161,162,163,164,165
0179_00030	49,84,97,113,123,127,131,133,135,139,143,146,151,152,154,156,157,158,159,161,162,163,164,165
0179_00031	50,54,72,76,89,90,99,104,123,127,131,132,136,139,140,143,146,150,152,154,157,159,163,164,165
0179_00032	49,53,84,95,97,113,123,127,131,133,135,139,143,144,146,150,151,152,154,156,157,158,159,161,162,163,164,165
0179_00033	49,113,123,127,139,143,146,152,154,157,159,162,163,164,165
0179_00034	53,66,89,91,104,112,115,123,131,132,136,139,140,146,152,154,155,157,159,160,164
0179_00035	54,72,93,113,123,126,127,131,139,140,143,144,146,150,152,154,157,159,160,162,163,164,165
0179_00036	72,82,84,93,100,104,111,113,126,127,131,139,143,144,147,150,151,152,153,155,157,158,159,160,161,162,163,164,165
0179_00037	54,72,84,90,93,95,104,111,113,123,126,127,131,139,140,143,144,146,150,151,152,154,155,156,157,158,159,160,161,162,163,164,165
0179_00038	83,92,96,105,110,117,121,127,135,137,143,144,150,151,154,156,158,160,161,162,163,164,165
0179_00039	38,54,65,75,77,78,79,80,83,85,93,96,98,105,119,120,121,122,131,133,135,137,142,148,151,156,158,160,161,162,163,165
0179_00040	65,75,77,79,80,82,83,84,85,93,96,100,104,108,111,116,120,121,122,137,142,144,147,148,150,151,153,155,156,158,160,161,162,165
0179_00041	24,49,54,56,63,70,71,84,89,90,94,95,102,104,111,113,119,122,123,124,127,130,131,133,135,136,139,140,142,143,144,146,148,150,151,152,154,155,156,157,158,159,161,162,163,164,165
0179_00042	29,43,48,54,69,72,89,90,102,104,106,109,112,123,124,126,130,131,132,136,139,140,146,148,152,153,154,155,157,159,164
0179_00043	40,51,53,54,55,58,60,61,67,69,73,84,88,90,95,97,102,104,111,123,124,130,131,132,136,139,140,146,148,151,153,154,155,156,157,158,159,161,164
0179_00044	49,82,90,92,100,104,108,110,111,116,117,118,123,132,136,146,147,151,153,154,155,156,157,158,159,160,161,164
0179_00045	49,84,123,133,135,151,154,156,157,158,159,161,162,163,164,165
0179_00046	99,113,123,127,131,139,143,146,152,154,157,159,162,163,164,165
0179_00047	25,43,77,78,84,90,91,100,104,106,111,118,119,123,131,132,139,142,147,151,153,154,155,156,157,158,159,161,164
0179_00048	54,72,82,93,104,109,113,126,127,131,132,139,140,143,144,146,150,152,153,155,157,159,160,162,163,164,165
0179_00049	49,113,123,127,139,143,146,152,154,157,159,162,163,164,165
0179_00050	54,84,95,113,123,127,131,139,143,146,151,152,154,156,157,158,159,161,162,163,164,165
0179_00051	53,65,77,79,83,96,97,104,111,120,121,123,131,132,137,139,142,151,154,155,156,157,159,161,162,164,165
0179_00052	54,72,113,127,131,139,143,144,150,152,157,159,160,162,163,164,165
0179_00053	53,65,82,89,91,95,97,98,109,113,121,123,127,131,137,139,140,143,144,146,150,152,153,154,155,156,157,159,160,161,162,163,164,165
0179_00054	65,98,105,121,123,125,137,139,145,154,156,157,159,161,162,163,164,165
0179_00055	65,77,79,83,96,105,120,121,137,142,144,149,150,151,156,160,161,162,163,165
0179_00056	82,84,90,91,95,100,104,123,129,131,132,136,139,146,147,151,152,153,154,155,157,158,159,161,164
0179_00057	82,84,90,91,100,104,111,118,123,129,131,132,139,147,151,153,154,155,157,158,159,161,164
0179_00058	38,54,57,62,65,72,75,77,79,80,83,84,85,89,92,95,96,97,98,105,110,117,120,121,122,127,131,133,135,137,139,142,143,146,148,150,151,152,156,157,158,159,160,161,162,163,164,165
0179_00059	65,83,90,91,96,104,105,113,121,123,127,131,132,137,139,143,146,151,152,154,155,156,157,159,161,162,163,164,165
0179_00060	54,82,84,90,91,95,100,104,111,123,129,131,132,139,142,146,147,151,152,153,154,155,156,157,158,159,161,164
0179_00061	54,65,83,84,90,91,95,96,104,105,111,113,121,123,127,131,137,139,142,143,146,151,152,154,155,156,157,158,159,161,162,163,164,165
0179_00062	37,38,43,65,77,80,84,97,98,106,110,113,117,120,121,127,131,133,135,137,142,143,144,150,151,154,156,158,160,161,162,163,164,165
0179_00063	90,91,104,118,123,128,129,131,132,136,139,140,146,147,154,155,157,159,164
0179_00064	53,65,92,97,98,110,113,117,121,123,127,131,136,137,139,143,146,151,154,156,157,159,161,162,163,164,165
0179_00065	29,43,48,53,54,69,72,89,90,91,102,104,106,109,112,123,124,126,130,131,132,136,139,140,146,148,152,153,154,155,157,159,164
0179_00066	30,49,74,85,86,93,95,100,108,109,111,112,115,116,122,123,126,132,138,141,147,148,149,153,154,155,157,158,159,160,161,164
0179_00067	38,54,65,77,79,80,83,84,96,98,105,120,121,131,133,135,137,142,151,156,158,161,162,163,165
0179_00069	38,53,54,57,62,65,72,75,77,79,80,82,83,84,85,89,90,91,92,95,96,97,98,105,109,110,117,120,121,122,127,131,132,133,135,137,139,140,142,143,146,148,150,151,152,153,155,156,157,158,159,161,162,163,164,165
0179_00070	29,38,48,57,62,65,69,72,75,77,79,80,82,83,84,85,89,92,95,96,97,98,101,102,105,106,109,110,112,117,120,121,122,124,127,130,131,132,133,135,137,139,140,142,143,146,148,151,152,153,155,156,157,158,159,161,162,163,164,165
0179_00071	29,38,43,48,57,62,65,69,72,75,77,79,80,83,84,85,89,90,91,92,95,96,97,98,102,105,106,109,110,112,117,120,121,122,124,126,127,130,131,132,133,135,136,137,139,140,142,143,146,148,150,151,152,153,155,156,157,158,159,161,162,163,164,165
0179_00072	29,38,48,53,54,57,62,65,69,72,75,77,79,80,83,84,85,89,90,91,92,95,96,97,98,102,105,106,109,110,112,117,120,121,122,123,124,126,127,130,131,132,133,135,136,137,138,139,140,142,143,146,148,150,151,152,153,155,156,157,158,159,161,162,163,164,165
0179_00073	29,38,43,48,54,57,62,65,69,72,75,77,79,80,83,84,85,89,90,91,92,95,96,97,98,102,105,106,109,110,112,117,120,121,122,124,126,127,130,131,132,133,135,137,139,140,142,143,146,148,150,151,152,153,155,156,157,158,159,161,162,163,164,165
0179_00074	49,118,123,129,132,136,140,146,147,154,155,157,159,164
0179_00075	29,38,48,53,54,57,62,65,69,72,75,77,79,80,82,83,84,85,89,90,91,92,95,96,97,98,102,105,106,109,110,112,117,120,121,122,123,124,126,127,130,131,132,133,135,136,137,138,139,140,142,143,145,146,148,150,151,152,153,155,156,157,158,159,161,162,163,164,165
0179_00076	29,38,43,48,53,54,57,62,65,69,72,75,77,79,80,83,84,85,89,90,91,92,95,96,97,102,106,109,110,112,117,120,121,122,124,126,127,130,131,132,133,135,136,137,139,140,142,143,144,146,148,150,151,152,153,154,155,156,157,158,159,161,162,164,165
0179_00077	37,38,43,53,54,77,79,80,83,84,89,92,95,96,97,106,110,117,120,121,127,131,133,136,137,142,143,146,150,151,154,156,158,159,161,164,165
0179_00078	53,54,57,72,82,89,90,91,98,109,123,127,131,132,137,139,140,143,146,150,152,153,155,157,159,163,164,165
0179_00079	53,54,84,89,95,123,131,139,146,151,152,154,156,157,158,159,160,161,164
0179_00080	53,54,57,72,82,89,90,91,98,109,123,127,131,132,137,139,140,143,146,150,152,153,155,157,159,163,164,165
0179_00081	54,84,90,91,95,104,111,118,123,131,132,136,139,140,146,147,151,154,155,156,157,158,159,161,164
0179_00082	54,66,74,84,95,112,123,131,139,149,151,154,156,157,158,159,160,161,164
0179_00083	39,40,48,51,53,55,58,59,60,61,64,67,69,73,81,84,88,97,102,106,112,124,130,131,133,135,136,139,144,146,148,150,151,156,158,159,161,162,163,164,165
0179_00084	53,54,65,75,77,79,80,82,83,84,85,90,92,93,95,96,97,100,104,110,111,116,117,120,121,122,123,128,131,132,136,137,139,142,144,146,147,148,150,151,153,154,155,156,157,158,159,160,161,162,164,165
0179_00085	49,84,97,123,133,135,144,150,151,154,156,157,158,159,161,162,163,164,165
0179_00086	53,54,72,82,89,90,91,104,109,131,132,139,140,146,152,153,154,155,157,159,164
0179_00087	53,54,72,82,89,90,91,104,109,131,132,139,140,146,152,153,154,155,157,159,164
0179_00088	53,54,72,82,89,90,91,104,109,128,131,132,138,139,140,146,152,153,155,157,159,164
0179_00089	25,43,54,77,78,84,90,91,95,100,104,106,111,118,119,123,131,139,142,147,151,153,154,155,156,157,158,159,161,164
0179_00090	53,54,80,84,90,92,95,97,104,110,111,117,123,131,132,136,139,142,146,151,154,155,156,157,158,159,161,164
0179_00091	53,54,84,90,95,97,104,111,123,131,132,136,139,140,146,151,154,155,156,157,158,159,161,164
0179_00093	90,91,104,118,123,128,129,131,132,136,139,140,146,147,154,155,157,159,164
0179_00094	123,139,154,157,159,162,163,164,165
0179_00096	53,82,84,90,97,100,104,111,123,131,132,139,147,151,153,154,155,157,158,159,161,164
0179_00097	29,43,48,53,69,72,82,89,90,91,102,106,109,112,124,126,130,131,132,138,139,140,146,148,152,153,155,157,159,164
0179_00098	30,49,74,85,86,93,95,100,112,115,122,123,132,141,148,149,153,154,155,157,158,159,160,161,164
0179_00099	29,38,48,49,54,57,62,65,69,72,75,77,79,80,83,84,85,89,90,91,92,95,96,97,98,102,105,106,109,110,112,117,120,121,122,124,125,126,127,130,131,132,133,135,136,137,138,139,140,142,143,145,146,148,150,151,152,153,154,155,156,157,158,159,161,162,163,164,165
0179_00100	34,45,50,53,65,76,78,80,83,90,91,92,96,99,104,108,110,116,117,118,119,120,121,123,127,131,132,136,137,139,140,141,142,143,144,146,147,149,150,151,154,155,156,157,158,159,160,161,162,164,165
0179_00101	36,37,43,54,77,79,81,83,88,90,91,96,101,104,105,106,110,111,117,118,120,121,123,127,128,129,131,132,136,137,139,142,143,146,147,151,153,154,155,156,157,158,159,161,164,165
0179_00102	108,109,114,115,116,118,123,126,128,129,136,138,140,141,144,146,147,149,150,153,154,155,157,159,160,162,163,164,165
0179_00103	82,84,90,91,100,104,111,118,128,129,131,138,142,147,151,153,155,158,161
0179_00104	54,72,99,113,123,127,131,139,140,143,144,146,150,152,154,157,159,162,163,164,165
0179_00105	37,38,65,75,77,79,80,83,85,89,92,93,95,96,97,98,105,106,110,113,117,120,121,122,127,136,137,141,142,143,144,148,149,150,154,156,158,159,160,161,162,163,164,165
0179_00106	49,108,114,115,116,118,123,128,129,132,147,154,155,157,159,160,164
0179_00107	53,54,65,77,79,80,82,83,84,90,92,95,96,97,100,104,110,111,117,120,121,123,128,131,132,136,137,139,142,146,147,151,153,154,155,156,157,158,159,161,162,164,165
0179_00108	29,37,38,48,53,54,57,62,65,69,72,75,77,80,82,83,84,85,89,90,91,92,95,96,97,98,100,102,104,106,109,110,111,112,113,117,120,121,122,124,126,127,130,131,132,133,135,136,137,138,139,140,142,143,144,146,147,148,150,151,152,153,154,155,156,157,158,159,161,162,163,164,165
0179_00109	53,54,57,72,82,89,90,91,98,109,120,123,126,127,131,132,137,138,139,140,143,145,146,150,152,153,155,157,159,163,164,165
0179_00110	66,90,91,96,104,105,108,112,115,116,118,123,127,128,129,131,132,139,140,141,143,145,146,147,149,150,152,154,155,157,159,160,163,164,165
0179_00111	66,90,91,96,104,105,108,112,115,116,118,123,127,128,129,131,132,139,140,141,143,145,146,147,149,150,152,154,155,157,159,160,163,164,165
0179_00112	30,49,74,82,85,86,93,95,100,104,109,111,112,115,116,122,132,138,139,141,147,148,149,153,155,157,158,160,161,164
0179_00113	53,54,82,83,90,91,95,96,97,100,104,111,121,123,127,131,132,137,139,143,146,151,152,153,154,156,157,158,159,161,164,165
0179_00114	29,30,37,38,48,49,54,57,62,65,69,72,74,75,77,80,83,84,85,86,89,90,91,92,93,95,96,97,98,100,102,106,109,110,111,112,113,115,116,117,120,121,122,124,126,127,130,131,132,133,135,136,137,138,139,140,141,142,143,144,146,147,148,149,150,151,152,153,154,155,156,157,158,159,160,161,162,163,164,165
0179_00115	53,54,66,72,89,90,104,112,115,123,131,132,136,139,140,146,152,154,155,157,159,160,164
0179_00116	53,54,66,72,89,90,91,104,112,123,131,132,136,139,140,146,152,154,155,157,159,164
0179_00117	37,43,54,77,82,84,90,91,95,100,104,106,110,111,117,118,123,131,136,139,142,146,147,151,153,154,155,156,157,158,159,161,164
0179_00118	26,50,53,66,72,76,82,89,90,91,96,99,104,105,108,109,112,115,116,118,127,128,129,131,132,136,139,140,143,145,146,147,149,150,152,153,154,155,157,159,160,163,164,165
0179_00119	26,50,66,72,76,82,91,96,99,104,105,108,109,112,115,116,118,127,128,129,131,132,136,139,140,143,145,146,147,149,150,152,153,154,155,157,159,160,163,164,165
0179_00120	26,50,53,66,72,76,82,89,90,91,96,99,104,105,108,109,112,115,116,118,127,128,129,131,132,136,139,140,143,145,146,147,149,150,152,153,154,155,157,159,160,163,164,165
0179_00121	26,50,66,72,76,89,90,91,96,99,104,105,108,109,112,115,116,118,123,126,127,128,129,131,132,136,139,140,141,143,145,146,147,149,150,152,153,154,155,157,159,160,163,164,165
0179_00122	26,50,53,66,72,76,82,89,90,91,96,99,104,105,108,109,112,115,116,118,127,128,129,131,132,136,139,140,143,145,146,147,149,150,152,153,154,155,157,159,160,163,164,165
0179_00123	25,43,77,78,84,85,86,90,93,95,100,104,106,115,119,122,123,131,132,139,142,148,151,153,154,155,156,157,158,159,160,161,164
0179_00124	25,43,75,77,78,79,83,85,86,90,91,92,93,95,96,97,100,104,106,110,111,115,117,119,120,121,122,127,131,132,133,137,142,143,148,150,151,153,154,156,158,160,161,164,165
0179_00125	29,38,48,57,62,65,69,72,75,77,79,80,83,84,85,89,90,91,92,95,96,97,98,102,105,106,109,110,112,117,120,121,122,124,127,130,131,132,133,135,137,139,140,142,143,145,146,148,150,151,152,153,156,157,158,159,161,162,163,164,165
0179_00126	29,38,48,57,62,65,69,72,75,77,79,80,83,84,85,89,90,91,92,95,96,97,98,102,105,106,109,110,112,117,120,121,122,124,127,130,131,132,133,135,137,139,140,142,143,145,146,148,150,151,152,153,156,157,158,159,161,162,163,164,165
0179_00127	25,29,38,43,48,57,62,65,69,72,75,77,79,80,83,84,85,89,90,91,92,95,96,97,98,102,105,106,109,110,112,113,117,120,121,122,124,127,130,131,132,133,135,136,137,139,140,142,143,145,146,148,150,151,152,153,154,156,157,158,159,161,162,163,164,165
0179_00128	54,84,86,88,90,91,95,104,111,123,129,131,136,138,139,140,142,146,147,151,153,154,155,156,157,158,159,161,164
0179_00129	39,40,48,51,53,54,55,58,60,61,67,69,73,84,88,90,95,97,102,104,106,111,112,123,124,130,131,132,136,139,140,146,148,151,153,154,155,156,157,158,159,161,164
0179_00130	14,54,67,84,88,90,95,104,111,123,124,129,131,136,138,139,140,142,146,151,153,154,155,156,157,158,159,161,164
0179_00131	37,38,53,54,57,62,65,72,75,77,80,82,83,84,85,89,90,91,92,95,96,97,98,106,109,110,113,117,120,121,122,127,131,132,133,135,137,139,140,142,143,144,146,148,150,151,152,153,154,155,156,157,158,159,161,162,163,164,165
0179_00132	29,37,38,48,57,62,65,69,72,75,77,80,82,83,84,85,89,92,95,96,97,98,101,102,105,106,109,110,112,113,117,120,121,122,124,127,130,131,132,133,135,136,137,139,140,142,143,144,146,148,150,151,152,153,154,155,156,157,158,159,161,162,163,164,165
0179_00133	29,38,48,57,62,65,69,72,75,77,79,80,83,84,85,89,90,91,92,95,96,97,98,102,105,106,109,110,112,117,120,121,122,124,127,130,131,132,133,135,137,139,140,142,143,145,146,148,150,151,152,153,156,157,158,159,161,162,163,164,165
0179_00135	37,38,43,65,77,80,84,97,98,106,110,113,117,120,121,127,131,133,135,137,142,143,151,154,156,158,161,162,163,164,165
0179_00136	38,53,57,62,65,72,75,77,79,80,82,83,84,85,89,90,91,92,96,97,98,104,105,109,110,111,117,120,121,122,127,128,129,131,132,133,135,137,139,142,143,146,148,150,151,152,153,155,156,157,158,159,161,162,163,164,165
0179_00137	29,38,43,48,57,62,65,69,72,75,77,79,80,83,84,85,89,90,92,96,97,98,102,104,105,106,109,110,111,112,117,120,121,122,124,126,127,128,129,130,131,132,133,135,137,139,140,142,143,146,148,150,151,152,153,155,156,157,158,159,161,162,163,164,165
0179_00138	30,49,74,85,86,93,100,108,111,112,115,116,118,122,123,132,141,147,148,149,153,154,155,157,158,159,160,161,164
0179_00139	66,90,91,96,104,105,108,112,115,116,118,123,127,128,129,131,132,139,140,141,143,145,146,147,149,150,152,154,155,157,159,160,163,164,165
0179_00140	66,90,91,96,104,105,108,112,115,116,118,123,127,128,129,131,132,139,140,141,143,145,146,147,149,150,152,154,155,157,159,160,163,164,165
0179_00141	26,50,66,72,76,96,99,105,108,109,112,115,116,118,123,126,127,128,129,132,136,140,141,143,145,146,147,149,150,152,153,154,155,157,159,160,163,164,165
0179_00142	37,38,53,57,62,65,72,75,77,80,82,83,84,85,89,90,91,92,96,97,98,104,106,109,110,111,113,117,120,121,122,127,128,129,131,132,133,135,137,139,140,142,143,144,146,148,150,151,152,153,154,155,156,157,158,159,161,162,163,164,165
0179_00143	29,37,38,43,48,57,62,65,69,72,75,77,80,83,84,85,89,90,92,96,97,98,102,104,106,109,110,111,112,113,117,120,121,122,124,126,127,128,129,130,131,132,133,135,136,137,139,140,142,143,144,146,148,150,151,152,153,154,155,156,157,158,159,161,162,163,164,165
0179_00144	25,38,43,53,57,62,65,72,75,77,79,80,82,83,84,85,89,90,91,92,95,96,97,98,104,105,106,109,110,111,113,117,120,121,122,127,128,129,131,132,133,135,137,139,140,142,143,146,148,150,151,152,153,154,155,156,157,158,159,161,162,163,164,165
0179_00145	25,29,38,43,48,57,62,65,69,72,75,77,79,80,83,84,85,89,90,92,95,96,97,98,102,104,105,106,109,110,111,112,113,117,120,121,122,124,126,127,128,129,130,131,132,133,135,136,137,139,140,142,143,146,148,150,151,152,153,154,155,156,157,158,159,161,162,163,164,165
0179_00146	53,54,72,82,89,90,91,104,109,129,131,132,139,140,146,152,153,154,155,157,159,164
0179_00147	37,53,57,62,65,72,75,77,80,82,83,85,89,90,91,92,96,97,98,104,106,109,110,111,113,117,120,121,122,127,128,129,131,132,133,136,137,139,140,142,143,144,146,148,150,151,152,153,154,155,156,157,158,159,161,162,163,164,165
0179_00148	29,37,43,48,57,62,65,69,72,75,77,80,83,85,89,90,91,92,96,97,98,102,104,106,109,110,111,112,113,117,120,121,122,124,126,127,128,129,130,131,132,133,136,137,139,140,142,143,144,146,148,150,151,152,153,154,155,156,157,158,159,161,162,163,164,165
0179_00149	26,50,66,74,76,90,96,99,104,105,108,112,115,116,118,127,128,129,132,139,141,143,145,147,149,150,152,155,157,160,163,164,165
0179_00150	37,43,54,77,79,83,90,91,96,104,106,108,110,111,116,117,118,120,121,123,127,128,129,131,132,136,137,139,142,143,146,147,150,151,154,155,156,157,158,159,160,161,164,165
0179_00151	53,54,57,72,83,89,96,123,127,131,136,137,139,140,143,146,150,152,154,157,159,164,165
0179_00152	54,84,90,91,95,104,111,118,123,131,136,139,140,142,146,147,151,154,155,156,157,158,159,161,164
0179_00153	25,38,43,53,54,65,72,77,78,79,80,82,84,90,91,92,95,97,98,100,105,106,108,110,111,113,117,119,120,121,127,131,133,135,137,139,142,143,144,145,146,151,152,153,154,156,157,158,159,160,161,162,163,164,165
0179_00154	37,43,49,53,77,80,89,91,92,95,97,98,104,106,110,111,117,120,121,123,127,131,132,136,137,140,142,143,146,151,154,156,157,158,159,161,163,164,165
0179_00155	37,43,53,77,80,82,89,90,91,92,97,98,100,104,106,110,111,117,120,121,127,131,132,136,137,142,143,147,151,153,154,156,158,159,161,163,164,165
0179_00156	53,54,57,72,82,84,89,90,91,95,97,98,109,123,127,131,132,133,137,139,140,143,146,150,151,152,153,155,156,157,158,159,161,163,164,165
0179_00157	54,72,82,84,91,100,104,111,113,127,131,139,143,144,147,150,151,152,153,155,157,158,159,161,162,163,164,165
0179_00158	54,82,84,90,91,95,100,104,111,118,123,131,139,142,147,151,153,154,155,156,157,158,159,161,164
0179_00159	29,43,48,53,54,57,69,72,83,89,90,91,96,102,106,109,112,123,124,126,127,130,131,132,137,139,140,143,146,148,150,152,153,155,157,159,164,165
0179_00160	90,91,99,104,108,114,118,123,128,129,132,139,147,154,155,157,159,160,164
0179_00161	54,72,82,86,93,95,100,104,113,115,127,131,132,139,143,144,146,150,151,152,153,155,157,158,159,160,161,162,163,164,165
0179_00162	53,54,72,82,89,90,91,104,109,129,131,132,138,139,140,146,152,153,155,157,159,164
0179_00163	66,90,91,96,104,105,108,112,113,115,116,118,127,128,129,131,132,139,143,144,145,147,150,152,157,159,160,162,163,164,165
0179_00164	29,43,48,69,82,84,90,91,95,100,102,104,106,109,111,112,124,126,130,131,132,138,139,140,146,147,148,151,153,155,157,158,159,161,164
0179_00165	65,83,90,91,96,105,108,109,114,121,123,126,129,132,137,151,153,154,155,156,157,159,160,161,162,163,164,165
0179_00166	53,89,90,114,123,131,136,139,140,146,154,155,157,159,160,164
0179_00167	72,93,99,113,123,126,127,131,139,140,143,144,146,150,152,154,157,159,160,162,163,164,165
0179_00168	53,54,57,72,82,89,90,91,98,104,109,112,123,127,129,131,132,137,138,139,140,143,146,150,152,153,155,157,159,163,164,165
0179_00169	29,43,48,53,54,69,72,82,89,90,91,102,104,106,109,112,124,126,130,131,132,136,138,139,140,146,148,152,153,154,155,157,159,164
0179_00170	53,54,57,72,89,98,123,127,131,137,139,140,143,146,150,152,157,159,160,163,164,165
0179_00171	99,123,131,136,139,140,146,154,157,159,164
0179_00172	53,54,72,82,89,90,91,104,109,131,132,138,139,140,146,152,153,155,157,159,164
0179_00173	53,54,57,72,82,84,89,90,91,95,97,98,109,123,127,131,132,133,137,139,140,143,146,150,151,152,153,155,156,157,158,159,161,163,164,165
0179_00174	53,54,57,72,82,89,90,91,98,109,123,127,131,132,137,139,140,143,146,150,152,153,155,157,159,163,164,165
0179_00175	53,54,57,72,89,98,123,127,131,137,139,140,143,146,150,152,154,157,159,163,164,165
0179_00176	82,84,90,91,100,104,111,118,123,131,132,139,147,151,153,154,155,157,158,159,161,164
0179_00177	49,99,108,114,115,116,118,123,128,129,132,147,154,155,157,159,160,164
0179_00178	53,54,72,82,89,90,91,104,109,123,131,132,139,140,146,152,153,154,155,157,159,164
0179_00180	53,54,57,72,82,89,90,91,98,109,123,127,131,132,137,139,140,143,146,150,152,153,154,155,157,159,163,164,165
0179_00181	53,54,57,72,82,89,90,91,98,109,123,127,131,132,137,139,140,143,146,150,152,153,154,155,157,159,163,164,165
0179_00182	53,54,72,82,84,89,90,91,95,97,104,109,123,131,132,139,140,146,151,152,153,154,155,156,157,158,159,161,164
0179_00183	53,54,57,72,82,84,89,90,91,95,97,98,109,123,127,131,132,133,137,139,140,143,146,150,151,152,153,155,156,157,158,159,161,163,164,165
0179_00184	29,43,48,53,54,57,69,72,84,89,90,91,95,97,98,102,106,109,112,123,124,126,127,130,131,132,133,137,139,140,143,146,148,150,151,152,153,155,156,157,158,159,161,163,164,165
0179_00185	39,40,48,53,54,55,57,58,60,61,67,69,72,73,84,88,89,90,91,95,97,98,102,106,109,112,123,124,126,127,130,131,132,133,136,137,139,140,143,146,148,150,151,152,153,155,156,157,158,159,161,163,164,165
0179_00186	29,43,48,53,54,57,69,72,82,89,90,91,98,102,106,109,112,123,124,126,127,130,131,132,137,139,140,143,146,148,150,152,153,155,157,159,163,164,165
0179_00187	29,43,48,53,54,57,69,72,89,90,91,98,102,106,109,112,123,124,126,127,130,131,132,137,139,140,143,146,148,150,152,153,155,157,159,163,164,165
0179_00188	29,43,48,53,54,57,69,72,89,90,91,98,102,106,109,112,123,124,126,127,130,131,132,137,139,140,143,146,148,150,152,153,155,157,159,163,164,165
0179_00189	54,84,90,91,95,104,111,123,131,132,136,139,140,146,147,151,154,155,156,157,158,159,161,164
0179_00190	54,84,90,91,92,95,104,110,111,117,123,131,132,136,139,142,146,147,151,154,155,156,157,158,159,161,164
0179_00191	90,91,104,118,123,131,132,136,139,140,146,147,154,155,157,159,164
0179_00193	30,49,74,85,86,89,90,91,93,95,100,104,108,112,115,118,122,123,126,128,132,136,139,140,141,146,147,148,149,152,153,154,155,157,158,159,160,161,164
0179_00194	53,54,79,82,84,88,90,91,92,95,100,104,110,111,117,123,128,131,132,136,138,139,140,142,146,147,151,153,154,155,156,157,158,159,161,164
0179_00195	29,43,48,54,69,72,82,89,90,102,104,106,109,112,124,126,130,131,132,138,139,140,146,148,152,153,155,157,159,164
0179_00196	54,72,82,89,90,104,108,109,114,115,116,118,123,126,128,129,131,132,138,139,140,146,147,152,153,154,155,157,159,160,164
0179_00197	54,66,82,90,91,92,95,96,100,104,105,108,110,111,112,115,116,117,118,123,127,128,129,131,132,136,139,140,141,143,145,146,147,149,150,151,152,153,154,155,156,157,158,159,160,161,163,164,165
0179_00198	54,66,82,90,91,92,95,96,100,104,105,108,110,111,112,115,116,117,118,123,127,128,129,131,132,136,139,140,141,143,145,146,147,149,150,151,152,153,154,155,156,157,158,159,160,161,163,164,165
0179_00199	25,43,77,78,84,90,95,100,104,106,119,123,131,132,139,142,151,153,154,155,156,157,158,159,161,164
0179_00200	25,43,77,78,84,90,91,95,97,104,106,111,119,123,131,132,136,139,140,142,146,151,154,155,156,157,158,159,161,164
0179_00201	25,38,43,54,65,77,79,80,83,84,92,95,96,97,98,105,106,110,113,117,120,121,127,131,133,135,137,142,143,151,154,156,158,161,162,163,164,165
0179_00202	25,38,43,53,54,57,62,65,72,75,77,79,80,82,83,84,85,89,90,91,92,95,96,97,98,105,106,109,110,113,117,120,121,122,127,131,132,133,135,137,139,140,142,143,146,148,150,151,152,153,154,155,156,157,158,159,161,162,163,164,165
0179_00203	25,29,38,43,48,54,57,62,65,69,72,75,77,79,80,83,84,85,89,90,91,92,95,96,97,98,102,105,106,109,110,112,113,117,120,121,122,124,126,127,130,131,132,133,135,136,137,139,140,142,143,146,148,150,151,152,153,154,155,156,157,158,159,161,162,163,164,165
0179_00204	54,82,92,95,100,104,110,117,123,131,132,136,139,146,151,153,154,155,156,157,158,159,161,162,163,164,165
0179_00205	53,65,77,79,80,82,83,84,90,96,100,104,111,120,121,131,137,142,147,151,153,155,156,158,161,162,165
0179_00206	53,54,65,77,79,80,83,84,90,95,96,104,111,120,121,123,131,137,139,142,151,154,155,156,157,158,159,161,162,164,165
0179_00208	53,54,65,77,79,80,82,83,84,90,91,95,96,104,109,111,120,121,131,137,139,142,151,153,155,156,157,158,161,162,164,165
0179_00209	53,54,82,84,88,90,91,95,104,111,123,131,139,147,151,153,154,155,156,157,158,159,161,164
0179_00210	36,81,83,84,88,90,91,95,96,104,111,127,133,137,143,147,150,151,153,154,156,158,161,164,165
0179_00211	14,54,67,84,88,90,91,95,104,111,118,123,124,128,129,131,136,138,139,140,142,146,147,151,153,154,155,156,157,158,159,161,164
0179_00212	90,91,104,113,123,127,131,132,139,140,143,144,146,150,152,154,155,157,159,162,163,164,165
0179_00213	53,54,82,84,90,91,95,97,104,109,111,123,131,132,139,146,147,151,153,154,155,156,157,158,159,161,164
0179_00214	72,93,104,113,123,126,127,131,132,139,140,143,144,146,150,152,154,155,157,159,160,162,163,164,165
0179_00215	54,72,90,104,113,123,127,131,132,139,140,143,146,152,154,155,157,159,162,163,164,165
0179_00216	40,51,53,55,58,60,61,67,69,73,82,84,88,90,97,100,102,104,111,124,130,131,132,138,139,147,148,151,153,155,158,159,161,164
0179_00217	38,54,65,77,79,80,83,92,95,96,97,98,105,110,113,117,120,121,127,131,137,142,143,151,154,156,161,162,163,164,165
0179_00218	65,83,84,90,91,92,96,104,105,110,111,117,121,131,132,137,142,151,154,155,156,158,161,162,163,164,165
0179_00219	49,65,83,90,91,96,105,121,123,132,137,151,154,155,156,157,159,161,162,163,164,165
0179_00220	49,65,83,90,91,96,105,121,123,132,137,151,154,155,156,157,159,161,162,163,164,165
0179_00221	65,82,83,90,91,96,104,105,109,121,131,132,137,139,147,151,153,155,156,157,161,162,163,164,165
0179_00222	65,83,90,91,93,96,105,116,121,123,126,132,137,151,154,155,156,157,159,160,161,162,163,164,165
0179_00223	65,83,90,91,96,105,121,132,137,151,154,155,156,161,162,163,164,165
0179_00224	38,53,54,57,62,65,72,75,77,79,80,82,83,85,89,90,91,92,95,96,97,98,105,109,110,113,117,120,121,122,127,131,132,133,137,139,140,142,143,146,148,150,151,152,153,154,155,156,157,158,159,161,162,163,164,165
0179_00225	29,38,43,48,54,57,62,65,69,72,75,77,79,80,83,85,89,90,91,92,95,96,97,98,102,105,106,109,110,112,113,117,120,121,122,124,126,127,130,131,132,133,136,137,139,140,142,143,146,148,150,151,152,153,154,155,156,157,158,159,161,162,163,164,165
0179_00226	29,38,43,48,54,57,62,65,69,72,75,77,79,80,83,85,89,90,91,92,95,96,97,98,102,105,106,109,110,112,113,117,120,121,122,124,126,127,130,131,132,133,136,137,139,140,142,143,146,148,150,151,152,153,154,155,156,157,158,159,161,162,163,164,165
0179_00227	53,54,72,89,90,91,104,123,131,132,136,139,140,146,152,154,155,157,159,164
0179_00228	54,84,90,91,95,114,115,123,131,139,149,151,154,155,156,157,158,159,160,161,164
0179_00229	34,50,76,90,99,104,123,131,132,136,139,140,146,154,155,157,159,164
0179_00230	54,65,95,97,98,105,113,121,123,125,127,131,136,137,139,143,145,146,151,152,154,156,157,159,161,162,163,164,165
0179_00231	54,84,90,91,95,97,104,111,123,131,132,133,135,136,139,142,144,146,150,151,152,154,155,156,157,158,159,161,162,163,164,165
0179_00233	54,72,123,131,139,146,152,154,157,159,160,164
0179_00234	53,54,57,72,82,89,90,91,98,109,120,123,126,127,131,132,137,138,139,140,143,145,146,150,152,153,155,157,159,163,164,165
0179_00235	54,84,95,123,131,139,151,154,156,157,158,159,160,161,164
0179_00236	49,108,114,115,116,118,123,128,129,132,147,154,155,157,159,160,164
0179_00237	30,49,74,85,86,89,93,95,100,108,112,114,115,116,118,122,123,126,128,129,132,136,140,141,146,147,148,149,152,153,154,155,157,158,159,160,161,164
0179_00238	30,49,74,85,86,89,93,95,100,104,108,112,115,122,123,132,139,141,146,148,149,152,153,154,155,157,158,159,160,161,164
0179_00239	54,72,84,90,91,95,104,111,113,123,127,131,139,140,143,144,146,150,151,152,154,155,156,157,158,159,161,162,163,164,165
0179_00240	54,74,84,90,95,104,111,115,123,131,139,149,151,154,155,156,157,158,159,160,161,164
0179_00241	53,54,57,72,82,83,89,91,96,104,109,123,127,131,132,137,139,140,143,146,150,152,153,154,155,157,159,164,165
0179_00242	27,54,84,87,90,95,104,107,111,113,123,125,126,127,131,134,139,140,143,144,145,146,150,151,152,154,155,156,157,158,159,161,162,163,164,165
0179_00243	14,36,67,81,83,84,88,90,91,92,96,104,110,111,117,118,120,124,128,129,132,137,147,151,153,154,155,156,158,161,164,165
0179_00244	66,90,91,96,104,105,108,112,115,116,118,123,127,128,129,131,132,139,141,143,145,146,147,149,150,152,154,155,157,159,160,163,164,165
0179_00245	39,40,48,51,53,55,58,60,61,66,67,69,73,82,88,90,91,92,96,97,100,102,104,105,106,108,110,111,112,115,116,117,118,124,127,128,129,130,131,132,136,138,139,140,141,143,145,146,147,148,149,150,151,152,153,154,155,156,157,158,159,160,161,163,164,165
0179_00246	54,82,84,90,91,95,100,104,111,118,123,131,139,142,147,151,153,154,155,156,157,158,159,161,164
0179_00247	54,65,79,83,84,90,91,92,95,96,104,105,110,111,117,121,131,137,142,151,154,155,156,158,161,162,163,164,165
0179_00248	37,38,43,53,65,77,79,80,89,92,95,97,98,105,106,110,113,117,120,121,125,127,131,136,137,142,143,144,145,149,150,151,154,156,159,160,161,162,163,164,165
0179_00249	54,82,84,90,91,95,100,104,111,118,123,129,131,139,142,147,151,153,154,155,156,157,158,159,161,164
0179_00250	54,82,84,90,91,95,100,104,111,118,123,129,131,139,142,147,151,153,154,155,156,157,158,159,161,164
0179_00251	53,54,72,89,90,104,123,131,132,136,139,140,146,152,154,155,157,159,164
0179_00253	49,99,123,136,140,146,154,157,159,164
0179_00254	53,54,57,72,82,89,90,91,98,109,120,123,126,127,131,132,137,138,139,140,143,145,146,150,152,153,155,157,159,163,164,165
0179_00255	49,72,123,139,146,152,154,157,159,162,163,164,165
0179_00256	53,54,72,82,89,90,91,104,109,131,132,138,139,140,146,152,153,155,157,159,164
0179_00257	53,54,57,72,82,89,90,91,98,109,123,127,131,132,137,139,140,143,146,150,152,153,155,157,159,163,164,165
0179_00258	29,43,48,53,54,57,69,72,89,90,91,98,102,106,109,112,123,124,126,127,130,131,132,137,139,140,143,146,148,150,152,153,155,157,159,163,164,165
0179_00259	65,82,83,90,91,92,93,96,100,104,105,108,110,111,113,116,117,121,126,127,131,137,142,143,147,149,151,152,153,154,155,156,157,158,159,160,161,162,163,164,165
0179_00260	53,54,57,72,82,89,90,91,98,109,120,123,126,127,131,132,137,138,139,140,143,145,146,150,152,153,155,157,159,163,164,165
0179_00261	54,84,86,88,90,91,93,95,104,111,115,116,123,131,139,147,151,153,154,155,156,157,158,159,160,161,164
0179_00262	32,33,51,54,58,60,61,67,69,73,84,86,88,90,91,93,94,95,102,104,111,112,115,116,117,119,123,124,130,131,132,136,139,142,146,147,148,151,153,154,155,156,157,158,159,160,161,164
0179_00263	91,104,115,123,131,132,136,139,140,146,154,155,157,159,160,164
0179_00264	82,84,90,93,100,104,108,111,116,118,123,126,132,147,151,153,154,155,157,158,159,160,161,164
0179_00265	53,54,57,72,82,89,90,91,93,98,109,123,126,127,131,132,137,139,140,143,146,150,152,153,155,157,159,160,163,164,165
0179_00266	53,89,123,131,136,139,140,146,154,157,159,160,164
0179_00267	38,54,57,62,65,72,75,77,79,80,83,84,85,86,88,89,90,91,92,93,95,96,97,98,105,110,115,117,120,121,122,127,131,132,133,135,137,139,142,143,146,148,150,151,152,153,155,156,157,158,159,160,161,162,163,164,165
0179_00268	49,53,66,82,89,90,91,104,109,112,115,116,123,129,131,132,139,140,146,147,152,153,154,155,157,159,160,164
0179_00269	53,54,72,89,127,131,139,140,143,146,150,152,157,159,163,164,165
0179_00270	90,91,104,108,114,115,116,118,123,128,129,132,139,147,154,155,157,159,160,164
0179_00271	30,49,54,74,84,85,86,90,91,93,95,100,104,108,111,112,115,116,118,122,123,129,131,139,141,142,147,148,149,151,153,154,155,156,157,158,159,160,161,164
0179_00272	25,54,74,77,78,84,85,86,90,91,93,95,100,104,106,108,111,118,119,122,123,131,139,142,147,148,149,151,153,154,155,156,157,158,159,160,161,164
0179_00273	25,54,74,77,78,84,85,86,90,91,93,95,100,104,106,108,111,118,119,122,123,131,139,142,147,148,149,151,153,154,155,156,157,158,159,160,161,164
0179_00274	54,92,95,110,117,123,131,136,139,146,149,151,154,156,157,158,159,160,161,164
0179_00275	53,54,80,84,90,92,95,97,104,108,110,111,117,123,131,132,136,139,140,142,146,151,154,155,156,157,158,159,160,161,164
0179_00276	53,54,90,92,95,97,104,108,110,111,117,123,131,132,136,139,140,146,151,154,155,156,157,158,159,160,161,164
0179_00277	53,54,82,88,90,92,95,104,108,110,111,117,123,131,136,139,146,151,153,154,155,156,157,158,159,160,161,164
0179_00278	53,54,57,72,82,89,90,91,92,95,97,98,109,110,117,123,127,131,132,133,137,139,140,143,146,150,151,152,153,154,155,156,157,158,159,160,161,163,164,165
0179_00279	53,54,57,72,82,89,90,91,92,95,97,98,109,110,117,123,127,131,132,133,137,139,140,143,146,150,151,152,153,154,155,156,157,158,159,160,161,163,164,165
0179_00280	54,90,91,92,95,104,108,110,111,117,123,131,132,136,139,140,146,147,151,154,155,156,157,158,159,160,161,164
0179_00281	54,82,92,95,100,104,110,116,117,123,131,132,136,139,146,151,153,154,155,156,157,158,159,160,161,164
0179_00282	54,74,90,92,95,104,108,110,111,115,117,123,131,136,139,141,146,149,151,154,155,156,157,158,159,160,161,164
0179_00283	53,54,57,72,82,89,90,91,92,95,97,98,109,110,117,123,127,131,132,133,137,139,140,143,146,150,151,152,153,154,155,156,157,158,159,160,161,163,164,165
0179_00284	54,86,88,90,91,92,93,95,104,108,110,111,115,116,117,123,131,136,139,146,147,149,151,153,154,155,156,157,158,159,160,161,164
0179_00285	53,54,57,72,82,89,90,92,95,97,98,104,109,110,112,117,123,127,131,132,133,136,137,139,140,143,146,150,151,152,153,154,155,156,157,158,159,160,161,163,164,165
0179_00286	54,90,92,95,104,108,110,111,117,123,131,136,139,146,151,154,155,156,157,158,159,160,161,162,163,164,165
0179_00287	75,83,85,90,91,92,95,96,100,108,110,111,116,117,118,121,122,123,136,137,139,146,147,148,150,153,154,156,157,158,159,160,161,164,165
0179_00288	82,84,90,91,92,100,104,108,110,111,116,117,118,129,131,138,142,147,151,153,154,155,156,158,160,161,164
0179_00289	53,54,82,89,90,92,95,104,108,109,110,111,117,123,131,136,139,140,146,151,153,154,155,156,157,158,159,160,161,164
0179_00290	65,82,83,90,91,92,96,100,104,105,108,110,111,113,116,117,121,127,131,137,139,142,143,147,151,152,153,154,155,156,157,158,159,160,161,162,163,164,165
0179_00291	54,65,83,90,91,92,95,96,104,105,108,110,111,117,121,123,131,136,137,139,142,146,151,154,155,156,157,158,159,160,161,162,163,164,165
0179_00292	29,38,43,48,49,53,54,57,62,65,69,72,75,77,79,80,83,84,85,89,90,91,92,95,96,97,98,102,105,106,109,110,112,117,120,121,122,124,125,126,127,130,131,132,133,135,136,137,138,139,140,142,143,145,146,148,150,151,152,153,154,155,156,157,158,159,161,162,163,164,165
0179_00293	54,82,84,90,91,92,95,100,104,108,110,111,117,118,123,129,131,136,139,142,146,147,151,153,154,155,156,157,158,159,160,161,164
0179_00294	54,86,88,90,91,93,95,104,110,111,115,116,117,123,131,136,139,146,147,151,153,154,155,156,157,158,159,160,161,164
0179_00295	65,80,84,92,97,98,110,117,121,137,142,151,154,156,158,161,162,163,164,165
0179_00296	29,38,48,49,53,54,57,62,65,69,72,75,77,79,80,83,84,85,89,90,91,92,95,96,97,98,102,105,106,109,110,112,113,117,120,121,122,124,125,126,127,130,131,132,133,136,137,138,139,140,142,143,145,146,148,150,151,152,153,154,155,156,157,158,159,161,162,163,164,165
0179_00297	49,65,97,98,121,123,137,154,157,159,161,162,163,164,165
0179_00298	53,54,90,93,95,97,104,111,116,123,131,132,136,139,140,146,151,154,155,156,157,158,159,160,161,164
0179_00299	54,90,91,93,95,104,108,111,116,123,131,132,136,139,140,146,147,151,154,155,156,157,158,159,160,161,164
0179_00300	65,82,83,86,90,91,93,96,100,104,105,111,115,116,121,131,137,142,147,151,153,155,156,158,160,161,162,163,165
0179_00301	49,108,114,115,116,118,123,128,129,132,147,154,155,157,159,160,164
0179_00302	54,72,82,84,95,100,104,113,127,131,132,139,143,144,146,150,151,152,153,155,157,158,159,161,162,163,164,165
0179_00303	54,84,90,91,95,104,111,114,115,116,118,123,131,139,147,151,154,155,156,157,158,159,160,161,164
0179_00304	54,72,82,84,93,95,100,104,113,126,127,131,132,139,143,144,146,150,151,152,153,155,157,158,159,160,161,162,163,164,165
0179_00305	53,80,82,84,86,90,100,104,111,118,128,129,131,138,142,147,151,153,155,158,161
0179_00306	54,84,90,91,95,104,111,114,115,123,131,139,147,151,154,155,156,157,158,159,160,161,164
0179_00307	30,49,74,85,86,89,93,95,100,108,112,115,122,123,126,132,136,140,141,146,148,149,152,153,154,155,157,158,159,160,161,164
0179_00308	54,84,89,90,95,104,109,111,116,123,126,131,136,139,140,146,151,153,154,155,156,157,158,159,160,161,164
0179_00309	54,72,82,89,90,99,104,108,109,114,115,116,118,123,126,128,129,131,132,138,139,140,146,147,152,153,154,155,157,159,160,164
0179_00310	82,90,91,104,109,118,123,128,129,131,132,139,146,147,153,154,155,157,159,164
0179_00311	29,43,48,69,82,84,90,91,95,100,102,104,106,109,111,112,124,126,130,131,132,138,139,140,146,147,148,151,153,155,157,158,159,161,164
0179_00312	29,43,48,54,69,84,89,90,95,102,104,106,109,111,112,123,124,126,130,131,136,139,140,146,148,151,153,154,155,156,157,158,159,161,164
0179_00313	49,54,79,82,90,91,92,95,100,104,110,111,114,117,123,128,131,132,136,140,142,146,147,151,153,154,155,156,157,158,159,160,161,164
0179_00314	37,43,49,53,65,77,80,89,92,95,97,98,106,110,113,117,120,121,123,127,131,136,137,140,142,143,146,151,154,156,157,159,161,162,163,164,165
0179_00315	37,43,49,53,65,77,80,89,92,95,97,98,106,110,113,117,120,121,123,127,131,136,137,140,142,143,146,151,154,156,157,159,161,162,163,164,165
0179_00316	54,84,90,91,95,97,104,109,111,118,123,126,128,129,131,132,136,139,140,146,147,151,153,154,155,156,157,158,159,161,164
0179_00317	54,83,90,91,92,95,96,104,110,111,117,121,123,127,131,132,136,137,139,143,146,147,151,154,156,157,158,159,161,164,165
0179_00318	53,54,57,72,82,83,89,90,91,96,98,104,109,112,120,123,126,127,128,131,132,137,138,139,140,143,146,150,152,153,155,157,159,163,164,165
0179_00319	30,49,74,85,86,89,93,95,100,108,112,114,115,116,118,122,123,126,128,129,132,136,140,141,146,147,148,149,152,153,154,155,157,158,159,160,161,164
0179_00320	53,54,66,72,74,82,89,90,91,92,95,97,100,104,109,110,111,112,115,117,123,131,132,136,138,139,140,146,147,149,151,152,153,154,155,156,157,158,159,160,161,164
0179_00321	37,38,65,75,77,79,80,83,85,89,92,93,95,96,97,98,105,106,110,113,117,120,121,122,127,136,137,142,143,144,148,149,150,151,154,156,158,159,160,161,162,163,164,165
0179_00322	82,84,100,104,111,147,151,153,155,158,161,162,163,165
0179_00323	54,84,90,95,104,111,123,131,139,151,154,155,156,157,158,159,161,162,163,164,165
0179_00324	54,82,84,95,100,104,131,132,139,151,152,153,155,157,158,161,162,163,164,165
0179_00325	25,29,43,48,53,69,77,78,84,85,86,90,93,94,95,97,100,102,104,106,112,115,117,119,122,123,124,130,131,132,136,139,140,142,146,148,151,153,154,155,156,157,158,159,160,161,164
0179_00326	25,29,43,48,53,69,77,78,84,85,86,90,93,94,95,97,100,102,104,106,112,115,117,119,122,123,124,130,131,132,136,139,140,142,146,148,151,153,154,155,156,157,158,159,160,161,164
0179_00327	29,43,48,53,69,89,102,104,106,112,123,124,130,131,132,136,139,140,146,148,153,154,155,157,159,164
0179_00328	29,43,48,54,69,84,89,90,95,102,104,106,109,111,112,123,124,126,130,131,136,139,140,146,148,151,153,154,155,156,157,158,159,161,164
0179_00329	54,82,90,91,95,98,100,104,111,118,121,123,129,131,137,139,147,151,153,154,156,157,158,159,161,163,164,165
0179_00331	54,82,84,95,100,104,113,127,131,132,139,143,151,152,153,155,157,158,159,161,162,163,164,165
0179_00332	26,39,40,48,50,55,58,60,61,66,67,69,73,76,88,91,96,99,102,105,106,108,112,115,116,118,124,126,127,128,129,130,132,136,139,140,141,143,145,146,147,148,149,150,152,154,157,159,160,163,164,165
0179_00333	54,82,83,90,91,95,96,100,104,111,118,121,123,131,137,139,147,151,153,154,156,157,158,159,161,164,165
0179_00334	53,54,57,72,82,89,90,91,98,104,109,112,123,127,129,131,132,137,138,139,140,143,146,150,152,153,155,157,159,163,164,165
0179_00335	25,38,43,65,77,79,80,84,92,95,97,98,105,106,110,113,117,120,121,125,127,131,133,135,137,142,143,145,151,154,156,158,161,162,163,164,165
0179_00336	38,65,77,79,80,83,96,98,105,120,121,137,142,151,156,161,162,163,165
0179_00337	65,82,89,91,95,97,98,109,113,121,127,131,137,139,143,144,146,150,152,153,154,155,156,157,159,160,161,162,163,164,165
0179_00338	53,65,82,84,90,91,95,97,98,100,108,109,113,121,127,129,131,137,138,139,142,143,144,150,151,152,153,155,156,157,158,159,160,161,162,163,164,165
0179_00339	53,65,82,89,90,91,95,97,98,108,109,113,121,127,129,131,137,138,139,143,144,146,150,152,153,155,156,157,159,160,161,162,163,164,165
0179_00340	54,83,90,91,92,95,96,104,110,111,117,121,123,127,131,132,136,137,139,143,146,147,151,154,156,157,158,159,161,164,165
0179_00341	53,54,66,72,89,90,91,104,112,123,127,131,132,139,140,143,146,150,152,154,157,159,163,164,165
0179_00342	65,95,97,98,121,123,131,136,137,139,140,144,146,150,154,156,157,159,161,162,163,164,165
0179_00343	65,98,105,121,125,137,145,156,161,162,163,165
0179_00344	50,66,74,76,82,99,108,109,112,115,116,118,139,141,147,149,150,153,155,157,160,163,164,165
0179_00345	53,54,57,72,89,98,123,127,131,137,139,140,143,146,150,152,157,159,160,163,164,165
0179_00346	53,54,72,82,89,90,91,104,109,128,131,132,138,139,140,146,152,153,155,157,159,164
0179_00347	37,38,53,54,65,72,75,77,79,80,82,85,89,90,91,92,95,97,98,100,104,105,106,109,110,113,117,120,121,122,127,128,131,132,136,137,138,139,140,142,143,144,145,146,148,149,150,151,152,153,154,155,156,157,158,159,160,161,162,163,164,165
0179_00348	53,54,57,72,89,90,91,98,104,109,123,127,131,132,137,139,140,143,146,150,152,153,157,159,163,164,165
0179_00349	54,72,90,91,99,113,123,125,126,127,131,132,136,139,140,143,144,145,146,150,152,154,155,157,159,162,163,164,165
0179_00350	53,54,72,89,123,131,136,139,140,146,152,154,157,159,164
0179_00351	38,49,54,57,62,65,72,75,77,79,80,83,84,85,86,88,89,90,91,92,95,96,97,98,104,105,110,111,117,120,121,122,123,127,129,131,132,133,135,137,138,139,140,142,143,146,147,148,150,151,152,153,154,155,156,157,158,159,161,162,163,164,165
0179_00352	38,49,54,57,61,62,65,72,75,77,79,80,83,84,85,86,88,89,90,91,92,93,95,96,97,98,104,105,110,111,115,116,117,120,121,122,123,127,129,131,132,133,135,137,138,139,140,142,143,146,147,148,150,151,152,153,154,155,156,157,158,159,160,161,162,163,164,165
0179_00353	54,72,82,91,98,100,104,105,108,111,113,116,121,127,131,137,139,143,144,145,147,150,151,152,153,156,157,158,159,160,161,162,163,164,165
0179_00354	54,82,86,93,95,100,104,115,123,131,132,139,151,153,154,155,157,158,159,160,161,164
0179_00355	54,84,86,88,90,91,95,104,111,123,131,132,136,138,139,140,146,151,153,154,155,156,157,158,159,161,164
0179_00356	90,91,104,118,123,128,129,131,132,136,139,140,146,147,154,155,157,159,164
0179_00357	3,44,54,84,86,90,91,93,95,104,111,115,116,123,131,139,147,151,153,154,155,156,157,158,159,160,161,164
0179_00358	53,54,82,84,89,90,95,104,109,111,123,131,139,146,151,153,154,155,156,157,158,159,161,164
0179_00359	65,82,83,84,90,91,96,100,104,105,111,113,121,127,131,137,139,142,143,147,151,152,153,155,156,157,158,161,162,163,164,165
0179_00360	65,82,83,84,90,91,96,100,104,105,111,113,121,127,131,137,139,142,143,147,151,152,153,155,156,157,158,161,162,163,164,165
0179_00361	54,79,82,84,86,88,90,91,92,95,100,104,108,110,111,114,115,116,117,118,123,128,129,131,132,136,138,139,140,142,146,147,151,153,154,155,156,157,158,159,160,161,164
0179_00362	50,53,54,72,76,89,90,91,99,104,123,127,131,132,139,140,143,146,150,152,154,157,159,163,164,165
0179_00363	49,99,123,154,157,159,160,164
0179_00364	53,54,72,82,89,90,91,104,109,131,132,138,139,140,146,152,153,155,157,159,164
0179_00365	53,54,57,72,82,89,90,91,98,104,109,112,123,127,129,131,132,137,138,139,140,143,146,150,152,153,155,157,159,163,164,165
0179_00366	53,80,82,84,86,90,91,100,104,111,118,128,129,131,138,142,147,151,153,155,158,161
0179_00367	53,80,82,84,86,90,91,100,104,111,118,128,129,131,138,142,147,151,153,155,158,161
0179_00368	53,80,82,84,86,90,91,100,104,111,118,128,129,131,138,142,147,151,153,155,158,161
0179_00369	53,54,82,84,89,90,91,95,104,108,109,111,114,115,116,118,128,129,131,132,139,147,151,152,153,155,156,157,158,159,160,161,164
0179_00370	53,54,57,72,82,83,89,90,91,96,98,109,112,120,123,126,127,128,131,132,137,138,139,140,143,145,146,150,152,153,155,157,159,163,164,165
0179_00371	49,108,114,115,116,118,123,128,129,132,147,154,155,157,159,160,164
0179_00372	90,91,104,118,123,128,129,131,132,136,139,140,146,147,154,155,157,159,164
0179_00373	90,104,123,131,132,136,139,140,146,147,154,155,157,159,164
0179_00374	53,54,57,72,82,83,89,90,91,96,98,109,112,120,123,126,127,128,131,132,137,138,139,140,143,146,150,152,153,155,157,159,163,164,165
0179_00375	53,54,57,72,82,89,90,91,98,104,109,112,123,127,129,131,132,137,138,139,140,143,146,150,152,153,155,157,159,163,164,165
0179_00376	39,40,48,51,53,55,58,60,61,67,69,73,82,84,88,90,97,100,102,104,106,111,112,124,130,131,132,136,138,139,146,147,148,151,153,155,158,159,161,164
0179_00377	37,38,65,75,77,79,80,83,85,89,92,93,95,96,97,98,105,106,110,113,117,120,121,122,127,136,137,142,143,144,148,149,150,151,154,156,158,159,160,161,162,163,164,165
0179_00378	37,38,65,75,77,79,80,83,85,89,92,93,95,96,97,98,105,106,110,113,117,120,121,122,127,136,137,142,143,144,148,149,150,151,154,156,158,159,160,161,162,163,164,165
0179_00379	36,38,47,49,65,75,77,80,81,82,83,84,85,88,90,96,98,100,104,108,109,116,120,121,122,128,131,132,133,135,137,138,139,142,144,147,148,149,150,151,153,155,156,157,158,160,161,162,163,164,165
0179_00380	29,36,38,43,47,48,49,65,69,75,77,80,81,83,84,85,88,90,91,96,98,100,102,106,108,109,112,116,120,121,122,124,126,128,130,131,132,133,135,137,138,139,140,142,144,146,147,148,149,150,151,153,155,156,157,158,159,160,161,162,163,164,165
0179_00381	29,36,38,43,47,48,49,65,69,75,77,80,81,83,84,85,88,89,90,96,98,100,102,106,108,109,112,116,120,121,122,124,126,128,130,131,132,133,135,136,137,138,139,140,142,144,146,147,148,149,150,151,153,155,156,157,158,159,160,161,162,163,164,165
0179_00382	38,47,59,64,65,77,79,80,81,83,88,93,96,98,105,120,121,137,142,151,156,160,161,162,163,165
0179_00383	53,54,84,89,95,123,131,139,146,151,152,154,156,157,158,159,160,161,164
0179_00384	37,53,57,62,65,72,75,77,80,82,83,85,89,90,91,92,96,97,98,104,106,109,110,111,113,117,120,121,122,127,128,129,131,132,133,136,137,139,140,142,143,144,146,148,150,151,152,153,154,155,156,157,158,159,160,161,162,163,164,165
0179_00385	29,37,43,48,57,62,65,69,72,75,77,80,83,85,89,90,91,92,96,97,98,102,104,106,109,110,111,112,113,117,120,121,122,124,126,127,128,129,130,131,132,133,136,137,139,140,142,143,144,146,148,150,151,152,153,154,155,156,157,158,159,160,161,162,163,164,165
0179_00386	29,37,43,48,57,62,65,69,72,75,77,80,83,85,89,90,91,92,96,97,98,102,104,106,109,110,111,112,113,117,120,121,122,124,126,127,128,129,130,131,132,133,136,137,139,140,142,143,144,146,148,150,151,152,153,154,155,156,157,158,159,160,161,162,163,164,165
0179_00387	37,43,53,65,77,80,89,92,97,98,106,110,113,117,120,121,127,131,136,137,142,143,144,150,151,154,156,159,160,161,162,163,164,165
0179_00388	53,54,65,75,77,79,80,83,84,85,90,91,92,95,96,100,104,110,111,117,118,120,121,122,127,128,131,132,136,137,140,142,143,146,147,148,150,151,153,154,155,156,158,159,161,162,164,165
0179_00389	27,54,84,87,90,95,104,107,111,113,123,125,126,127,131,134,139,140,143,144,145,146,150,151,152,154,155,156,157,158,159,161,162,163,164,165
0179_00390	53,54,82,83,90,91,95,96,97,100,104,111,121,123,127,131,132,137,139,143,146,151,152,153,154,156,157,158,159,161,164,165
0179_00392	99,123,139,154,157,159,162,163,164,165
0179_00393	54,72,90,91,104,118,127,129,131,132,139,143,147,150,152,157,159,163,164,165
0179_00394	53,54,57,72,82,89,90,91,98,109,120,123,126,127,131,132,137,138,139,140,143,145,146,150,152,153,155,157,159,163,164,165
0179_00395	49,65,75,85,93,97,98,121,122,123,137,148,154,157,158,159,160,161,162,163,164,165
0179_00396	65,82,83,84,90,91,96,100,104,105,111,121,131,137,142,147,151,153,155,156,158,161,162,163,165
0179_00397	54,65,83,84,90,91,95,96,104,105,111,121,123,131,137,139,142,151,154,155,156,157,158,159,161,162,163,164,165
0179_00398	54,65,83,84,90,91,95,96,104,105,111,121,123,131,137,139,142,151,154,155,156,157,158,159,161,162,163,164,165
0179_00399	82,84,100,104,111,113,127,131,139,143,147,151,152,153,155,157,158,161,162,163,164,165
0179_00400	54,84,90,95,104,111,113,123,127,131,139,143,146,151,152,154,155,156,157,158,159,161,162,163,164,165
0179_00401	37,43,53,65,77,80,89,92,97,98,106,110,113,117,120,121,127,131,136,137,142,143,151,154,156,159,161,162,163,164,165
0179_00402	37,43,49,53,65,77,80,89,92,97,98,106,110,113,117,120,121,123,127,131,136,137,140,142,143,144,146,150,151,154,156,157,159,161,162,163,164,165
0179_00403	37,38,43,53,54,65,77,79,80,83,89,92,95,96,97,98,105,106,110,113,117,120,121,127,131,136,137,142,143,146,151,154,156,159,161,162,163,164,165
0179_00404	37,43,53,77,82,84,90,91,97,100,104,106,110,111,117,123,131,132,136,139,142,146,147,151,153,154,155,156,157,158,159,161,164
0179_00405	37,53,54,57,62,65,72,75,77,80,82,83,85,89,90,91,92,95,96,97,98,106,109,110,113,117,120,121,122,127,131,132,133,136,137,139,140,142,143,144,146,148,150,151,152,153,154,155,156,157,158,159,161,162,163,164,165
0179_00406	29,37,43,48,54,57,62,65,69,72,75,77,80,83,85,89,90,91,92,95,96,97,98,102,106,109,110,112,113,117,120,121,122,124,126,127,130,131,132,133,136,137,139,140,142,143,144,146,148,150,151,152,153,154,155,156,157,158,159,161,162,163,164,165
0179_00407	65,77,79,83,96,99,120,121,123,131,137,139,142,151,154,156,157,159,161,162,164,165
0179_00408	66,90,91,96,104,105,108,112,115,116,118,123,127,128,129,131,132,139,140,141,143,145,146,147,149,150,152,154,155,157,159,160,163,164,165
0179_00409	54,74,84,95,123,131,139,149,151,154,156,157,158,159,160,161,164
0179_00410	37,38,43,53,54,65,77,79,80,83,89,92,95,96,97,98,105,106,110,113,117,120,121,127,131,136,137,142,143,151,154,156,159,161,162,163,164,165
0179_00411	37,38,43,53,54,57,62,65,72,75,77,79,80,82,83,85,89,90,91,92,95,96,97,98,105,106,109,110,113,117,120,121,122,127,131,132,133,136,137,139,140,142,143,146,148,150,151,152,153,154,155,156,157,158,159,161,162,163,164,165
0179_00412	29,37,38,43,48,53,54,57,62,65,69,72,75,77,79,80,83,85,89,90,91,92,95,96,97,98,102,105,106,109,110,112,113,117,120,121,122,124,126,127,130,131,132,133,136,137,139,140,142,143,146,148,150,151,152,153,154,155,156,157,158,159,161,162,163,164,165
0179_00413	54,65,95,97,98,105,113,121,123,125,127,131,136,137,139,140,143,145,146,151,152,154,156,157,159,161,162,163,164,165
0179_00414	53,54,72,82,89,90,91,104,109,128,131,132,138,139,140,146,152,153,155,157,159,164
0179_00415	53,54,57,72,89,90,91,98,104,109,123,127,131,132,137,139,140,143,146,150,152,153,157,159,163,164,165
