id	bits.on
0179_00005	10,11,12,15,16,17,19,20,21,144,146,147,151,154,179,181,182,256,257,258,259,284,285,286,287,300,309,333,340,341,342,345,346,347,352,353,356,358,359,360,366,367,374,375,376,377,378,379,380,385,387,388,389,390,391,392,394,397,398,404,406,407,417,419,432,438,439,442,443,448,450,451,454,465,473,483,485,486,488,489,492,496,500,505,507,520,522,524,531,539,541,546,548,550,556,561,567,568,570,572,573,583,586,593,594,597,602,612,613,614,615,618,622,629,637,638,639,640,655,657,658,660,663,664,675,681,682,683,684,691,692,703
0179_00006	10,11,15,16,19,20,144,146,147,256,257,284,285,286,287,300,309,333,339,341,345,346,352,353,356,358,359,366,371,373,374,375,376,377,380,381,388,390,391,392,394,397,398,404,407,417,419,421,432,436,438,441,442,443,444,446,447,448,450,451,453,454,473,483,485,486,488,491,492,496,500,503,505,507,520,522,524,529,536,537,539,540,541,546,547,548,557,561,567,570,571,573,580,583,586,593,594,596,597,600,608,609,612,614,618,637,638,641,644,655,658,666,675,681,683,684,685,686,692,696,703
0179_00012	10,11,12,15,16,19,20,21,179,182,284,285,286,287,300,309,333,339,340,341,342,345,346,347,352,353,366,367,375,391,393,394,406,407,421,440,444,452,529,541,560,567,568,570,572,583,593,612,613,614,615,616,618,638,639,640,644,646,647,657,660,663,664,680,681,682,683,684,690,692,703,704
0179_00027	10,11,12,15,19,20,21,47,48,179,180,186,187,256,258,284,285,286,287,299,300,309,333,334,339,341,342,345,346,351,352,353,356,357,366,371,372,381,382,383,385,394,406,407,417,421,431,435,441,442,444,447,453,471,477,491,499,517,521,525,529,536,537,542,543,549,553,557,565,566,567,571,574,575,579,580,583,585,590,591,593,595,596,600,604,605,607,608,609,615,618,619,620,621,627,633,635,638,641,642,644,652,656,661,665,667,668,669,678,679,680,681,682,684,685,689,690,693,697,699,705,709,710,711,715,720,778,783
0179_00028	10,11,12,15,19,20,47,48,179,180,256,284,285,286,287,299,300,309,333,334,339,341,342,345,346,351,352,353,356,357,366,371,372,381,382,383,385,394,407,417,421,431,435,441,442,444,447,453,471,491,499,521,525,529,536,537,542,549,553,557,565,567,571,574,575,579,580,583,585,591,593,596,600,604,607,608,609,618,619,620,635,638,641,642,644,652,656,661,665,668,669,678,679,680,681,684,685,689,690,693,697,699,705,709,710,711,715,778
0179_00031	10,11,19,20,21,179,183,284,285,287,309,333,334,340,342,345,347,353,367,381,407,417,421,431,433,435,441,442,444,447,453,463,491,525,536,538,554,557,568,572,574,580,582,583,600,618,620,638,641,642,643,661,664,668,672,673,679,680,681,682,685,687,689,690,691,693,694,699,702,705,706
0179_00041	10,11,12,15,16,19,20,21,179,180,256,284,285,286,287,300,302,309,333,334,339,341,342,345,346,352,353,356,357,366,371,372,377,378,381,382,383,385,394,396,402,407,417,421,424,431,435,438,441,442,444,447,450,453,455,456,465,471,491,499,503,515,517,521,525,529,536,537,542,543,544,546,547,549,550,553,557,559,565,567,571,574,575,579,580,583,585,588,591,593,596,600,601,604,607,608,609,618,619,620,634,635,638,641,642,644,650,652,656,661,665,666,668,669,678,679,680,681,684,685,689,690,693,697,699,705,709,710,711,715,738,764,778,801,827
0179_00043	10,15,19,20,21,34,284,285,286,287,294,300,309,333,339,341,345,346,350,352,353,354,366,369,381,394,407,409,415,421,441,444,453,458,459,466,529,536,537,567,618,644
0179_00046	10,11,12,19,20,179,180,256,284,285,287,309,333,334,342,345,353,356,357,371,372,381,382,383,385,407,417,421,431,435,441,442,444,447,453,471,491,499,517,521,525,542,543,549,553,554,557,565,571,574,575,579,583,585,591,596,600,604,607,609,618,619,620,635,638,641,642,652,656,661,665,668,669,672,673,678,679,680,681,689,690,709,710,711,715,778
0179_00050	10,11,12,15,19,20,179,180,256,284,285,286,287,300,309,333,334,339,341,342,345,346,352,353,356,357,366,371,372,381,382,383,385,394,407,417,421,431,435,441,442,444,447,453,465,471,491,499,517,521,525,529,536,537,542,543,549,550,553,557,565,567,571,574,575,579,580,583,585,591,593,596,598,600,604,607,608,609,618,619,620,634,635,638,641,642,652,656,661,665,668,669,678,679,680,681,684,685,689,690,692,693,697,699,704,705,709,710,711,715,778
0179_00058	10,11,12,15,16,17,19,20,144,146,147,151,154,179,181,182,256,257,258,259,284,285,286,287,300,309,333,340,341,342,345,346,347,352,353,356,358,359,360,366,367,374,375,376,377,378,379,380,385,387,388,389,390,391,392,394,397,398,404,406,407,417,419,432,438,439,442,443,448,450,451,454,465,473,483,485,486,488,492,496,500,505,507,520,522,524,531,539,541,546,548,550,556,561,567,568,570,572,573,583,586,593,594,597,602,612,613,614,615,618,622,629,637,638,639,640,655,657,658,660,663,664,675,681,683,684
0179_00060	10,11,15,16,19,20,284,285,286,287,300,309,333,339,340,341,342,345,346,347,352,353,366,367,381,394,407,421,441,444,453,529,536,537,567,572,580,583,593,618,638,644,680,681,683,684,685,690,691,693,694,702,706
0179_00065	10,11,19,20,21,22,31,284,285,287,309,315,333,340,342,345,347,353,367,381,407,408,412,421,426,441,444,453,457,463,536,538,568,572,580,582,583,618,638,640,643,664,680,681,682,685,687,690,691,693,694,702,706
0179_00069	10,11,12,15,16,17,19,20,21,144,146,147,151,154,179,181,182,256,257,258,259,284,285,286,287,300,309,333,340,341,342,345,346,347,352,353,356,358,359,360,366,367,374,376,377,378,379,380,385,387,388,389,390,391,392,394,397,398,404,406,407,417,419,432,438,439,442,443,448,450,451,454,465,473,483,485,486,488,492,496,500,505,507,520,522,524,531,539,541,546,548,550,556,561,567,568,570,572,573,583,586,593,594,597,602,612,613,614,615,618,622,629,637,638,639,640,655,657,658,660,663,664,675,681,682,683,684,691,692,703
0179_00070	10,11,12,15,16,17,19,20,21,31,144,146,147,151,154,158,161,179,181,182,256,257,258,259,284,285,286,287,300,309,315,333,340,341,342,345,346,347,352,353,356,358,359,360,366,367,374,376,377,378,379,380,385,387,388,389,390,391,392,394,397,398,404,406,407,408,412,417,419,426,432,438,439,442,443,448,450,451,454,457,465,473,483,485,486,488,492,496,500,505,507,520,522,524,531,539,541,546,548,550,556,561,567,568,570,572,573,583,586,593,594,597,602,612,613,614,615,618,622,629,637,638,639,640,655,657,658,660,663,664,675,681,682,683,684,691,692,703
0179_00071	10,11,12,15,16,17,19,20,21,22,31,32,144,146,147,151,154,179,181,182,256,257,258,259,284,285,286,287,300,309,315,333,340,341,342,345,346,347,352,353,356,358,359,360,366,367,374,376,377,378,379,380,385,387,388,389,390,391,392,394,397,398,404,406,407,408,412,417,419,426,432,438,439,442,443,448,450,451,454,457,465,473,483,485,486,488,492,496,500,505,507,520,522,524,531,539,541,546,548,550,556,561,567,568,570,572,573,583,586,593,594,597,602,612,613,614,615,618,622,629,637,638,639,640,655,657,658,660,663,664,675,681,682,683,684,691,692,703
0179_00073	10,11,12,15,16,17,19,20,21,31,144,146,147,151,154,179,181,182,256,257,258,259,284,285,286,287,300,309,315,333,340,341,342,345,346,347,352,353,356,358,359,360,366,367,374,376,377,378,379,380,385,387,388,389,390,391,392,394,397,398,404,406,407,408,412,417,419,426,432,438,439,442,443,448,450,451,454,457,465,473,483,485,486,488,492,496,500,505,507,520,522,524,531,539,541,546,548,550,556,561,567,568,570,572,573,583,586,593,594,597,602,612,613,614,615,618,622,629,637,638,639,640,655,657,658,660,663,664,675,681,682,683,684,691,692,703
0179_00075	10,11,12,13,15,16,17,19,20,21,22,31,32,144,146,147,151,154,179,181,182,186,189,256,257,258,259,284,285,286,287,300,309,315,333,340,341,342,345,346,347,348,352,353,356,358,359,360,366,367,368,374,376,377,378,379,380,381,385,387,388,389,390,391,392,394,397,398,404,406,407,408,412,417,419,426,432,438,439,442,443,448,450,451,454,457,465,473,483,485,486,488,492,496,500,505,507,520,522,524,531,539,541,546,548,550,556,561,564,567,568,570,572,573,583,586,593,594,597,602,612,613,614,615,618,622,629,637,638,639,640,655,657,658,660,662,663,664,675,680,681,682,683,684,690,691,692,702,703
0179_00076	10,11,12,15,16,17,19,20,21,22,31,144,146,147,151,154,256,257,284,285,286,287,300,309,315,333,340,341,342,345,346,347,352,353,356,358,359,366,367,374,376,377,379,380,388,390,391,392,394,397,398,404,406,407,408,412,417,419,421,426,432,438,439,440,442,443,444,448,450,451,452,454,457,465,473,483,485,486,488,492,494,495,496,500,505,507,520,522,524,536,537,539,541,546,548,550,554,561,567,568,570,572,573,581,583,586,593,594,597,603,612,613,614,615,618,625,637,638,639,640,655,657,658,660,663,664,674,675,681,682,683,684,691,692,703
0179_00078	10,11,19,20,21,179,182,284,285,287,309,333,340,342,345,347,348,353,367,368,381,406,407,564,568,572,583,615,618,638,640,662,663,664,680,681,682,690,691,702
0179_00079	10,11,15,19,20,284,285,286,287,300,309,333,339,340,341,342,345,346,347,352,353,366,367,375,381,394,407,421,441,444,453,529,536,537,567,572,580,582,618,638,640,643,644
0179_00080	10,11,19,20,21,179,182,284,285,287,309,333,340,342,345,347,348,353,367,368,381,406,407,564,568,572,583,615,618,638,640,662,663,664,680,681,682,690,691,702
0179_00084	10,11,12,15,16,17,19,20,144,146,147,256,257,284,285,286,287,300,309,333,339,341,345,346,352,353,356,358,359,366,371,373,374,375,376,377,380,381,388,390,391,392,393,394,397,398,404,407,417,419,421,432,436,438,440,441,442,443,444,446,447,448,450,451,452,453,454,473,483,485,486,488,491,492,496,500,503,505,507,520,522,524,529,536,537,539,540,541,546,547,548,557,561,567,570,571,573,580,581,583,586,593,594,596,597,600,603,608,609,612,614,618,637,638,641,644,646,647,655,657,658,660,666,675,681,683,684,685,686,692,696,703
0179_00088	10,11,19,20,21,284,285,287,309,333,340,342,345,347,353,367,407,568,572,583,618,638,640,664,681,682,691
0179_00090	10,11,15,16,19,20,284,285,286,287,300,309,333,339,341,345,346,352,353,366,381,394,407,421,440,441,444,452,453,529,536,537,567,580,581,593,594,618,638,644,683,686,687,688
0179_00091	10,11,15,19,20,21,284,285,286,287,300,309,333,339,341,345,346,352,353,366,381,394,407,421,441,444,453,529,536,537,567,580,581,618,638,639,644,682,687,688
0179_00099	10,11,12,13,15,16,17,19,20,21,22,31,32,144,146,147,151,154,158,161,179,181,182,186,188,189,256,257,258,259,260,261,284,285,286,287,300,309,315,333,334,340,341,342,345,346,347,352,353,356,357,358,359,360,366,367,371,372,373,374,376,377,378,379,380,385,387,388,389,390,391,392,394,397,398,404,406,407,408,412,417,419,421,426,431,432,435,436,438,439,440,442,443,444,446,447,448,450,451,452,454,457,465,471,473,483,485,486,488,491,492,494,496,500,503,505,507,517,520,521,522,524,525,531,536,539,540,541,546,547,548,550,553,554,556,557,561,565,567,568,570,571,572,573,577,578,579,580,581,583,585,586,593,594,596,597,598,600,601,602,604,608,609,612,613,614,615,618,619,622,624,625,629,634,635,637,638,639,640,641,655,657,658,660,661,663,664,665,666,669,672,673,674,675,678,679,681,682,683,684,685,691,692,696,703,709,710
0179_00100	10,11,12,13,14,15,16,17,19,20,21,144,146,147,149,150,151,153,154,156,157,158,165,256,257,258,259,284,285,286,287,300,309,333,334,341,345,352,353,356,357,358,359,375,377,381,385,388,391,393,394,397,400,401,404,407,417,419,421,431,432,435,438,440,441,442,443,444,447,450,452,453,454,465,471,473,483,491,496,503,507,517,521,524,525,528,531,536,539,540,546,550,553,554,556,557,565,571,578,579,580,583,585,586,593,596,601,604,608,609,614,618,629,634,635,638,641,644,646,657,658,661,665,666,669,672,678,679,680,681,684,685,689,690,692,693,696,699,700,703,704,705,708,709,710,711,713
0179_00104	10,11,12,19,20,21,179,180,256,284,285,287,309,333,334,342,345,353,356,357,371,372,381,382,383,385,407,417,421,431,435,441,442,444,447,453,471,491,499,517,521,525,542,543,545,549,553,554,557,565,568,571,574,575,579,583,585,591,596,600,604,607,609,618,619,620,632,635,638,641,642,652,656,661,664,665,668,669,672,673,678,679,680,681,689,690,700,709,710,711,715,736,762,778,799,825
0179_00107	10,11,12,15,16,17,19,20,144,146,147,256,257,284,285,286,287,300,309,333,339,341,345,346,352,353,356,358,359,366,371,373,374,376,377,380,381,388,390,391,393,394,397,400,401,404,407,417,419,421,432,436,438,440,441,442,443,444,446,447,448,450,451,452,453,454,473,483,485,486,488,489,491,492,496,500,503,505,507,520,522,524,528,529,536,537,539,540,541,546,547,548,557,561,567,570,571,573,580,581,583,586,593,594,596,597,600,603,608,609,612,614,618,637,638,641,644,646,647,655,657,658,660,666,675,681,683,684,685,686,692,696,703
0179_00108	10,11,12,15,16,17,19,20,21,22,31,32,144,147,179,181,182,256,257,284,285,286,287,300,309,315,333,340,342,345,346,347,352,353,356,359,366,367,371,372,373,374,376,377,379,380,385,388,390,391,392,394,397,398,404,406,407,408,412,417,419,421,426,435,436,439,442,443,446,447,448,450,451,452,454,457,465,473,483,485,488,492,496,503,505,507,517,520,522,524,529,531,539,540,541,546,547,550,556,561,567,568,572,573,577,583,586,593,594,597,602,613,614,615,618,622,629,637,638,639,640,644,646,647,648,655,657,658,660,663,664,675,681,682,683,684,691,692,703
0179_00110	10,11,12,13,19,20,21,144,145,179,180,186,187,193,194,284,285,287,309,333,334,335,336,340,342,345,347,353,367,375,381,407,421,441,444,453,536,572,580,583,618,638,680,681,685,689,690,691,693,697,698,699,700,702,705,709,710,711,712,713,777,778,798,799,819,820,840,861
0179_00111	10,11,12,13,19,20,21,144,145,179,180,186,187,193,194,284,285,287,309,333,334,335,336,340,342,345,347,353,367,375,381,407,421,441,444,453,536,572,580,583,618,638,680,681,685,689,690,691,693,697,698,699,700,702,705,709,710,711,712,713,777,778,798,799,819,820,840,861
0179_00113	10,11,15,19,20,144,146,147,284,285,286,287,300,309,333,339,340,341,342,345,346,347,352,353,366,367,381,391,393,394,407,421,441,444,453,529,536,537,541,567,572,580,583,593,603,614,618,638,639,644,657,660,681,682,684,685,687,692,696
0179_00114	10,11,12,15,16,17,19,20,21,22,31,32,144,147,179,181,182,256,257,284,285,286,287,300,309,315,333,340,342,345,346,347,352,353,356,359,366,367,371,372,373,374,375,376,377,379,380,385,388,390,391,392,394,397,398,404,406,407,408,412,417,419,421,426,435,436,439,442,443,446,447,448,450,451,452,454,457,465,473,483,485,488,492,496,503,505,507,517,520,522,524,531,539,540,541,546,547,550,556,561,567,568,572,573,577,583,586,593,594,597,602,613,614,615,618,622,629,637,638,639,640,644,646,647,648,655,657,658,660,663,664,675,681,682,683,684,691,692,703
0179_00117	10,11,15,16,19,20,284,285,286,287,300,309,333,339,341,345,346,352,353,366,376,381,391,393,394,407,421,441,444,452,453,529,536,537,541,561,567,580,583,593,614,618,638,644,646,647,655,681,684,685,692,696,703
0179_00118	10,11,12,13,19,20,21,144,145,179,180,183,186,187,193,284,285,287,309,333,334,335,336,338,342,345,347,353,367,375,407,417,421,431,433,435,442,444,447,463,491,525,536,538,554,557,572,580,583,600,618,638,640,641,661,672,679,680,681,685,689,690,693,697,698,699,700,705,709,710,711,712,713,777,798,819,840,841,861,862
0179_00119	10,11,12,13,19,20,21,144,145,179,180,183,186,187,193,284,285,287,309,333,334,335,336,340,342,345,347,353,367,375,407,417,421,431,433,435,442,444,447,463,491,525,536,538,554,557,572,580,583,600,618,638,641,661,672,679,680,681,685,689,690,693,694,697,698,699,700,705,706,709,710,711,712,713,777,778,798,799,819,820,840,861
0179_00120	10,11,12,13,19,20,21,144,145,179,180,183,186,187,193,284,285,287,309,333,334,335,336,338,340,342,345,347,353,367,375,407,417,421,431,433,435,442,444,447,463,491,525,536,538,554,557,572,580,583,600,618,638,640,641,661,672,679,680,681,682,685,689,690,693,694,697,698,699,700,705,706,709,710,711,712,713,777,778,798,799,819,820,840,841,861,862
0179_00121	10,11,12,13,19,20,21,144,145,179,180,183,186,187,193,284,285,287,309,333,334,335,336,338,340,342,345,347,353,367,375,381,406,407,417,421,431,433,435,441,442,444,447,453,463,491,525,536,538,554,557,572,580,583,600,606,615,618,638,640,641,661,672,679,680,681,682,685,689,690,693,694,697,698,699,700,705,706,709,710,711,712,713,777,778,798,799,819,820,840,841,861,862
0179_00122	10,11,12,13,19,20,21,144,145,179,180,183,186,187,193,284,285,287,309,333,334,335,336,338,342,345,347,353,367,375,407,417,421,431,433,435,442,444,447,463,491,525,536,538,554,557,572,580,583,600,618,638,640,641,661,672,679,680,681,685,687,689,690,693,695,697,698,699,700,705,707,709,710,711,712,713,777,798,819,840,841,861,862
0179_00125	10,11,12,15,16,17,19,20,21,31,144,146,147,151,154,179,181,182,186,189,256,257,258,259,284,285,286,287,300,309,315,333,340,341,342,345,346,347,352,353,356,358,359,360,366,367,374,376,377,378,379,380,385,387,388,389,390,391,392,394,397,398,404,406,407,408,412,417,419,426,432,438,439,442,443,448,450,451,454,457,465,473,483,485,486,488,492,496,500,505,507,520,522,524,531,539,541,546,548,550,556,561,567,568,570,572,573,583,586,593,594,597,602,612,613,614,615,618,622,629,637,638,639,640,655,657,658,660,663,664,675,681,682,683,684,691,692,703
0179_00126	10,11,12,15,16,17,19,20,21,31,144,146,147,151,154,179,181,182,186,189,256,257,258,259,284,285,286,287,300,309,315,333,340,341,342,345,346,347,352,353,356,358,359,360,366,367,374,376,377,378,379,380,385,387,388,389,390,391,392,394,397,398,404,406,407,408,412,417,419,426,432,438,439,442,443,448,450,451,454,457,465,473,483,485,486,488,492,496,500,505,507,520,522,524,531,539,541,546,548,550,556,561,567,568,570,572,573,583,586,593,594,597,602,612,613,614,615,618,622,629,637,638,639,640,655,657,658,660,663,664,675,681,682,683,684,691,692,703
0179_00127	10,11,12,15,16,17,19,20,21,31,144,146,147,151,154,179,181,182,186,189,256,257,258,259,284,285,286,287,300,309,315,333,340,341,342,345,346,347,352,353,356,358,359,360,366,367,374,376,377,378,379,380,382,385,387,388,389,390,391,392,393,394,397,398,400,401,404,406,407,408,412,417,419,421,426,432,438,439,440,442,443,444,448,450,451,452,454,457,465,473,483,485,486,488,489,492,494,495,496,500,505,507,520,522,524,528,531,536,537,539,541,546,548,550,554,556,561,567,568,570,572,573,581,583,586,593,594,597,602,603,612,613,614,615,618,622,625,629,637,638,639,640,648,655,657,658,660,663,664,674,675,681,682,683,684,691,692,703
0179_00131	10,11,12,15,16,19,20,21,144,147,179,181,182,256,257,284,285,286,287,300,309,333,340,342,345,346,347,352,353,356,359,366,367,371,372,373,374,376,377,379,380,385,388,390,391,392,394,397,398,404,406,407,417,419,421,435,436,439,442,443,446,447,448,450,451,452,454,465,473,483,485,488,492,496,503,505,507,517,520,522,524,531,539,540,541,546,547,550,556,561,567,568,572,573,577,583,586,593,594,597,602,613,614,615,618,622,629,637,638,639,640,644,646,647,648,655,657,658,660,663,664,675,681,682,683,684,691,692,703
0179_00132	10,11,12,15,16,19,20,21,31,144,147,151,154,179,181,182,256,257,284,285,286,287,300,309,315,333,340,342,345,346,347,352,353,356,359,366,367,371,372,373,374,376,377,379,380,385,388,390,391,392,394,397,398,404,406,407,408,412,417,419,421,426,435,436,439,442,443,446,447,448,450,451,452,454,457,465,473,483,485,488,492,496,503,505,507,517,520,522,524,531,539,540,541,546,547,550,556,561,567,568,572,573,577,583,586,593,594,597,602,613,614,615,618,622,629,637,638,639,640,644,646,647,648,655,657,658,660,663,664,675,681,682,683,684,691,692,703
0179_00133	10,11,12,15,16,17,19,20,21,31,144,146,147,151,154,179,181,182,186,189,256,257,258,259,284,285,286,287,300,309,315,333,340,341,342,345,346,347,352,353,356,358,359,360,366,367,374,376,377,378,379,380,385,387,388,389,390,391,392,394,397,398,404,406,407,408,412,417,419,426,432,438,439,442,443,448,450,451,454,457,465,473,483,485,486,488,492,496,500,505,507,520,522,524,531,539,541,546,548,550,556,561,567,568,570,572,573,583,586,593,594,597,602,612,613,614,615,618,622,629,637,638,639,640,655,657,658,660,663,664,675,681,682,683,684,691,692,703
0179_00137	10,11,12,15,16,17,19,20,21,31,144,146,147,151,154,179,181,182,256,257,258,259,284,285,286,287,300,309,315,333,340,341,342,345,346,347,352,353,356,358,359,360,366,367,374,376,377,378,379,380,385,387,388,389,390,391,392,394,397,398,404,406,407,408,412,417,419,426,432,438,439,442,443,448,450,451,454,457,465,473,483,485,486,488,492,496,500,505,507,520,522,524,531,539,541,546,548,550,556,561,568,570,572,573,583,586,593,594,597,602,612,613,614,615,618,622,629,637,638,639,640,655,657,658,663,664,675,681,683,684,691,692,703
0179_00139	10,11,12,13,19,20,21,144,145,179,180,186,187,193,194,284,285,287,309,333,334,335,336,340,342,345,347,353,367,375,381,407,421,441,444,453,536,572,580,583,618,638,680,681,685,689,690,693,697,698,699,700,705,709,710,711,712,713,777,778,798,799,819,820,840,861
0179_00140	10,11,12,13,19,20,21,144,145,179,180,186,187,193,194,284,285,287,309,333,334,335,336,340,342,345,347,353,367,375,381,407,421,441,444,453,536,572,580,583,618,638,680,681,685,689,690,693,697,698,699,700,705,709,710,711,712,713,777,778,798,799,819,820,840,861
0179_00141	10,11,12,13,19,20,21,144,145,179,180,183,186,187,193,284,285,287,333,334,335,336,342,345,347,353,367,375,381,406,417,421,431,433,435,441,442,444,447,453,463,491,525,536,538,554,557,580,583,600,606,615,638,641,661,672,679,680,681,685,689,690,693,697,698,699,700,705,709,710,711,712,713,777,798,819,840,861
0179_00142	10,11,12,15,16,19,20,21,144,147,179,181,182,256,257,284,285,286,287,300,309,333,340,342,345,346,347,352,353,356,359,366,367,371,372,373,374,376,377,379,380,385,388,390,391,392,394,397,398,404,406,407,417,419,421,435,436,439,442,443,446,447,448,450,451,452,454,465,473,483,485,488,492,496,503,505,507,517,520,522,524,531,539,540,541,546,547,550,556,561,568,572,573,577,583,586,593,594,597,602,613,614,615,618,622,629,637,638,639,640,644,646,647,648,655,657,658,663,664,675,681,683,684,691,692,703
0179_00143	10,11,12,15,16,19,20,21,31,144,147,179,181,182,256,257,284,285,286,287,300,309,315,333,340,342,345,346,347,352,353,356,359,366,367,371,372,373,374,376,377,379,380,385,388,390,391,392,394,397,398,404,406,407,408,412,417,419,421,426,435,436,439,442,443,446,447,448,450,451,452,454,457,465,473,483,485,488,492,496,503,505,507,517,520,522,524,531,539,540,541,546,547,550,556,561,568,572,573,577,583,586,593,594,597,602,613,614,615,618,622,629,637,638,639,640,644,646,647,648,655,657,658,663,664,675,681,683,684,691,692,703
0179_00144	10,11,12,15,16,17,19,20,21,144,146,147,151,154,179,181,182,256,257,258,259,284,285,286,287,300,309,333,340,341,342,345,346,347,352,353,356,358,359,360,366,367,374,376,377,378,379,380,382,385,387,388,389,390,391,392,393,394,397,398,400,401,404,406,407,417,419,421,432,438,439,440,442,443,444,448,450,451,452,454,465,473,483,485,486,488,489,492,494,495,496,500,505,507,520,522,524,528,531,536,537,539,541,546,548,550,554,556,561,568,570,572,573,581,583,586,593,594,597,602,603,612,613,614,615,618,622,625,629,637,638,639,640,648,655,657,658,663,664,674,675,681,683,684,691,692,703
0179_00145	10,11,12,15,16,17,19,20,21,31,144,146,147,151,154,179,181,182,256,257,258,259,284,285,286,287,300,309,315,333,340,341,342,345,346,347,352,353,356,358,359,360,366,367,374,376,377,378,379,380,382,385,387,388,389,390,391,392,393,394,397,398,400,401,404,406,407,408,412,417,419,421,426,432,438,439,440,442,443,444,448,450,451,452,454,457,465,473,483,485,486,488,489,492,494,495,496,500,505,507,520,522,524,528,531,536,537,539,541,546,548,550,554,556,561,568,570,572,573,581,583,586,593,594,597,602,603,612,613,614,615,618,622,625,629,637,638,639,640,648,655,657,658,663,664,674,675,681,683,684,691,692,703
0179_00146	10,11,19,20,21,284,285,287,309,333,340,342,345,347,353,367,407,421,437,444,449,536,568,572,580,582,583,618,638,640,643,664,681,685,687,694
0179_00147	10,11,12,15,16,19,20,21,144,147,179,181,182,256,257,284,285,286,287,300,309,333,340,342,345,346,347,352,353,356,359,366,367,371,372,373,374,376,377,380,382,385,388,390,391,392,393,394,397,398,400,401,404,406,407,417,419,421,435,436,440,442,443,444,446,447,448,450,451,452,454,465,473,483,485,488,489,492,494,496,503,505,507,517,520,522,524,528,531,536,539,540,541,546,547,550,554,556,561,568,572,573,577,581,583,586,593,594,597,602,613,614,615,618,622,625,629,637,638,639,640,644,646,647,648,651,655,657,658,663,664,673,674,675,681,683,684,691,692,703
0179_00148	10,11,12,15,16,19,20,21,22,31,144,147,179,181,182,256,257,284,285,286,287,300,309,315,333,340,342,345,346,347,352,353,356,359,366,367,371,372,373,374,376,377,380,382,385,388,390,391,392,393,394,397,398,400,401,404,406,407,408,412,417,419,421,426,435,436,440,442,443,444,446,447,448,450,451,452,454,457,465,473,483,485,488,489,492,494,496,503,505,507,517,520,522,524,528,531,536,539,540,541,546,547,550,554,556,561,568,572,573,577,581,583,586,593,594,597,602,613,614,615,618,622,625,629,637,638,639,640,644,646,647,648,651,655,657,658,663,664,673,674,675,681,683,684,691,692,703
0179_00149	10,11,12,13,19,144,145,179,180,183,186,187,193,284,285,287,309,333,334,335,336,340,342,345,347,353,367,375,407,417,431,435,442,447,491,525,557,572,583,600,618,638,641,642,661,679,680,681,689,690,697,698,699,700,709,710,711,712,713,777,778,798,819,840,861
0179_00151	10,11,19,20,21,144,147,284,285,287,309,333,340,342,345,347,353,367,381,406,407,421,437,441,444,449,453,463,536,538,568,572,580,582,583,615,618,638,640,643,663,664,680,681,682,685,687,690,691,693,694,702,706
0179_00153	10,11,12,15,16,17,19,20,179,181,182,184,185,186,256,257,284,285,286,287,300,309,333,340,341,342,345,346,347,352,353,356,359,366,367,375,376,377,378,379,380,382,385,388,390,391,393,394,397,400,401,404,407,417,419,421,432,438,439,440,442,443,444,450,451,452,454,462,465,473,483,485,488,489,494,496,500,505,507,520,524,528,529,531,536,537,539,540,541,546,548,550,554,556,561,568,570,572,573,581,583,586,593,594,597,602,612,614,618,622,625,629,637,638,639,648,655,657,658,664,674,675,683,684
0179_00156	10,11,15,19,20,21,179,182,284,285,286,287,300,309,333,339,340,341,342,345,346,347,348,352,353,366,367,368,381,394,406,407,529,564,567,568,572,583,593,615,616,618,638,639,640,644,662,663,664,680,681,682,683,684,690,691,692,702,704
0179_00158	10,11,15,16,19,20,284,285,286,287,300,309,333,339,341,345,346,352,353,366,381,394,407,421,441,444,453,529,536,537,567,580,583,593,618,638,644,681,684,685,692,696
0179_00159	10,11,19,20,21,22,31,144,147,284,285,287,309,315,333,340,342,345,347,348,353,367,368,381,406,407,408,412,426,457,564,568,572,583,615,618,638,640,662,663,664,681,682,691
0179_00160	10,11,12,13,19,20,284,285,287,309,333,345,353,375,381,407,417,421,435,441,442,444,447,453,491,517,525,536,557,580,583,600,618,638,641,661,679,681,685
0179_00161	10,11,12,15,19,20,179,180,256,284,285,286,287,300,309,333,334,340,342,345,346,347,352,353,356,357,366,367,371,372,375,382,383,385,391,393,394,407,417,431,435,442,447,471,491,499,517,521,525,529,541,542,543,545,549,553,557,565,567,568,571,572,574,575,579,583,585,591,593,596,600,604,607,608,609,614,618,619,620,632,635,638,641,642,644,652,656,660,661,664,665,668,669,678,679,680,681,682,684,689,690,691,692,697,699,700,702,703,709,710,711,715,736,762,778,799,825
0179_00162	10,11,19,20,21,284,285,287,309,333,340,342,345,347,353,367,407,568,572,618,638,640,664,682
0179_00163	10,11,12,13,19,20,144,145,179,180,183,186,187,193,256,284,285,287,309,333,334,335,336,340,342,345,347,353,356,357,367,371,372,375,382,383,385,407,417,431,435,442,447,471,491,499,517,521,525,542,543,549,553,557,565,571,572,574,575,579,583,585,591,596,600,604,607,609,618,619,620,635,638,641,642,652,656,661,665,668,669,678,679,680,681,689,690,697,698,699,700,709,710,711,712,713,715,736,756,777,778,798,799,819,841,861,862
0179_00167	10,11,12,19,20,21,179,180,256,284,285,287,309,333,334,342,345,353,356,357,367,371,372,375,381,382,383,385,406,407,417,421,431,435,441,442,444,447,453,471,477,491,499,517,521,525,542,543,545,549,553,554,557,565,566,568,571,574,575,579,583,585,590,591,595,596,600,604,605,607,609,618,619,620,627,631,632,635,638,641,642,652,656,661,663,664,665,667,668,669,672,673,678,679,680,681,689,690,700,709,710,711,715,736,762,778,799,825
0179_00168	10,11,19,20,21,179,182,284,285,287,309,333,340,342,345,347,353,367,381,406,407,564,568,572,583,615,618,638,640,662,663,664,680,681,682,690,691,702
0179_00169	10,11,19,20,21,22,31,284,285,287,309,315,333,340,342,345,347,353,367,407,408,412,421,426,433,444,457,463,536,538,568,572,580,582,583,618,638,640,643,664,680,681,682,685,687,690,691,694,702
0179_00170	10,11,19,20,21,179,182,284,285,287,309,333,340,342,345,347,348,353,367,368,375,381,406,407,564,568,572,583,615,618,638,640,662,663,664,680,681,682,690,691,702
0179_00171	10,11,19,20,21,284,285,287,309,333,345,353,381,407,417,421,435,441,442,444,447,453,517,525,554,574,620,668,672,673
0179_00172	10,11,19,20,21,284,285,287,309,333,340,342,345,347,353,367,407,568,572,583,618,638,640,664,680,681,682,690,691,702
0179_00173	10,11,15,19,20,21,179,182,284,285,286,287,300,309,333,339,340,341,342,345,346,347,348,352,353,366,367,368,381,394,406,407,529,564,567,568,572,583,593,615,616,618,638,639,640,644,662,663,664,680,681,682,683,684,690,691,692,702,704
0179_00174	10,11,19,20,21,179,182,284,285,287,309,333,340,342,345,347,348,353,367,368,381,406,407,564,568,572,583,615,618,638,640,662,663,664,680,681,682,690,691,702
0179_00175	10,11,19,20,21,179,182,284,285,287,309,333,340,342,345,347,348,353,367,368,381,406,407,421,441,444,453,463,536,538,564,568,572,580,582,583,606,615,618,638,640,643,662,663,664,680,681,682,685,687,690,691,693,694,702,706
0179_00177	10,11,12,13,19,20,284,285,287,333,345,353,375,381,417,421,435,441,442,444,447,453,491,517,525,536,557,580,583,600,638,641,661,679,680,681,685,690,693
0179_00178	10,11,19,20,21,284,285,287,309,333,340,342,345,347,353,367,381,407,421,441,444,453,463,536,538,568,572,580,582,583,618,638,640,643,664,680,681,682,685,687,690,691,693,694,702,706
0179_00180	10,11,19,20,21,179,182,284,285,287,309,333,340,342,345,347,353,367,381,406,407,421,441,444,453,463,536,538,568,572,580,582,583,615,618,638,640,643,663,664,680,681,682,685,687,690,691,693,694,702,706
0179_00181	10,11,19,20,21,179,182,284,285,287,309,333,340,342,345,347,353,367,381,406,407,421,441,444,453,463,536,538,568,572,580,582,583,615,618,638,640,643,663,664,680,681,682,685,687,690,691,693,694,702,706
0179_00182	10,11,15,19,20,21,284,285,286,287,300,309,333,339,340,341,342,345,346,347,352,353,366,367,381,394,407,421,441,444,453,529,536,537,567,568,572,580,582,583,593,618,638,639,640,643,644,664,680,681,682,683,684,685,687,690,691,692,693,694,702,704,706
0179_00183	10,11,15,19,20,21,179,182,284,285,286,287,300,309,333,339,340,341,342,345,346,347,348,352,353,366,367,368,381,394,406,407,529,564,567,568,572,583,593,615,616,618,638,639,640,644,662,663,664,680,681,682,683,684,690,691,692,702,704
0179_00184	10,11,15,19,20,21,22,31,179,182,284,285,286,287,300,309,315,333,339,340,341,342,345,346,347,348,352,353,366,367,368,381,394,406,407,408,412,426,457,529,564,567,568,572,583,593,615,616,618,638,639,640,644,662,663,664,680,681,682,683,684,690,691,692,702,704
0179_00185	10,11,15,19,20,21,22,34,179,182,284,285,286,287,300,309,333,339,340,341,342,345,346,347,348,352,353,366,367,368,381,394,406,407,409,459,460,529,564,567,568,572,583,593,615,616,618,638,639,640,644,662,663,664,680,681,682,683,684,690,691,692,702,704
0179_00186	10,11,19,20,21,22,31,179,182,284,285,287,309,315,333,340,342,345,347,348,353,367,368,381,406,407,408,412,426,457,564,568,572,583,615,618,638,640,662,663,664,680,681,682,690,691,702
0179_00187	10,11,19,20,21,22,31,179,182,284,285,287,309,315,333,340,342,345,347,348,353,367,368,381,406,407,408,412,426,457,564,568,572,583,615,618,638,640,662,663,664,680,681,682,690,691,702
0179_00188	10,11,19,20,21,22,31,179,182,284,285,287,309,315,333,340,342,345,347,348,353,367,368,381,406,407,408,412,426,457,564,568,572,583,615,618,638,640,662,663,664,680,681,682,690,691,702
0179_00193	10,11,12,15,19,20,21,284,285,286,287,309,333,340,342,345,346,347,352,353,366,367,375,381,391,392,406,407,421,441,444,453,536,541,567,580,582,583,593,614,615,616,618,638,640,643,660,681,683,685,686,691,694,695,701
0179_00194	10,11,12,15,16,19,20,21,34,284,285,286,287,294,300,309,333,339,341,345,346,350,352,353,354,366,369,381,391,393,394,407,414,421,440,441,444,452,453,529,536,537,541,567,570,580,583,593,603,612,614,618,638,644,646,647,657,660,681,684,685,686,692,694,695,696,703
0179_00195	10,19,20,21,31,284,285,287,309,315,333,340,342,345,347,353,367,407,408,412,426,457,568,572,618,640,664
0179_00196	10,11,12,13,19,20,21,284,285,287,309,333,340,342,345,347,353,367,375,381,406,407,421,441,444,453,536,568,572,580,583,615,618,638,640,663,664,680,681,685,689,690,693,697,699,705
0179_00197	10,11,12,13,15,19,20,21,144,145,179,180,186,187,193,194,284,285,286,287,300,309,333,334,335,336,340,342,345,346,347,352,353,366,367,375,381,391,393,394,407,421,440,441,444,452,453,529,536,537,541,567,572,580,583,593,603,614,618,638,644,646,647,657,660,680,681,684,685,689,690,691,693,697,698,699,700,702,705,709,710,711,712,713,777,778,798,799,819,820,840,861
0179_00198	10,11,12,13,15,19,20,21,144,145,179,180,186,187,193,194,284,285,286,287,300,309,333,334,335,336,340,342,345,346,347,352,353,366,367,375,381,391,393,394,407,421,440,441,444,452,453,529,536,537,541,567,572,580,583,593,603,614,618,638,644,646,647,657,660,680,681,684,685,689,690,691,693,697,698,699,700,702,705,709,710,711,712,713,777,778,798,799,819,820,840,861
0179_00200	10,11,15,16,19,20,21,284,285,286,287,300,309,333,339,341,345,346,352,353,366,376,381,391,394,407,419,421,441,444,451,453,454,488,536,537,567,580,581,618,638,639,682,687,688
0179_00206	10,11,15,16,19,20,144,146,147,256,257,284,285,286,287,300,309,333,339,341,345,346,352,353,356,358,359,366,371,373,374,376,377,380,381,388,390,391,393,394,397,400,401,404,407,417,419,421,432,436,438,441,442,443,444,446,447,448,450,451,453,454,473,483,485,486,488,489,491,492,496,500,503,505,507,520,522,524,528,529,536,537,539,540,541,546,547,548,557,561,567,570,571,573,580,583,586,593,594,596,597,600,608,609,612,614,618,637,638,641,644,655,658,666,675,681,683,684,685,686,692,696,703
0179_00208	10,11,15,16,19,144,146,147,256,257,284,285,286,287,300,309,333,339,341,345,346,347,352,353,356,358,359,366,367,371,373,374,376,377,380,388,390,391,393,394,397,400,401,404,407,417,419,432,436,438,442,443,446,447,448,450,451,454,473,483,485,486,488,489,491,492,496,500,503,505,507,520,522,524,528,529,539,540,541,546,547,548,557,561,567,570,571,572,573,583,586,593,594,596,597,600,608,609,612,614,618,637,638,641,644,655,658,666,675,681,683,684,692,703
0179_00210	10,11,15,19,34,144,147,284,285,286,287,294,300,333,339,341,345,346,350,352,353,354,366,369,394,413,421,444,508,529,536,537,580,587,644,659
0179_00224	10,11,12,15,16,17,19,20,21,144,146,147,151,154,179,181,182,256,257,258,259,284,285,286,287,300,309,333,340,341,342,345,346,347,352,353,356,358,359,360,366,367,374,376,377,378,379,380,382,385,387,388,389,390,391,392,393,394,397,398,400,401,404,406,407,417,419,421,432,438,439,440,442,443,444,448,450,451,452,454,465,473,483,485,486,488,489,492,494,495,496,500,505,507,520,522,524,528,529,531,536,537,539,541,546,548,550,554,556,561,567,568,570,572,573,581,583,586,593,594,597,602,603,612,613,614,615,618,622,625,629,637,638,639,640,647,648,655,657,658,660,663,664,674,675,681,682,683,684,691,692,703
0179_00225	10,11,12,15,16,17,19,20,21,22,31,144,146,147,151,154,179,181,182,256,257,258,259,284,285,286,287,300,309,315,333,340,341,342,345,346,347,352,353,356,358,359,360,366,367,374,376,377,378,379,380,382,385,387,388,389,390,391,392,393,394,397,398,400,401,404,406,407,408,412,417,419,421,426,432,438,439,440,442,443,444,448,450,451,452,454,457,465,473,483,485,486,488,489,492,494,495,496,500,505,507,520,522,524,528,529,531,536,537,539,541,546,548,550,554,556,561,567,568,570,572,573,581,583,586,593,594,597,602,603,612,613,614,615,618,622,625,629,637,638,639,640,647,648,655,657,658,660,663,664,674,675,681,682,683,684,691,692,703
0179_00226	10,11,12,15,16,17,19,20,21,22,31,144,146,147,151,154,179,181,182,256,257,258,259,284,285,286,287,300,309,315,333,340,341,342,345,346,347,352,353,356,358,359,360,366,367,374,376,377,378,379,380,382,385,387,388,389,390,391,392,393,394,397,398,400,401,404,406,407,408,412,417,419,421,426,432,438,439,440,442,443,444,448,450,451,452,454,457,465,473,483,485,486,488,489,492,494,495,496,500,505,507,520,522,524,528,529,531,536,537,539,541,546,548,550,554,556,561,567,568,570,572,573,581,583,586,593,594,597,602,603,612,613,614,615,618,622,625,629,637,638,639,640,647,648,655,657,658,660,663,664,674,675,681,682,683,684,691,692,703
0179_00228	10,11,15,19,20,284,285,286,287,300,309,333,334,336,339,341,345,346,352,353,366,375,381,394,407,421,441,444,453,529,536,537,567,580,583,593,618,638,644,681,685,709,711
0179_00234	10,11,12,19,20,21,22,179,182,186,189,284,285,287,309,333,340,342,345,347,348,353,367,368,381,406,407,564,568,572,583,611,615,618,638,640,662,663,664,680,681,682,690,691,701,702
0179_00235	10,15,19,20,284,285,286,287,300,309,333,339,341,345,346,352,353,366,375,381,394,407,421,441,444,453,529,536,537,567,618,644
0179_00237	10,11,12,13,15,19,20,21,284,285,286,287,333,340,342,345,346,347,352,353,366,367,375,381,391,392,406,421,441,444,453,536,541,567,580,582,583,593,614,615,616,638,640,643,660,680,681,683,685,686,689,690,693,697,699,705
0179_00238	10,11,15,19,20,284,285,286,287,309,333,340,342,345,346,347,352,353,366,367,375,381,391,392,407,421,441,444,453,536,541,567,572,580,582,593,614,618,638,640,643,660,683,686
0179_00239	10,11,12,15,19,20,21,179,180,256,284,285,286,287,300,309,333,334,339,341,342,345,346,352,353,356,357,366,371,372,381,382,383,385,394,407,417,421,431,435,441,442,444,447,453,471,491,499,517,521,525,529,536,537,542,543,545,549,553,557,565,567,568,571,574,575,579,580,583,585,591,593,596,600,604,607,608,609,618,619,620,632,635,638,641,642,644,652,656,661,664,665,668,669,678,679,680,681,684,685,689,690,692,693,697,699,700,704,705,709,710,711,715,736,762,778,799,825
0179_00240	10,11,15,19,20,284,285,286,287,300,309,333,334,336,339,341,345,346,352,353,366,375,381,394,407,421,441,444,453,529,536,537,567,580,583,593,618,638,644,681,685,709,710
0179_00241	10,11,19,20,21,144,147,284,285,287,309,333,340,342,345,347,353,367,381,406,407,421,441,444,453,463,536,538,568,572,580,582,583,615,618,638,640,643,663,664,680,681,682,685,687,690,691,693,694,702,706
0179_00242	10,11,12,15,19,20,21,47,48,179,180,186,187,256,258,284,285,286,287,299,300,309,333,334,339,341,342,345,346,351,352,353,356,357,366,371,372,381,382,383,385,394,406,407,417,421,431,435,441,442,444,447,453,471,477,491,499,517,521,525,529,536,537,542,543,549,553,557,565,566,567,571,574,575,579,580,583,585,590,591,593,595,596,600,604,605,607,608,609,615,618,619,620,621,627,633,635,638,641,642,644,652,656,661,665,667,668,669,678,679,680,681,682,684,685,689,690,693,697,699,705,709,710,711,715,720,778,783
0179_00244	10,11,12,13,19,20,144,145,179,180,186,187,193,194,284,285,287,309,333,334,335,336,340,342,345,347,353,367,375,381,407,421,441,444,453,536,572,580,583,618,638,680,681,685,689,690,693,697,698,699,700,705,709,710,711,712,713,777,778,798,799,819,840,861
0179_00245	10,11,12,13,15,19,20,21,34,144,145,179,180,186,187,193,194,284,285,286,287,294,300,309,333,334,335,336,340,342,345,346,347,350,352,353,354,366,367,369,375,391,393,394,407,409,415,421,440,444,452,458,459,460,466,529,536,541,572,580,583,593,614,618,638,644,646,647,657,680,681,684,685,689,690,693,697,698,699,700,705,709,710,711,712,713,777,778,798,799,819,840,861
0179_00247	10,11,12,15,16,19,144,146,147,179,180,256,257,258,284,285,286,287,300,333,334,339,341,345,346,352,353,356,357,358,359,366,371,372,373,374,377,378,385,386,387,388,391,393,394,397,400,401,404,417,419,421,431,432,435,436,438,440,442,443,444,446,447,448,450,452,454,465,471,473,483,491,492,496,503,507,517,521,522,524,525,528,529,531,536,537,539,540,541,546,547,550,553,556,557,565,570,571,577,578,579,580,583,585,586,593,596,600,601,604,608,609,614,619,629,634,635,641,644,657,658,661,665,666,669,678,679,680,684,685,689,693,696,697,698,705,709,710,711,713,759,822
0179_00253	10,11,19,20,21,284,285,287,333,345,353,381,417,421,435,441,442,444,447,453,517,525,554,574,620,672,673
0179_00254	10,11,12,19,20,21,22,179,182,186,189,284,285,287,309,333,340,342,345,347,348,353,367,368,381,406,407,564,568,572,583,611,615,618,638,640,662,663,664,680,681,682,690,691,701,702
0179_00257	10,11,19,20,21,179,182,284,285,287,309,333,340,342,345,347,348,353,367,368,381,406,407,564,568,572,583,615,618,638,640,662,663,664,680,681,682,690,691,702
0179_00258	10,11,19,20,21,22,31,179,182,284,285,287,309,315,333,340,342,345,347,348,353,367,368,381,406,407,408,412,426,457,564,568,572,583,615,618,638,640,662,663,664,680,681,682,690,691,702
0179_00261	10,11,15,19,20,34,284,285,286,287,294,300,309,333,339,341,345,346,350,352,353,354,366,369,375,381,394,407,413,421,441,444,453,508,529,536,537,567,580,587,618,638,644
0179_00265	10,11,19,20,21,179,182,284,285,287,309,333,340,342,345,347,348,353,367,368,375,381,406,407,564,568,572,583,611,615,618,638,640,662,663,664,680,681,682,690,691,701,702
0179_00267	10,11,12,15,16,17,19,20,34,144,146,147,151,154,179,181,182,256,257,258,259,284,285,286,287,294,300,309,333,340,341,342,345,346,347,350,352,353,354,356,358,359,360,366,367,369,374,375,376,377,378,379,380,385,387,388,389,390,391,392,394,397,398,404,406,407,413,417,419,432,438,439,442,443,448,450,451,454,465,473,483,485,486,488,492,496,500,505,507,508,520,522,524,531,539,541,546,548,550,556,561,567,568,570,572,573,583,586,587,593,594,597,602,612,613,614,615,618,622,629,637,638,639,640,655,657,658,660,663,664,675,681,683,684
0179_00268	10,11,19,20,21,284,285,287,309,333,334,338,342,345,347,353,367,375,381,407,421,441,444,453,536,572,580,582,583,618,638,640,643,681,685,691,694,709,711
0179_00271	10,11,12,15,16,19,20,284,285,286,287,300,309,333,339,341,345,346,352,353,366,375,381,391,392,394,407,421,441,444,453,529,536,537,541,567,580,583,593,614,618,638,644,680,681,684,685,690,693
0179_00272	10,11,12,15,16,17,19,20,284,285,286,287,300,309,333,339,341,345,346,352,353,366,375,376,381,391,392,394,407,419,421,441,444,451,453,454,488,520,529,536,537,541,561,567,580,583,593,618,638,644,681,684,685,692,696
0179_00274	10,11,15,19,20,284,285,286,287,300,309,333,339,341,345,346,352,353,366,375,381,391,393,394,407,421,440,441,444,452,453,529,536,537,541,567,603,618,644,646,647,657,660
0179_00275	10,11,15,16,19,20,21,284,285,286,287,300,309,333,339,341,345,346,352,353,366,375,381,391,393,394,407,421,440,441,444,452,453,529,536,537,541,567,580,581,593,594,603,614,618,638,644,646,647,657,660,683,686,687,688
0179_00276	10,11,15,19,20,21,284,285,286,287,300,309,333,339,341,345,346,352,353,366,375,381,391,393,394,407,421,440,441,444,452,453,529,536,537,541,567,580,581,603,614,618,638,639,644,646,647,657,660,682,687,688
0179_00277	10,11,15,19,20,34,284,285,286,287,294,300,309,333,339,341,345,346,350,352,353,354,366,369,375,381,391,393,394,407,414,421,440,441,444,452,453,529,536,537,541,567,603,618,644,646,647,657,660
0179_00278	10,11,12,15,19,20,21,179,182,284,285,286,287,300,309,333,339,340,341,342,345,346,347,348,352,353,366,367,368,375,381,391,393,394,406,407,421,440,444,452,529,541,564,567,568,572,583,593,614,615,616,618,638,639,640,644,646,647,657,660,662,663,664,680,681,682,683,684,690,691,692,702,703,704
0179_00279	10,11,12,15,19,20,21,179,182,284,285,286,287,300,309,333,339,340,341,342,345,346,347,348,352,353,366,367,368,375,381,391,393,394,406,407,421,440,444,452,529,541,564,567,568,572,583,593,614,615,616,618,638,639,640,644,646,647,657,660,662,663,664,680,681,682,683,684,690,691,692,702,703,704
0179_00280	10,11,15,19,20,21,284,285,286,287,300,309,333,339,341,345,346,352,353,366,375,381,391,393,394,407,421,440,441,444,452,453,529,536,537,541,567,580,583,593,603,614,618,638,644,646,647,657,660,681,683,685,686,691,694,695
0179_00282	10,11,12,15,19,20,284,285,286,287,300,309,333,334,336,339,341,345,346,352,353,366,375,381,391,393,394,407,421,440,441,444,452,453,529,536,537,541,567,580,583,593,603,614,618,638,644,646,647,657,660,681,685,709,710
0179_00283	10,11,12,15,19,20,21,179,182,284,285,286,287,300,309,333,339,340,341,342,345,346,347,348,352,353,366,367,368,375,381,391,393,394,406,407,421,440,444,452,529,541,564,567,568,572,583,593,614,615,616,618,638,639,640,644,646,647,657,660,662,663,664,680,681,682,683,684,690,691,692,702,703,704
0179_00284	10,11,15,19,20,34,284,285,286,287,294,300,309,333,339,341,345,346,350,352,353,354,366,369,375,381,391,393,394,407,413,421,440,441,444,452,453,508,529,536,537,541,567,580,587,603,614,618,638,644,646,647,657,660
0179_00285	10,11,12,15,19,20,21,22,179,182,284,285,286,287,300,309,333,339,340,341,342,345,346,347,352,353,366,367,375,381,391,393,394,406,407,421,440,441,444,452,453,463,529,536,538,541,564,567,568,572,580,583,593,606,614,615,616,618,638,639,640,644,646,647,657,660,662,663,664,680,681,682,683,684,685,687,689,690,691,692,693,696,697,699,702,703,704,705,708
0179_00287	10,11,15,19,20,144,146,147,284,285,286,287,309,333,339,341,345,346,352,353,366,375,381,391,392,407,421,440,441,444,452,453,536,537,541,567,580,583,593,603,614,618,638,646,647,657,660,681,684,685,692,696,703
0179_00289	10,11,15,19,20,21,284,285,286,287,300,309,333,339,341,345,346,347,352,353,366,367,375,381,391,393,394,407,421,440,441,444,452,453,529,536,537,541,567,572,582,603,618,640,643,644,646,647,657,660
0179_00292	10,11,12,13,15,16,17,19,20,21,22,23,31,32,144,146,147,151,154,158,161,179,181,182,186,188,189,256,257,258,259,260,261,284,285,286,287,300,309,315,333,334,340,341,342,345,346,347,352,353,356,357,358,359,360,366,367,371,372,373,374,376,377,378,379,380,385,387,388,389,390,391,392,394,397,398,404,406,407,408,412,417,419,421,426,431,432,435,436,438,439,440,442,443,444,446,447,448,450,451,452,454,457,465,471,473,483,485,486,488,491,492,494,496,500,503,505,507,517,520,521,522,524,525,531,536,539,540,541,546,547,548,550,553,554,556,557,561,565,567,568,570,571,572,573,577,578,579,580,581,583,585,586,593,594,596,597,598,600,601,602,604,608,609,612,613,614,615,618,619,622,624,625,629,634,635,637,638,639,640,641,655,657,658,660,661,663,664,665,666,669,672,673,674,675,678,679,681,682,683,684,685,691,692,696,703,709,710
0179_00294	10,11,15,19,20,34,284,285,286,287,294,300,309,333,339,341,345,346,350,352,353,354,366,367,369,375,381,391,393,394,407,413,421,441,444,449,452,453,508,529,536,537,541,567,580,587,603,614,618,638,644,646,647,660
0179_00296	10,11,12,13,15,16,17,19,20,21,22,31,32,144,146,147,151,154,158,161,179,181,182,186,188,189,256,257,258,259,260,261,284,285,286,287,300,309,315,333,334,340,341,342,345,346,347,352,353,356,357,358,359,360,366,367,371,372,373,374,376,377,378,379,380,382,385,387,388,389,390,391,392,393,394,397,398,400,401,404,406,407,408,412,417,419,421,426,431,432,435,436,438,439,440,442,443,444,446,447,448,450,451,452,454,457,465,471,473,483,485,486,488,489,491,492,494,495,496,500,503,505,507,517,520,521,522,524,525,528,529,531,536,537,539,540,541,546,547,548,550,553,554,556,557,561,565,567,568,570,571,572,573,577,578,579,580,581,583,585,586,593,594,596,597,598,600,601,602,603,604,608,609,612,613,614,615,618,619,622,624,625,629,634,635,637,638,639,640,641,647,648,655,657,658,660,661,663,664,665,666,669,672,673,674,675,678,679,681,682,683,684,685,691,692,696,703,709,710
0179_00298	10,11,15,19,20,21,284,285,286,287,300,309,333,339,341,345,346,352,353,366,375,381,391,393,394,407,421,441,444,453,529,536,537,541,567,580,581,603,614,618,638,639,644,660,682,687,688
0179_00299	10,11,15,19,20,21,284,285,286,287,300,309,333,339,341,345,346,352,353,366,375,381,391,393,394,407,421,441,444,453,529,536,537,541,567,580,583,593,603,614,618,638,644,660,681,683,685,686,691,694,695
0179_00302	10,11,12,15,19,20,179,180,256,284,285,286,287,300,309,333,334,340,342,345,346,347,352,353,356,357,366,367,371,372,382,383,385,394,407,417,431,435,442,447,471,491,499,517,521,525,529,542,543,545,549,553,557,565,567,568,571,572,574,575,579,583,585,591,593,596,600,604,607,608,609,618,619,620,632,635,638,641,642,644,652,656,661,664,665,668,669,678,679,680,681,682,684,689,690,691,692,697,699,700,702,709,710,711,715,736,762,778,799,825
0179_00307	10,11,12,15,19,20,21,284,285,286,287,333,340,342,345,346,347,352,353,366,367,375,381,391,392,406,421,441,444,453,536,541,567,580,582,593,614,615,616,638,640,643,660,683,686
0179_00308	10,11,15,19,20,21,284,285,286,287,300,309,333,339,341,345,346,347,352,353,366,367,375,381,394,406,407,421,441,444,453,529,536,537,567,582,615,616,618,640,643,644
0179_00312	10,15,19,20,21,31,284,285,286,287,300,309,315,333,339,341,345,346,347,352,353,366,367,381,394,407,408,412,421,426,441,444,453,457,529,536,537,567,582,618,640,643,644
0179_00313	10,11,12,15,16,19,20,21,284,285,286,287,300,333,339,341,345,346,352,353,366,375,381,391,393,394,421,440,441,444,452,453,529,536,537,541,567,570,580,583,593,603,612,614,638,644,646,647,657,660,681,684,685,686,692,694,695,696,703
0179_00316	10,11,12,15,19,20,21,284,285,286,287,300,309,333,339,341,345,346,347,352,353,366,367,381,394,406,407,421,441,444,453,529,536,537,567,580,615,618,638,639,644,682,687,688
0179_00317	10,11,15,19,20,144,146,147,284,285,286,287,300,309,333,339,341,345,346,352,353,366,381,391,393,394,407,421,440,441,444,452,453,529,536,537,541,567,580,583,593,603,614,618,638,644,646,647,657,660,681,684,685,686,692,694,695,696
0179_00318	10,11,12,19,20,21,22,144,147,179,182,284,285,287,309,333,340,342,345,347,348,353,367,368,381,406,407,564,568,572,583,611,615,618,638,640,662,663,664,680,681,682,690,691,701,702
0179_00320	10,11,12,15,19,20,21,284,285,286,287,300,309,333,334,335,340,342,345,346,347,352,353,366,367,375,381,391,393,394,407,421,440,441,444,452,453,463,529,536,538,541,567,572,580,581,593,614,618,638,639,640,644,646,647,657,660,683,687,709,712
0179_00323	10,11,12,15,19,20,179,180,256,284,285,286,287,300,309,333,334,339,341,345,346,352,353,356,357,366,371,372,381,385,394,407,417,421,431,435,441,442,444,447,453,471,491,517,521,525,529,536,537,553,557,565,567,571,579,580,583,585,593,596,600,604,608,609,618,619,635,638,641,644,661,665,669,678,679,680,681,684,685,689,690,693,697,699,705,709,710,711
0179_00325	10,11,15,16,19,20,21,31,284,285,286,287,300,305,309,315,345,346,352,353,366,375,376,381,391,392,394,407,412,419,421,426,441,444,451,453,457,520,537,541,561,567,597,603,655,660
0179_00326	10,11,15,16,19,20,21,31,284,285,286,287,300,305,309,315,345,346,352,353,366,375,376,381,391,392,394,407,412,419,421,426,441,444,451,453,457,520,537,541,561,567,597,603,655,660
0179_00328	10,15,19,20,21,31,284,285,286,287,300,309,315,333,339,341,345,346,347,352,353,366,367,381,394,407,408,412,421,426,441,444,453,457,529,536,537,567,582,618,640,643,644
0179_00331	10,11,12,15,19,20,179,180,256,284,285,286,287,300,309,333,334,340,342,345,346,347,352,353,356,357,366,367,371,372,382,383,385,394,407,417,431,435,442,447,471,491,499,517,521,525,529,542,543,549,553,557,565,567,571,572,574,575,579,583,585,591,593,596,600,604,607,608,609,618,619,620,635,638,641,642,644,652,656,661,665,668,669,678,679,680,681,684,689,690,691,697,699,702,709,710,711,715,778
0179_00332	10,11,12,13,19,20,21,34,144,145,179,180,183,186,187,193,284,285,287,309,333,334,335,336,340,342,345,347,353,367,375,409,417,421,431,433,435,442,444,447,459,460,491,525,536,557,580,583,600,638,641,642,661,679,680,681,685,689,690,693,697,698,699,700,705,709,710,711,712,713,777,778,798,819,840,861
0179_00333	10,11,15,19,20,144,146,147,284,285,286,287,300,309,333,339,341,345,346,352,353,366,381,391,393,394,407,421,441,444,453,529,536,537,541,567,580,583,593,603,614,618,638,644,657,660,681,684,685,692,696
0179_00334	10,11,19,20,21,179,182,284,285,287,309,333,340,342,345,347,353,367,381,406,407,564,568,572,583,615,618,638,640,662,663,664,680,681,682,690,691,702
0179_00340	10,11,15,19,20,144,146,147,284,285,286,287,300,309,333,339,341,345,346,352,353,366,381,391,393,394,407,421,440,441,444,452,453,529,536,537,541,567,580,583,593,603,614,618,638,644,646,647,657,660,681,684,685,686,692,694,695,696
0179_00344	10,11,12,13,19,179,183,284,285,287,309,333,334,335,345,347,353,367,375,407,417,431,435,442,447,491,517,525,557,565,572,574,583,600,620,641,661,665,668,679,680,689,697,698,709,710,711,712
0179_00346	10,11,19,20,21,284,285,287,309,333,340,342,345,347,353,367,407,568,572,583,618,638,640,664,681,682,691
0179_00348	10,11,19,20,21,179,182,284,285,287,309,333,340,342,345,347,348,353,367,368,381,406,407,564,568,572,583,615,618,638,640,662,663,664,681,682,691
0179_00349	10,11,12,13,19,20,21,22,179,180,186,187,256,258,284,285,287,309,333,334,340,342,345,347,353,356,357,367,371,372,381,382,383,385,406,407,417,421,431,435,441,442,444,447,453,463,471,491,499,517,521,525,536,538,542,543,545,549,553,554,557,565,568,571,574,575,579,580,583,585,591,595,596,600,604,606,607,609,615,618,619,620,632,635,638,641,642,652,656,661,663,664,665,667,668,669,672,673,678,679,680,681,685,689,690,691,693,697,699,700,701,702,705,709,710,711,715,736,762,778,799,825
0179_00350	10,11,19,20,21,22,284,285,287,309,333,340,342,345,347,353,367,381,407,421,441,444,453,463,536,538,568,572,580,582,583,618,638,640,643,664,680,681,682,685,687,690,691,693,694,702,706
0179_00351	10,11,12,15,16,17,19,20,21,34,144,146,147,151,154,179,181,182,256,257,258,259,284,285,286,287,294,300,309,333,339,340,341,342,345,346,347,350,352,353,354,356,358,359,360,366,367,369,374,376,377,378,379,380,381,385,387,388,389,390,391,392,394,397,398,404,406,407,413,417,419,421,432,438,439,441,442,443,444,448,450,451,453,454,465,473,483,485,486,488,492,496,500,505,507,508,520,522,524,529,531,536,537,539,541,546,548,550,556,561,567,568,570,572,573,580,583,586,587,593,594,597,602,612,613,614,615,618,622,629,637,638,639,640,644,655,657,658,659,660,663,664,675,681,683,684
0179_00358	10,15,19,20,284,285,286,287,300,309,333,339,341,345,346,347,352,353,366,367,381,394,407,421,441,444,453,529,536,537,567,572,582,618,640,643,644
0179_00361	10,11,12,13,15,16,19,20,21,34,284,285,286,287,294,300,309,333,339,341,345,346,350,352,353,354,366,369,375,381,391,393,394,407,413,421,440,441,444,452,453,508,529,536,537,541,567,570,580,583,587,593,603,612,614,618,638,644,646,647,657,659,660,680,681,684,685,686,692,694,695,696,703
0179_00363	10,11,19,20,284,285,287,333,345,353,375,381,417,421,435,441,442,444,447,453,517,525,554,565,574,600,620,665,672,673
0179_00364	10,11,19,20,21,284,285,287,309,333,340,342,345,347,353,367,407,568,572,583,618,638,640,664,680,681,682,690,691,702
0179_00365	10,11,19,20,21,179,182,284,285,287,309,333,340,342,345,347,353,367,381,406,407,564,568,572,583,615,618,638,640,662,663,664,680,681,682,690,691,702
0179_00369	10,11,12,13,15,19,20,284,285,286,287,300,309,333,339,340,341,342,345,346,347,352,353,366,367,375,394,407,529,567,572,583,593,618,638,640,644,680,681,684,689,690,697,699
0179_00374	10,11,12,19,20,21,22,144,147,179,182,284,285,287,309,333,340,342,345,347,348,353,367,368,381,406,407,564,568,572,583,611,615,618,638,640,662,663,664,680,681,682,690,691,701,702
0179_00375	10,11,19,20,21,179,182,284,285,287,309,333,340,342,345,347,353,367,381,406,407,564,568,572,583,615,618,638,640,662,663,664,680,681,682,690,691,702
0179_00383	10,11,15,19,20,284,285,286,287,300,309,333,339,340,341,342,345,346,347,352,353,366,367,375,381,394,407,421,441,444,453,529,536,537,567,572,580,582,618,638,640,643,644
0179_00384	10,11,12,15,16,19,20,21,144,147,179,181,182,256,257,284,285,286,287,300,309,333,334,340,342,345,346,347,352,353,356,357,359,366,367,371,373,374,375,376,377,380,382,385,388,390,391,392,393,394,397,398,400,401,404,406,407,417,419,421,431,436,440,442,443,444,446,447,448,450,451,452,454,465,473,483,485,488,489,492,494,496,505,507,520,522,524,528,531,536,539,541,546,550,554,556,561,568,572,573,577,581,583,586,593,594,597,600,602,613,614,615,618,622,625,629,637,638,639,640,646,647,648,651,655,657,658,663,664,673,674,675,681,683,684,691,692,703
0179_00385	10,11,12,15,16,19,20,21,22,31,144,147,179,181,182,256,257,284,285,286,287,300,309,315,333,334,340,342,345,346,347,352,353,356,357,359,366,367,371,373,374,375,376,377,380,382,385,388,390,391,392,393,394,397,398,400,401,404,406,407,408,412,417,419,421,426,431,436,440,442,443,444,446,447,448,450,451,452,454,457,465,473,483,485,488,489,492,494,496,505,507,520,522,524,528,531,536,539,541,546,550,554,556,561,568,572,573,577,581,583,586,593,594,597,600,602,613,614,615,618,622,625,629,637,638,639,640,646,647,648,651,655,657,658,663,664,673,674,675,681,683,684,691,692,703
0179_00386	10,11,12,15,16,19,20,21,22,31,144,147,179,181,182,256,257,284,285,286,287,300,309,315,333,334,340,342,345,346,347,352,353,356,357,359,366,367,371,373,374,375,376,377,380,382,385,388,390,391,392,393,394,397,398,400,401,404,406,407,408,412,417,419,421,426,431,436,440,442,443,444,446,447,448,450,451,452,454,457,465,473,483,485,488,489,492,494,496,505,507,520,522,524,528,531,536,539,541,546,550,554,556,561,568,572,573,577,581,583,586,593,594,597,600,602,613,614,615,618,622,625,629,637,638,639,640,646,647,648,651,655,657,658,663,664,673,674,675,681,683,684,691,692,703
0179_00388	10,11,12,13,15,16,17,19,20,21,144,146,147,151,153,154,158,160,161,256,257,284,285,286,287,300,333,339,341,345,346,352,353,356,358,359,366,371,373,374,376,377,380,388,390,391,392,393,394,397,400,401,404,417,419,421,432,436,438,440,442,443,444,446,447,448,450,451,452,454,473,483,485,486,488,489,491,492,496,500,503,505,507,520,522,524,528,529,536,537,539,540,541,546,547,548,557,561,570,571,573,580,583,586,593,594,596,597,600,603,608,609,612,614,637,641,644,646,647,655,657,658,666,675,684,685,686,695,696
0179_00389	10,11,12,15,19,20,21,47,48,49,179,180,186,187,256,258,284,285,286,287,299,300,309,333,334,339,341,342,345,346,351,352,353,356,357,366,371,372,381,382,383,385,394,406,407,417,421,431,435,441,442,444,447,453,471,477,491,499,521,525,529,536,537,542,543,549,553,557,565,566,567,571,574,575,579,580,583,585,590,591,593,595,596,600,604,605,607,608,609,615,618,619,620,621,627,633,635,638,641,642,644,652,656,661,665,667,668,669,678,679,680,681,682,684,685,689,690,693,697,699,705,709,710,711,715,720,778,783
0179_00390	10,11,15,19,20,144,146,147,284,285,286,287,300,309,333,339,340,341,342,345,346,347,352,353,366,367,381,391,393,394,407,421,441,444,453,529,536,537,541,567,572,580,583,593,603,614,618,638,639,644,657,660,681,682,684,685,687,692,696
0179_00392	10,11,12,19,20,179,180,256,284,285,287,309,333,334,345,353,356,357,371,372,381,385,407,417,421,431,435,441,442,444,447,453,471,491,517,521,525,553,554,557,565,571,574,579,583,585,596,600,604,609,619,620,635,641,661,665,668,669,672,673,678,679,680,689,709,710,711
0179_00394	10,11,12,19,20,21,22,179,182,186,189,284,285,287,309,333,340,342,345,347,348,353,367,368,381,406,407,564,568,572,583,611,615,618,638,640,662,663,664,680,681,682,690,691,701,702
0179_00397	10,11,12,15,16,19,20,144,146,147,179,180,256,257,258,284,285,286,287,300,309,333,334,339,341,345,346,352,353,356,357,358,359,366,371,372,373,374,377,378,381,385,386,387,388,391,393,394,397,400,401,404,407,417,419,421,431,432,435,436,438,441,442,443,444,446,447,448,450,453,454,465,471,473,483,491,492,496,503,507,517,521,522,524,525,528,529,531,536,537,539,540,541,546,547,550,553,556,557,565,567,571,577,578,579,580,583,585,586,593,596,600,601,604,608,609,614,618,619,629,634,635,638,641,644,657,658,661,665,666,669,678,679,680,681,684,685,689,690,692,693,696,697,698,699,700,703,705,709,710,711,713,759,822
0179_00398	10,11,12,15,16,19,20,144,146,147,179,180,256,257,258,284,285,286,287,300,309,333,334,339,341,345,346,352,353,356,357,358,359,366,371,372,373,374,377,378,381,385,386,387,388,391,393,394,397,400,401,404,407,417,419,421,431,432,435,436,438,441,442,443,444,446,447,448,450,453,454,465,471,473,483,491,492,496,503,507,517,521,522,524,525,528,529,531,536,537,539,540,541,546,547,550,553,556,557,565,567,571,577,578,579,580,583,585,586,593,596,600,601,604,608,609,614,618,619,629,634,635,638,641,644,657,658,661,665,666,669,678,679,680,681,684,685,689,690,692,693,696,697,698,699,700,703,705,709,710,711,713,759,822
0179_00400	10,11,12,15,19,20,179,180,256,284,285,286,287,300,309,333,334,339,341,342,345,346,352,353,356,357,366,371,372,381,382,383,385,394,407,417,421,431,435,441,442,444,447,453,471,491,499,517,521,525,529,536,537,542,543,549,553,557,565,567,571,574,575,579,580,583,585,591,593,596,600,604,607,608,609,618,619,620,635,638,641,642,644,652,656,661,665,668,669,678,679,680,681,684,685,689,690,693,697,699,705,709,710,711,715,778
0179_00405	10,11,12,15,16,19,20,21,144,147,179,181,182,256,257,284,285,286,287,300,309,333,340,342,345,346,347,352,353,356,359,366,367,371,372,373,374,376,377,380,382,385,388,390,391,392,393,394,397,398,400,401,404,406,407,417,419,421,435,436,440,442,443,444,446,447,448,450,451,452,454,465,473,483,485,488,489,492,494,496,503,505,507,517,520,522,524,528,531,536,539,540,541,546,547,550,554,556,561,567,568,572,573,577,581,583,586,593,594,597,602,613,614,615,618,622,625,629,637,638,639,640,644,646,647,648,651,655,657,658,660,663,664,673,674,675,681,682,683,684,691,692,703
0179_00406	10,11,12,15,16,19,20,21,22,31,144,147,179,181,182,256,257,284,285,286,287,300,309,315,333,340,342,345,346,347,352,353,356,359,366,367,371,372,373,374,376,377,380,382,385,388,390,391,392,393,394,397,398,400,401,404,406,407,408,412,417,419,421,426,435,436,440,442,443,444,446,447,448,450,451,452,454,457,465,473,483,485,488,489,492,494,496,503,505,507,517,520,522,524,528,531,536,539,540,541,546,547,550,554,556,561,567,568,572,573,577,581,583,586,593,594,597,602,613,614,615,618,622,625,629,637,638,639,640,644,646,647,648,651,655,657,658,660,663,664,673,674,675,681,682,683,684,691,692,703
0179_00407	10,11,15,16,19,20,144,146,147,256,257,284,285,286,287,300,309,333,341,345,346,352,353,356,358,359,366,371,373,374,376,377,380,381,388,390,391,393,394,397,400,401,404,407,417,419,421,432,435,436,438,441,442,443,444,446,447,448,450,451,453,454,465,471,473,483,485,486,488,489,491,492,496,500,503,505,507,517,520,521,522,524,525,528,529,539,540,541,546,547,548,554,556,557,561,565,570,573,574,585,586,597,600,612,614,620,637,644,655,658,661,665,668,672,673,675,678,679
0179_00408	10,11,12,13,19,20,21,144,145,179,180,186,187,193,194,284,285,287,309,333,334,335,336,340,342,345,347,353,367,375,381,407,421,441,444,453,536,572,580,583,618,638,680,681,685,689,690,691,693,697,698,699,700,702,705,709,710,711,712,713,777,778,798,799,819,820,840,861
0179_00411	10,11,12,15,16,17,19,20,21,144,146,147,151,154,179,181,182,256,257,258,259,284,285,286,287,300,309,333,340,341,342,345,346,347,352,353,356,358,359,360,366,367,374,376,377,378,379,380,382,385,387,388,389,390,391,392,393,394,397,398,400,401,404,406,407,417,419,421,432,438,439,440,442,443,444,448,450,451,452,454,465,473,483,485,486,488,489,492,494,495,496,500,505,507,520,522,524,528,531,536,537,539,541,546,548,550,554,556,561,567,568,570,572,573,581,583,586,593,594,597,602,603,612,613,614,615,618,622,625,629,637,638,639,640,646,648,651,655,657,658,660,663,664,674,675,681,682,683,684,691,692,703
0179_00412	10,11,12,15,16,17,19,20,21,22,31,144,146,147,151,154,179,181,182,256,257,258,259,284,285,286,287,300,309,315,333,340,341,342,345,346,347,352,353,356,358,359,360,366,367,374,376,377,378,379,380,382,385,387,388,389,390,391,392,393,394,397,398,400,401,404,406,407,408,412,417,419,421,426,432,438,439,440,442,443,444,448,450,451,452,454,457,465,473,483,485,486,488,489,492,494,495,496,500,505,507,520,522,524,528,531,536,537,539,541,546,548,550,554,556,561,567,568,570,572,573,581,583,586,593,594,597,602,603,612,613,614,615,618,622,625,629,637,638,639,640,646,648,651,655,657,658,660,663,664,674,675,681,682,683,684,691,692,703
0179_00414	10,11,19,20,21,284,285,287,309,333,340,342,345,347,353,367,407,568,572,583,618,638,640,664,681,682,691
