id	bits.on
0078_00001	29,43,48,53,69,82,84,90,97,100,102,104,106,111,112,124,130,131,132,138,139,146,147,148,151,153,155,158,159,161,164
0078_00002	62,65,75,80,83,85,86,93,96,98,100,108,111,115,116,118,120,121,122,137,142,147,148,150,153,156,158,160,161,162,163,165
0078_00003	22,54,66,84,90,95,104,111,112,123,131,133,139,151,154,156,157,158,159,161,164,165
0078_00004	54,72,82,91,98,100,104,105,108,111,113,116,121,127,131,137,139,143,144,145,147,150,151,152,153,156,157,158,159,160,161,162,163,164,165
0078_00005	38,53,54,57,62,65,72,75,77,78,79,80,82,83,85,89,90,91,92,93,95,96,97,98,105,109,110,117,119,120,121,122,127,131,132,133,135,137,139,140,142,143,144,146,148,150,151,152,153,155,156,157,158,159,160,161,162,163,164,165
0078_00006	49,65,75,80,84,85,92,93,97,98,110,117,121,122,137,142,148,151,154,156,158,160,161,162,163,164,165
0078_00007	84,105,125,133,135,145,151,156,158,161,162,163,165
0078_00008	54,72,82,89,90,99,104,108,109,114,115,116,118,123,126,128,129,131,132,138,139,140,146,147,152,153,154,155,157,159,160,164
0078_00009	65,92,98,110,113,117,121,127,137,143,151,154,156,161,162,163,164,165
0078_00010	27,54,84,87,90,95,104,107,111,113,123,125,126,127,131,134,139,140,143,144,145,146,150,151,152,154,155,156,157,158,159,161,162,163,164,165
0078_00011	54,72,84,90,91,95,104,111,113,123,127,131,139,140,143,144,146,150,151,152,154,155,156,157,158,159,161,162,163,164,165
0078_00012	27,54,84,87,90,95,104,107,111,113,123,125,126,127,131,134,139,140,143,144,145,146,150,151,152,154,155,156,157,158,159,161,162,163,164,165
0078_00013	27,54,84,87,90,95,104,107,111,113,123,127,131,134,139,143,144,146,150,151,152,154,155,156,157,158,159,161,162,163,164,165
0078_00014	54,72,84,90,93,95,104,111,113,123,126,127,131,139,140,143,144,146,150,151,152,154,155,156,157,158,159,160,161,162,163,164,165
0078_00015	83,92,96,105,110,117,121,127,135,137,143,144,150,151,154,156,158,160,161,162,163,164,165
0078_00016	38,54,65,75,77,78,79,80,83,85,93,96,98,105,119,120,121,122,131,133,135,137,142,148,151,156,158,160,161,162,163,165
0078_00017	65,75,77,79,80,82,83,84,85,93,96,100,104,108,111,116,120,121,122,137,142,144,147,148,150,151,153,155,156,158,160,161,162,165
0078_00018	24,49,54,56,63,70,71,84,89,90,94,95,102,104,111,113,119,122,123,124,127,130,131,133,135,136,139,140,142,143,144,146,148,150,151,152,154,155,156,157,158,159,161,162,163,164,165
0078_00019	25,43,77,78,84,90,91,100,104,106,111,118,119,123,131,132,139,142,147,151,153,154,155,156,157,158,159,161,164
0078_00020	54,65,95,97,98,105,113,121,123,125,127,131,136,137,139,143,145,146,151,152,154,156,157,159,161,162,163,164,165
0078_00021	37,43,53,77,80,82,89,90,91,92,97,98,100,104,106,110,111,117,120,121,127,131,132,136,137,142,143,147,151,153,154,156,158,159,161,163,164,165
0078_00022	65,83,90,91,96,104,105,113,121,123,127,131,132,137,139,143,146,151,152,154,155,156,157,159,161,162,163,164,165
0078_00023	37,38,43,65,77,80,84,97,98,106,110,113,117,120,121,127,131,133,135,137,142,143,144,150,151,154,156,158,160,161,162,163,164,165
0078_00024	38,54,57,62,65,72,75,77,79,80,83,84,85,86,88,89,90,91,92,93,95,96,97,98,105,110,115,117,120,121,122,127,131,132,133,135,137,139,142,143,146,148,150,151,152,153,155,156,157,158,159,160,161,162,163,164,165
0078_00025	53,65,92,97,98,110,113,117,121,123,127,131,136,137,139,143,146,151,154,156,157,159,161,162,163,164,165
0078_00026	38,54,65,77,79,80,83,84,96,98,105,120,121,131,133,135,137,142,151,156,158,161,162,163,165
0078_00027	25,43,77,78,82,84,90,91,100,104,106,111,118,119,129,131,138,142,147,151,153,155,156,158,161
0078_00028	34,45,50,53,65,76,78,80,83,90,91,92,96,99,104,108,110,116,117,118,119,120,121,123,127,131,132,136,137,139,140,141,142,143,144,146,147,149,150,151,154,155,156,157,158,159,160,161,162,164,165
0078_00029	108,109,114,115,116,118,123,126,128,129,136,138,140,141,144,146,147,149,150,153,154,155,157,159,160,162,163,164,165
0078_00030	53,80,82,84,86,90,100,104,111,118,128,129,131,138,142,147,151,153,155,158,161
0078_00031	82,84,90,91,100,104,111,118,128,129,131,138,142,147,151,153,155,158,161
0078_00032	53,54,65,77,79,80,82,83,84,90,92,95,96,97,100,104,110,111,117,120,121,123,128,131,132,136,137,139,142,146,147,151,153,154,155,156,157,158,159,161,162,164,165
0078_00033	30,49,74,82,85,86,93,95,100,104,109,111,112,115,116,122,132,138,139,141,147,148,149,153,155,157,158,160,161,164
0078_00034	26,50,53,66,72,76,82,89,90,91,96,99,104,105,108,109,112,115,116,118,127,128,129,131,132,136,139,140,143,145,146,147,149,150,152,153,154,155,157,159,160,163,164,165
0078_00035	26,50,66,72,76,89,90,91,96,99,104,105,108,109,112,115,116,118,123,126,127,128,129,131,132,136,139,140,141,143,145,146,147,149,150,152,153,154,155,157,159,160,163,164,165
0078_00036	26,50,53,66,72,76,82,89,90,91,96,99,104,105,108,109,112,115,116,118,127,128,129,131,132,136,139,140,143,145,146,147,149,150,152,153,154,155,157,159,160,163,164,165
0078_00037	25,43,75,77,78,79,83,85,86,90,91,92,93,95,96,97,100,104,106,110,111,115,117,119,120,121,122,127,131,132,133,137,142,143,148,150,151,153,154,156,158,160,161,164,165
0078_00038	29,37,38,48,49,57,62,65,72,75,77,80,82,83,84,85,89,92,95,96,97,98,101,102,105,106,109,110,112,113,117,120,121,122,124,127,130,131,132,133,135,136,137,139,140,142,143,144,146,148,150,151,152,153,154,155,156,157,158,159,161,162,163,164,165
0078_00039	29,30,37,38,48,49,54,57,62,65,69,72,74,75,77,80,83,84,85,86,89,90,91,92,93,95,96,97,98,100,102,106,109,110,111,112,113,115,116,117,120,121,122,124,126,127,130,131,132,133,135,136,137,138,139,140,141,142,143,144,146,147,148,149,150,151,152,153,154,155,156,157,158,159,160,161,162,163,164,165
0078_00040	37,38,43,65,77,80,84,97,98,106,110,113,117,120,121,127,131,133,135,137,142,143,151,154,156,158,161,162,163,164,165
0078_00041	29,38,43,48,57,62,65,69,72,75,77,79,80,83,84,85,89,90,92,96,97,98,102,104,105,106,109,110,111,112,117,120,121,122,124,126,127,128,129,130,131,132,133,135,137,139,140,142,143,146,148,150,151,152,153,155,156,157,158,159,161,162,163,164,165
0078_00042	26,50,66,72,76,96,99,105,108,109,112,115,116,118,123,126,127,128,129,132,136,140,141,143,145,146,147,149,150,152,153,154,155,157,159,160,163,164,165
0078_00043	37,43,54,77,79,83,90,91,96,104,106,108,110,111,116,117,118,120,121,123,127,128,129,131,132,136,137,139,142,143,146,147,150,151,154,155,156,157,158,159,160,161,164,165
0078_00044	54,82,86,91,95,100,104,109,111,118,128,129,131,132,138,139,147,151,153,155,157,158,159,161,164
0078_00045	65,77,79,83,96,105,120,121,137,142,144,149,150,151,156,160,161,162,163,165
0078_00046	53,54,66,72,74,82,89,90,91,92,95,97,100,104,109,110,111,112,115,117,123,131,132,136,138,139,140,146,147,149,151,152,153,154,155,156,157,158,159,160,161,164
0078_00047	65,83,90,91,96,105,108,109,114,121,123,126,129,132,137,151,153,154,155,156,157,159,160,161,162,163,164,165
0078_00048	25,38,43,54,65,77,79,80,82,84,90,91,92,95,97,98,100,104,105,106,110,111,113,117,120,121,123,125,127,131,132,133,135,136,137,139,140,142,143,145,146,147,151,153,154,155,156,157,158,159,161,162,163,164,165
0078_00049	53,54,72,82,84,89,90,91,95,97,104,109,123,131,132,139,140,146,151,152,153,154,155,156,157,158,159,161,164
0078_00050	54,82,84,95,100,104,123,131,132,139,151,153,154,155,157,158,159,161,164
0078_00051	25,43,77,78,84,90,95,100,104,106,119,123,131,132,139,142,151,153,154,155,156,157,158,159,161,164
0078_00052	25,38,43,54,65,77,79,80,83,84,92,95,96,97,98,105,106,110,113,117,120,121,127,131,133,135,137,142,143,151,154,156,158,161,162,163,164,165
0078_00053	25,29,38,43,48,57,62,65,69,72,75,77,79,80,83,84,85,89,90,91,92,95,96,97,98,102,105,106,109,110,112,113,117,120,121,122,124,127,130,131,132,133,135,136,137,139,140,142,143,145,146,148,150,151,152,153,154,156,157,158,159,161,162,163,164,165
0078_00054	53,65,77,79,80,82,83,84,90,96,100,104,111,120,121,131,137,142,147,151,153,155,156,158,161,162,165
0078_00055	65,83,90,91,96,105,121,132,137,151,154,155,156,161,162,163,164,165
0078_00056	65,83,84,90,91,92,96,104,105,110,111,117,121,131,132,137,142,151,154,155,156,158,161,162,163,164,165
0078_00057	49,65,83,90,91,96,105,121,123,132,137,151,154,155,156,157,159,161,162,163,164,165
0078_00058	65,82,83,90,91,96,104,105,109,121,131,132,137,139,147,151,153,155,156,157,161,162,163,164,165
0078_00059	53,54,79,82,84,90,95,97,100,104,111,123,131,139,142,151,153,154,155,156,157,158,159,161,164
0078_00060	25,43,54,77,78,84,90,91,95,100,104,106,111,118,119,123,131,139,142,147,151,153,154,155,156,157,158,159,161,164
0078_00061	30,49,74,85,86,89,93,95,100,108,112,114,115,116,118,122,123,126,128,129,132,136,140,141,146,147,148,149,152,153,154,155,157,158,159,160,161,164
0078_00062	30,49,74,85,86,89,93,95,100,104,108,112,115,122,123,132,139,141,146,148,149,152,153,154,155,157,158,159,160,161,164
0078_00063	54,84,86,88,90,91,95,104,111,123,129,131,136,138,139,140,142,146,147,151,153,154,155,156,157,158,159,161,164
0078_00064	14,54,67,84,88,90,95,104,111,123,124,129,131,136,138,139,140,142,146,151,153,154,155,156,157,158,159,161,164
0078_00065	53,54,65,77,79,80,83,84,90,95,96,104,111,120,121,123,131,137,139,142,151,154,155,156,157,158,159,161,162,164,165
0078_00066	53,54,65,77,79,80,82,83,84,90,91,95,96,104,109,111,120,121,131,137,139,142,151,153,155,156,157,158,161,162,164,165
0078_00067	54,84,90,91,95,104,111,118,123,131,136,139,140,142,146,147,151,154,155,156,157,158,159,161,164
0078_00068	54,82,84,90,91,95,100,104,111,118,123,129,131,139,142,147,151,153,154,155,156,157,158,159,161,164
0078_00069	32,33,51,54,58,60,61,67,69,73,84,86,88,90,91,93,94,95,102,104,111,112,115,116,117,119,123,124,130,131,132,136,139,142,146,147,148,151,153,154,155,156,157,158,159,160,161,164
0078_00070	54,84,90,95,104,111,123,131,139,151,154,155,156,157,158,159,161,162,163,164,165
0078_00071	54,65,79,83,84,90,91,92,95,96,104,105,110,111,117,121,131,137,142,151,154,155,156,158,161,162,163,164,165
0078_00072	37,38,43,53,65,77,79,80,89,92,95,97,98,105,106,110,113,117,120,121,125,127,131,136,137,142,143,144,145,149,150,151,154,156,159,160,161,162,163,164,165
0078_00073	65,82,83,90,91,92,93,96,100,104,105,108,110,111,113,116,117,121,126,127,131,137,142,143,147,149,151,152,153,154,155,156,157,158,159,160,161,162,163,164,165
0078_00074	25,43,77,78,84,93,106,119,131,142,151,156,158,160,161
0078_00075	54,65,75,77,79,80,83,84,85,90,93,95,96,104,111,116,120,121,122,123,131,137,139,142,144,148,150,151,154,155,156,157,158,159,160,161,162,164,165
0078_00076	53,80,82,84,86,90,91,92,100,104,108,110,111,116,117,118,128,129,131,138,142,147,151,153,154,155,156,158,160,161,164
0078_00077	38,50,54,65,74,76,77,79,80,82,83,91,96,98,99,100,105,116,120,121,131,133,135,137,142,149,151,153,155,156,158,160,161,162,163,165
0078_00078	54,65,83,90,91,92,95,96,104,105,108,110,111,117,121,123,131,136,137,139,142,146,151,154,155,156,157,158,159,160,161,162,163,164,165
0078_00079	54,90,92,95,104,108,110,111,117,123,131,136,139,146,151,154,155,156,157,158,159,160,161,162,163,164,165
0078_00080	82,84,90,91,92,100,104,108,110,111,116,117,118,129,131,138,142,147,151,153,154,155,156,158,160,161,164
0078_00081	65,82,83,90,91,92,96,100,104,105,108,110,111,113,116,117,121,127,131,137,139,142,143,147,151,152,153,154,155,156,157,158,159,160,161,162,163,164,165
0078_00082	54,82,84,90,91,92,95,100,104,108,110,111,117,118,123,129,131,136,139,142,146,147,151,153,154,155,156,157,158,159,160,161,164
0078_00083	25,43,77,78,84,90,91,95,97,104,106,111,119,123,131,132,136,139,140,142,146,151,154,155,156,157,158,159,161,164
0078_00084	30,49,74,84,85,86,90,91,93,95,100,104,108,111,112,115,116,118,122,123,129,141,142,147,148,149,151,153,154,155,156,157,158,159,160,161,164
0078_00085	65,80,84,92,97,98,110,117,121,137,142,151,154,156,158,161,162,163,164,165
0078_00086	65,82,83,86,90,91,93,96,100,104,105,111,115,116,121,131,137,142,147,151,153,155,156,158,160,161,162,163,165
0078_00087	54,79,82,84,90,91,92,95,100,104,110,111,114,117,123,128,131,132,136,139,140,142,146,147,151,153,154,155,156,157,158,159,160,161,164
0078_00088	54,84,90,91,95,97,104,109,111,118,123,126,128,129,131,132,136,139,140,146,147,151,153,154,155,156,157,158,159,161,164
0078_00089	29,30,43,48,49,69,74,85,86,90,91,93,95,100,102,106,109,111,112,115,116,122,124,126,130,131,132,138,139,140,141,146,147,148,149,153,155,157,158,159,160,161,164
0078_00090	34,50,53,65,76,80,83,90,96,99,104,105,108,116,118,120,121,123,131,132,136,137,139,140,141,142,144,146,147,149,150,151,154,155,156,157,159,160,161,162,164,165
0078_00091	25,38,43,65,77,79,80,84,92,95,97,98,105,106,110,113,117,120,121,125,127,131,133,135,137,142,143,145,151,154,156,158,161,162,163,164,165
0078_00092	37,38,53,54,65,72,75,77,79,80,82,85,89,90,91,92,95,97,98,100,104,105,106,109,110,113,117,120,121,122,127,128,131,132,136,137,138,139,140,142,143,144,145,146,148,149,150,151,152,153,154,155,156,157,158,159,160,161,162,163,164,165
0078_00093	38,49,54,57,62,65,72,75,77,79,80,83,84,85,86,88,89,90,91,92,95,96,97,98,104,105,110,111,117,120,121,122,123,127,129,131,132,133,135,137,138,139,140,142,143,146,147,148,150,151,152,153,154,155,156,157,158,159,161,162,163,164,165
0078_00094	3,44,54,84,86,90,91,93,95,104,111,115,116,123,131,139,147,151,153,154,155,156,157,158,159,160,161,164
0078_00095	65,82,83,84,90,91,96,100,104,105,111,113,121,127,131,137,139,142,143,147,151,152,153,155,156,157,158,161,162,163,164,165
0078_00096	54,79,82,84,86,88,90,91,92,95,100,104,108,110,111,114,115,116,117,118,123,128,129,131,132,136,138,139,140,142,146,147,151,153,154,155,156,157,158,159,160,161,164
0078_00097	29,30,48,49,54,72,74,82,85,86,89,90,93,95,100,102,104,106,109,111,112,115,116,122,124,126,128,130,131,132,138,139,140,141,146,147,148,149,152,153,155,157,158,159,160,161,164
0078_00098	53,80,82,84,86,90,91,100,104,111,118,128,129,131,138,142,147,151,153,155,158,161
0078_00099	53,80,82,84,86,90,91,100,104,111,118,128,129,131,138,142,147,151,153,155,158,161
0078_00100	53,54,82,84,89,90,91,95,104,108,109,111,114,115,116,118,128,129,131,132,139,147,151,152,153,155,156,157,158,159,160,161,164
0078_00101	36,38,47,49,65,75,77,80,81,82,83,84,85,88,90,96,98,100,104,108,109,116,120,121,122,128,131,132,133,135,137,138,139,142,144,147,148,149,150,151,153,155,156,157,158,160,161,162,163,164,165
0078_00102	29,36,38,43,47,48,49,65,69,75,77,80,81,83,84,85,88,90,91,96,98,100,102,106,108,109,112,116,120,121,122,124,126,128,130,131,132,133,135,137,138,139,140,142,144,146,147,148,149,150,151,153,155,156,157,158,159,160,161,162,163,164,165
0078_00103	38,47,59,64,65,77,79,80,81,83,88,93,96,98,105,120,121,137,142,151,156,160,161,162,163,165
0078_00104	53,54,65,75,77,79,80,83,84,85,90,91,92,95,96,100,104,110,111,117,118,120,121,122,127,128,131,132,136,137,140,142,143,146,147,148,150,151,153,154,155,156,158,159,161,162,164,165
0078_00105	27,54,84,87,90,95,104,107,111,113,123,125,126,127,131,134,139,140,143,144,145,146,150,151,152,154,155,156,157,158,159,161,162,163,164,165
0078_00106	37,43,53,65,77,80,89,92,97,98,106,110,113,117,120,121,127,131,136,137,142,143,151,154,156,159,161,162,163,164,165
0078_00107	37,38,43,53,54,65,77,79,80,83,89,92,95,96,97,98,105,106,110,113,117,120,121,127,131,136,137,142,143,146,151,154,156,159,161,162,163,164,165
0078_00108	65,77,79,83,96,99,120,121,123,131,137,139,142,151,154,156,157,159,161,162,164,165
0078_00109	37,38,43,53,54,65,77,79,80,83,89,92,95,96,97,98,105,106,110,113,117,120,121,127,131,136,137,142,143,151,154,156,159,161,162,163,164,165
0078_00110	54,65,95,97,98,105,113,121,123,125,127,131,136,137,139,140,143,145,146,151,152,154,156,157,159,161,162,163,164,165
