id	bits.on
0262_00001	20,48,64,67,129,132,134,141,153,163,168,171,175,207,228,233,241,242,245,292,294,309,317,319,321,326,337,347,392,405,422,423,475,481,506,508,510,524,544,554,570,575,576,582,601,606,615,626,631,662,690,694,727,737,790,801,802,860,861,863,868,875,887,889,927,932,940,948,963,968,999
0262_00003	15,20,33,39,49,68,72,94,96,111,134,153,175,203,204,207,218,219,231,237,242,244,254,270,281,298,304,326,347,366,373,432,456,476,484,487,505,508,515,516,522,524,527,550,584,594,612,626,641,655,663,690,705,706,711,727,739,750,757,768,788,800,802,807,829,866,907,917,928,931,948,954,963,968,994,1006,1014
0262_00012	18,20,62,96,106,114,134,144,145,153,165,168,177,193,199,203,207,230,231,236,241,242,243,270,281,300,325,335,336,347,352,390,392,403,405,421,444,456,481,482,487,493,508,516,526,543,549,550,558,572,579,580,585,588,598,605,606,626,652,662,670,679,727,737,739,742,747,764,775,819,823,828,847,905,917,936,948,954,965,968,970,976,977,989,993,1010,1015,1018
0262_00014	15,20,30,44,45,51,57,62,73,79,89,94,96,111,117,134,141,143,145,153,164,168,178,199,207,210,230,237,241,242,260,270,277,282,294,332,347,354,362,367,381,383,415,418,419,421,425,473,475,477,487,497,508,524,549,550,571,588,592,626,640,645,656,658,677,715,726,727,757,772,778,786,788,802,850,851,857,910,934,948,954,964,968,977,981,994,1005
0262_00019	3,15,20,24,26,59,63,84,89,90,94,96,101,128,134,153,154,155,186,192,210,245,281,311,347,351,371,374,396,487,492,499,505,508,516,523,524,547,550,577,593,603,606,616,624,626,636,677,701,705,709,725,727,739,750,766,773,793,800,826,833,851,866,889,896,904,935,947,948,968,994,1007
0262_00020	4,12,13,20,33,58,85,89,90,101,117,128,134,153,180,187,197,200,216,220,243,247,260,270,281,300,302,303,311,320,326,337,347,351,353,418,423,442,445,449,461,467,486,493,508,515,522,530,549,550,562,563,590,597,601,602,618,626,640,691,705,709,711,719,727,743,747,753,778,786,817,822,911,927,936,938,948,951,968,974,980,987,1020
0262_00027	17,26,72,122,134,160,212,226,304,405,515,550,620,626,640,676,698,712,733,741,763,787,825,850,907,946,947,968
0262_00029	15,20,89,94,108,134,144,150,153,154,160,171,190,207,230,240,254,263,291,347,407,434,445,456,461,474,481,492,508,510,516,540,626,687,714,727,761,762,767,781,802,856,896,948,958,960,968,975,994,1009
0262_00035	19,25,31,57,63,65,66,124,131,134,153,165,172,207,228,233,240,317,319,347,361,405,422,436,445,481,486,508,519,524,554,558,580,626,629,645,678,690,692,695,728,755,802,818,835,842,852,887,902,948,954,960,968,975,991,995
0262_00038	20,35,39,65,69,94,95,97,134,144,146,153,197,207,215,221,236,254,286,289,304,324,327,335,337,346,354,360,373,390,405,409,442,467,472,480,487,508,511,537,550,563,567,586,602,613,623,626,655,670,702,710,727,729,733,734,740,742,745,770,779,802,804,831,840,850,880,931,936,948,968,989,1000
0262_00039	20,48,64,69,101,102,103,134,138,144,153,158,178,207,238,249,263,270,360,363,372,384,404,453,461,465,476,497,504,508,514,516,538,552,570,593,611,629,657,662,685,706,720,746,748,794,809,833,850,881,915,919,948,957,968,983,984,989,998,1012
0262_00040	15,20,26,64,69,88,89,94,99,107,141,153,154,173,199,207,213,242,274,275,280,287,342,343,347,354,363,435,481,499,506,508,516,528,541,594,626,632,692,702,712,719,727,738,746,757,769,778,819,840,842,850,886,915,923,948,954,1018
0262_00041	14,26,35,85,89,103,134,139,140,153,167,169,192,210,228,236,245,252,272,277,278,311,322,326,434,442,445,452,461,478,506,508,524,557,569,626,657,662,766,783,806,833,936,952,968,974,998
0262_00042	6,11,20,35,39,40,43,93,94,96,97,102,134,140,151,153,207,231,254,272,280,304,318,324,335,360,388,390,415,432,467,480,487,508,511,512,524,535,550,592,595,612,626,631,654,681,702,710,714,727,729,779,799,802,850,902,912,936,948,967,968,974,981,996,1006,1009
0262_00043	15,42,68,82,85,89,127,134,139,153,182,185,210,213,220,245,255,259,301,311,326,340,379,442,461,477,506,508,524,533,561,569,575,582,588,626,638,649,657,662,671,675,705,773,806,817,824,863,874,895,901,910,918,948,964,968,974,980
0262_00044	20,60,62,64,94,96,134,135,140,141,144,145,153,207,230,238,239,252,270,300,302,331,347,360,398,421,480,487,493,508,511,516,543,549,550,558,587,588,623,626,670,718,719,727,739,800,835,863,897,901,902,917,948,968,977,989,999,1019
0262_00046	14,20,29,102,114,134,137,138,144,153,158,170,207,238,262,270,272,286,292,353,360,373,404,451,453,461,465,497,508,516,552,570,581,582,621,629,650,657,670,685,706,707,713,748,769,837,847,850,867,881,930,948,968,980,983,989,998,1012
0262_00047	15,20,47,62,89,94,96,107,126,134,145,153,173,207,230,237,252,270,317,346,347,364,398,421,458,461,487,497,508,516,522,550,556,558,560,588,626,649,669,727,739,772,789,792,802,805,827,847,898,901,927,948,964,967,968,979,989
0262_00048	20,47,60,94,96,129,134,169,192,272,283,309,310,330,334,340,353,362,374,405,456,487,508,524,540,550,567,568,598,615,626,635,640,649,654,675,684,714,727,737,769,780,800,870,895,897,934,947,968,980,1005,1007,1008
0262_00051	20,33,62,64,91,94,129,134,153,169,178,204,265,270,276,281,395,397,400,405,417,434,441,451,456,459,481,485,507,508,517,522,524,534,544,550,552,555,578,626,635,658,706,719,721,727,733,749,754,773,778,786,796,806,826,850,855,874,876,889,897,909,940,947,948,955,958,968,978,985,994
0262_00052	15,20,35,46,134,135,136,144,153,180,205,208,211,214,216,253,255,259,260,270,273,278,281,307,309,331,346,347,351,373,383,407,420,435,481,487,496,506,508,509,515,516,522,530,550,551,575,585,638,659,678,702,722,727,730,757,771,772,781,789,809,812,827,835,842,857,873,897,898,909,938,968,977,1000,1001,1009
0262_00058	12,20,53,69,134,153,166,220,223,249,259,265,270,279,317,360,363,384,405,420,422,423,475,479,486,516,555,565,575,593,623,636,661,662,710,746,787,800,813,821,835,869,909,912,915,937,948,968
0262_00064	5,15,20,26,35,39,49,60,64,76,85,87,89,94,118,120,152,153,163,170,180,182,207,222,228,231,252,261,281,285,290,316,326,351,368,370,391,401,408,420,424,437,480,499,508,530,552,594,602,609,626,664,690,710,726,727,752,753,758,759,772,802,818,860,936,948,949,964,976,999,1009
0262_00065	5,15,20,25,26,50,51,61,85,89,108,134,153,175,182,193,228,245,255,260,282,290,294,312,344,347,358,368,372,387,408,452,456,468,477,485,491,499,508,513,517,518,544,560,573,574,587,601,605,615,623,626,627,640,644,673,702,710,727,730,733,747,761,772,778,812,819,845,847,880,884,894,934,936,948,952,964,968,973,994,996,1005,1012,1019,1022
0262_00066	5,15,20,25,26,51,61,85,88,89,108,134,153,175,193,228,241,242,245,255,260,261,290,312,326,346,358,408,452,477,485,491,499,508,513,517,574,601,605,615,623,626,627,649,673,727,733,747,761,771,772,778,819,845,855,861,884,890,898,926,934,936,948,964,965,968,996,1005,1012,1019,1022
0262_00067	3,5,11,15,20,26,28,35,60,80,89,94,109,134,167,184,193,213,214,222,224,245,246,272,285,297,311,365,396,405,419,435,491,499,508,513,531,540,552,556,570,582,626,636,651,656,682,687,691,696,723,725,727,733,743,765,772,812,819,838,876,916,934,936,941,948,964,965,968,969,991,998
0262_00068	1,15,26,29,40,89,90,111,134,140,155,222,245,254,271,292,293,322,377,384,392,464,499,508,515,550,574,577,579,582,586,606,616,626,640,643,676,679,683,703,743,761,763,769,772,775,841,845,898,908,935,947,948,968,980,986,1022
0262_00069	5,15,20,26,49,60,76,85,87,89,94,108,118,153,163,182,207,222,228,231,252,261,281,285,290,316,326,340,351,352,401,402,408,424,437,480,482,499,508,530,566,609,626,657,690,710,713,727,752,753,759,772,777,802,818,851,860,879,936,948,964,969,976,987,999,1003,1009,1015,1022
0262_00070	15,20,25,26,85,89,98,134,148,153,164,221,226,245,255,256,260,290,294,315,325,358,378,408,413,452,456,466,476,477,499,508,513,517,527,566,574,592,614,626,683,684,727,743,753,766,772,784,789,801,813,819,822,835,843,891,925,927,934,936,940,948,954,964,968,994,1005,1009,1016,1022
0262_00071	15,20,26,39,60,71,76,85,87,89,94,120,153,163,170,182,207,215,222,223,231,252,261,285,290,316,370,391,398,401,424,437,480,491,499,503,508,530,580,594,602,609,614,626,664,690,697,710,726,727,752,758,759,772,801,802,818,860,909,915,936,948,964,967,972,976
0262_00077	15,17,57,73,89,129,134,145,226,228,231,245,332,334,353,369,381,444,461,476,490,491,503,508,515,529,533,534,550,573,594,596,607,626,640,661,668,676,683,702,735,750,759,831,888,936,947,951,968,997
0262_00144	20,28,58,78,96,97,101,129,134,139,145,153,207,270,278,347,381,421,465,487,497,508,516,530,550,578,588,656,659,673,723,727,776,802,848,908,917,948,968,970,994
0262_00146	4,12,15,20,89,95,131,138,153,160,213,221,223,227,244,259,270,298,411,423,453,461,508,516,549,597,648,657,661,711,768,772,824,834,883,948,989,1004
0262_00155	15,20,35,46,134,135,136,144,153,180,205,208,211,214,216,253,255,259,260,270,273,278,281,307,309,331,346,347,351,373,383,407,420,435,481,487,496,506,508,509,515,516,522,530,550,551,575,585,638,659,678,702,722,727,730,757,771,772,781,789,809,812,827,835,842,857,873,897,898,909,938,968,977,1000,1001,1009
0262_00156	15,20,34,43,44,55,80,89,91,134,142,146,153,160,192,207,245,259,265,274,294,312,347,360,418,428,433,453,496,499,503,507,508,540,546,582,594,597,626,640,646,684,707,747,758,766,776,802,816,834,850,874,903,911,915,925,940,948,968,973,974,994,1002
0262_00165	8,20,21,35,39,40,46,62,64,105,117,119,134,144,153,158,182,208,245,259,278,281,319,347,364,387,391,405,426,430,446,515,524,550,586,603,622,649,651,657,683,723,730,738,741,747,776,791,822,882,891,948,968,994,1001,1003,1009
0262_00181	1,11,15,26,41,42,50,54,89,109,134,159,173,175,222,226,231,253,276,285,291,318,331,332,353,374,401,437,444,461,473,478,496,512,524,534,537,540,550,557,561,592,626,631,640,666,686,713,717,739,764,774,838,891,893,905,936,948,968,970,994,1014
0262_00182	15,20,33,39,49,68,72,94,96,111,134,153,175,203,204,207,218,219,231,237,242,244,254,270,281,298,304,326,347,366,373,432,456,476,484,487,505,508,515,516,522,524,527,550,584,594,612,626,641,655,663,690,705,706,711,727,739,750,757,768,788,800,802,807,829,866,907,917,928,931,948,954,963,968,994,1006,1014
0262_00185	5,6,15,20,33,35,47,65,76,89,96,111,122,134,153,175,180,195,227,245,263,270,272,291,298,310,350,369,381,429,461,467,474,494,500,508,515,516,523,524,534,550,571,598,617,669,727,753,754,762,768,792,818,837,845,853,914,918,925,931,948,960,968,1004,1006,1008
0262_00190	26,75,96,101,111,134,139,145,169,245,246,348,353,381,405,409,417,421,442,479,487,494,499,508,516,524,530,533,540,548,550,638,641,684,746,757,759,816,889,915,948,956,967,968,970,1015
0262_00200	5,15,20,25,26,31,35,37,58,85,89,100,108,134,153,175,182,241,245,247,252,255,260,261,283,290,310,337,346,347,358,368,372,408,416,421,452,477,478,485,499,508,513,544,551,574,577,583,590,601,623,626,627,666,673,690,727,746,762,771,772,778,819,845,855,884,886,890,934,936,948,964,965,968,989,991,996,1005,1019,1022
0262_00202	1,4,15,42,48,50,77,82,89,134,152,163,175,190,214,245,267,302,331,347,374,412,413,416,420,437,446,448,461,499,508,515,524,527,534,549,550,555,601,629,633,642,645,656,661,666,680,683,686,705,709,718,725,727,744,769,778,781,786,814,828,868,896,908,910,941,948,961,966,968,973,996,1012,1022
0262_00204	18,20,62,96,106,114,134,144,145,153,165,168,177,193,199,203,207,230,231,236,241,242,243,270,281,300,325,335,336,347,352,390,392,403,405,421,444,456,481,482,487,493,508,516,526,543,549,550,558,572,579,580,585,588,598,605,606,626,652,662,670,679,727,737,739,742,747,764,775,819,823,828,847,905,917,936,948,954,965,968,970,976,977,989,993,1010,1015,1018
0262_00205	15,20,30,44,45,51,57,62,73,79,89,94,96,111,117,134,141,143,145,153,164,168,178,199,207,210,230,237,241,242,260,270,277,282,294,332,347,354,362,367,381,383,415,418,419,421,425,473,475,477,487,497,508,524,549,550,571,588,592,626,640,645,656,658,677,715,726,727,757,772,778,786,788,802,850,851,857,910,934,948,954,964,968,977,981,994,1005
0262_00206	5,15,27,35,54,79,122,134,144,153,170,175,190,194,206,207,227,251,292,298,310,344,347,381,390,405,461,516,524,530,555,582,592,626,686,708,709,714,753,773,779,789,800,810,811,812,814,837,931,933,934,948,973,977
0262_00209	13,15,20,24,49,62,68,89,96,105,130,134,136,145,146,153,162,172,193,195,201,207,218,230,236,256,263,265,270,298,319,345,347,390,392,398,421,429,433,446,461,477,481,487,495,508,516,532,550,556,558,566,567,575,578,588,617,626,668,670,680,686,700,701,711,716,727,739,762,772,777,781,782,801,802,829,833,835,862,887,905,948,968,970,989,993
0262_00211	44,53,96,134,141,145,167,207,224,390,403,421,481,483,487,550,568,601,626,647,789,802,948,956,968
0262_00212	1,11,15,26,42,44,89,113,124,127,128,134,140,152,153,160,175,182,185,209,222,224,226,231,245,260,267,269,283,291,302,353,373,374,394,398,405,423,430,461,485,502,508,512,524,530,534,540,550,555,557,565,592,595,626,640,673,681,718,727,772,774,778,806,853,855,940,951,968,1022
0262_00218	15,43,73,88,89,96,111,134,145,175,177,215,252,255,380,405,421,423,447,458,487,492,524,550,592,604,638,665,728,740,773,884,931,965,968,1024
0262_00224	1,15,20,64,69,94,96,134,144,153,154,160,203,206,215,255,260,261,270,272,281,286,309,334,344,382,422,432,439,461,480,487,498,508,515,522,542,543,550,554,569,590,600,626,640,654,655,670,702,714,727,742,763,842,844,847,850,851,902,948,968,981,997,1003,1012
0262_00233	17,26,72,122,134,160,212,226,304,405,515,550,620,626,640,676,698,712,733,741,763,787,825,850,907,946,947,968
0262_00237	13,20,39,62,70,91,96,97,112,114,128,134,137,144,145,153,156,193,204,207,220,223,229,230,241,248,270,292,295,299,338,346,347,355,361,386,387,390,392,395,400,405,421,430,481,487,505,508,516,533,543,544,550,558,572,577,579,588,598,615,626,638,649,654,670,714,725,727,731,733,739,747,751,772,773,775,779,781,798,800,802,812,847,873,883,894,917,943,948,953,968,970,983,989,993,1009,1010,1011
0262_00239	15,20,89,94,108,134,144,150,153,154,160,171,190,207,230,240,254,263,291,347,407,434,445,456,461,474,481,492,508,510,516,540,626,687,714,727,761,762,767,781,802,856,896,948,958,960,968,975,994,1009
0262_00244	15,20,25,26,49,72,85,87,89,97,119,134,141,148,153,211,222,233,245,255,258,280,285,315,326,351,357,371,393,399,413,467,469,499,506,508,513,517,557,560,566,580,603,610,626,704,727,736,755,766,768,772,774,819,821,822,836,866,898,936,948,950,964,968,977,1009,1019,1022
0262_00245	3,6,11,15,20,24,32,58,75,83,89,93,107,134,153,155,207,216,221,238,245,254,256,260,275,287,307,318,345,347,377,383,390,433,452,461,468,500,508,515,533,534,540,547,578,583,626,630,660,710,727,731,762,767,773,776,789,791,797,802,814,818,845,861,863,936,938,948,959,961,964,968,974,988,994,996,1008
0262_00250	3,4,15,20,34,44,56,89,111,117,123,134,151,164,170,175,177,212,227,244,245,247,254,260,272,278,300,310,322,347,352,380,387,401,421,437,442,462,467,475,505,506,508,510,515,524,549,550,551,566,569,572,610,618,626,629,631,637,652,654,662,664,666,677,705,709,715,722,727,732,744,762,778,797,800,803,804,812,813,833,837,842,852,874,889,897,911,933,937,948,957,964,968,1011,1022
0262_00253	19,25,31,57,63,65,66,124,131,134,153,165,172,207,228,233,240,317,319,347,361,405,422,436,445,481,486,508,519,524,554,558,580,626,629,645,678,690,692,695,728,755,802,818,835,842,852,887,902,948,954,960,968,975,991,995
0262_00254	29,34,134,153,167,207,227,279,390,474,487,515,516,527,550,586,626,640,647,658,659,667,676,781,792,802,845,867,904,940,948,968,998,1007
0262_00255	15,20,26,30,39,51,89,128,145,152,153,175,185,230,237,247,296,309,316,323,365,371,397,415,420,421,468,475,477,508,515,516,519,524,587,590,594,596,609,626,640,659,711,727,772,778,806,816,819,835,851,855,909,933,964,972,1003
0262_00257	15,20,24,26,59,84,89,94,96,103,128,134,145,156,192,203,220,222,245,249,255,289,311,335,351,354,371,374,396,405,412,418,421,461,464,487,492,499,508,509,516,524,535,547,550,593,601,603,624,626,636,677,701,710,727,766,768,773,774,789,826,833,851,864,904,948,968,980,987,1007,1021
0262_00258	4,18,20,39,45,52,91,97,134,141,144,151,153,183,207,221,226,241,255,256,260,270,280,281,304,325,337,341,343,344,345,347,354,372,378,390,391,399,426,430,436,439,451,481,508,513,515,516,549,550,558,562,569,608,626,642,704,705,706,709,717,721,727,733,738,764,767,775,778,800,802,816,833,871,888,908,910,917,944,948,968,977,988,989
0262_00259	15,20,89,108,134,144,151,153,154,160,171,190,207,230,240,254,263,291,347,365,433,434,445,460,461,474,481,492,505,508,510,516,540,544,663,687,714,727,741,761,762,767,781,802,807,878,896,914,948,958,960,968,994,1012
0262_00261	15,20,24,26,89,96,108,117,134,144,145,153,184,222,230,308,318,347,353,410,421,448,460,487,505,508,540,544,550,589,600,629,663,670,696,721,722,723,727,759,846,850,889,905,906,910,939,948,968,987,994,1004
0262_00264	16,20,62,87,96,134,144,145,153,174,207,209,214,216,221,241,270,282,294,309,347,421,487,508,543,550,588,610,611,640,653,670,678,727,738,753,765,773,784,802,847,893,898,905,918,943,948,959,968,994,1003,1014
0262_00265	11,15,30,35,60,79,89,105,134,139,153,176,177,214,245,311,321,326,329,330,338,340,405,458,460,461,465,467,471,481,508,524,543,588,615,626,654,737,742,767,773,783,789,792,826,847,886,887,901,968,974
0262_00269	15,20,62,89,91,94,95,96,118,134,145,151,212,266,272,298,314,345,347,355,394,421,445,482,487,508,524,550,551,596,626,641,658,677,686,692,714,727,729,762,772,788,844,849,892,897,898,918,948,964,968,1004
0262_00270	15,20,96,134,144,145,153,154,207,214,216,275,294,330,339,421,445,461,478,487,508,550,642,670,678,723,725,727,762,784,802,840,910,911,938,948,968,994,998
0262_00271	20,35,39,65,69,94,95,97,134,144,146,153,197,207,215,221,236,254,286,289,304,324,327,335,337,346,354,360,373,390,405,409,442,467,472,480,487,508,511,537,550,563,567,586,602,613,623,626,655,670,702,710,727,729,733,734,740,742,745,770,779,802,804,831,840,850,880,931,936,948,968,989,1000
0262_00273	1,4,15,20,26,35,57,71,84,89,128,134,146,153,168,183,186,188,207,209,220,222,241,245,254,271,284,329,335,347,359,367,381,386,404,408,461,493,505,508,515,520,542,544,549,550,582,597,608,620,650,653,654,662,663,681,686,691,723,727,745,772,802,832,948,968,994
0262_00274	20,48,64,69,101,102,103,134,138,144,153,158,178,207,238,249,263,270,360,363,372,384,404,453,461,465,476,497,504,508,514,516,538,552,570,593,611,629,657,662,685,706,720,746,748,794,809,833,850,881,915,919,948,957,968,983,984,989,998,1012
0262_00275	15,20,26,64,69,88,89,94,99,107,141,153,154,173,199,207,213,242,274,275,280,287,342,343,347,354,363,435,481,499,506,508,516,528,541,594,626,632,692,702,712,719,727,738,746,757,769,778,819,840,842,850,886,915,923,948,954,1018
0262_00276	6,11,20,35,39,40,43,93,94,96,97,102,134,140,151,153,207,231,254,272,280,304,318,324,335,360,388,390,415,432,467,480,487,508,511,512,524,535,550,592,595,612,626,631,654,681,702,710,714,727,729,779,799,802,850,902,912,936,948,967,968,974,981,996,1006,1009
0262_00277	20,60,62,64,94,96,134,135,140,141,144,145,153,207,230,238,239,252,270,300,302,331,347,360,398,421,480,487,493,508,511,516,543,549,550,558,587,588,623,626,670,718,719,727,739,800,835,863,897,901,902,917,948,968,977,989,999,1019
0262_00278	8,11,20,35,43,89,134,139,177,185,212,245,260,316,321,338,340,343,347,382,405,407,425,431,460,461,465,467,469,471,481,508,524,528,615,727,737,740,762,792,805,819,847,864,886,887,910,911,948,968,974,982,998
0262_00279	15,20,52,78,80,89,96,128,134,144,145,146,177,180,202,214,237,249,254,270,297,299,306,344,347,355,373,421,440,443,472,487,491,508,550,621,626,641,654,666,678,699,721,727,762,769,772,784,964,968,983
0262_00280	14,20,29,102,114,134,137,138,144,153,158,170,207,238,262,270,272,286,292,353,360,373,404,451,453,461,465,497,508,516,552,570,581,582,621,629,650,657,670,685,706,707,713,748,769,837,847,850,867,881,930,948,968,980,983,989,998,1012
0262_00281	15,20,26,32,40,72,85,89,116,117,134,144,197,220,221,226,228,245,265,269,271,277,292,323,326,341,353,399,418,432,452,454,481,482,484,508,510,513,525,540,546,550,573,601,626,640,643,665,668,670,681,683,695,696,700,702,727,745,752,773,799,833,847,855,906,920,943,945,946,948,964,968
0262_00282	15,20,47,62,89,94,96,107,126,134,145,153,173,207,230,237,252,270,317,346,347,364,398,421,458,461,487,497,508,516,522,550,556,558,560,588,626,649,669,727,739,772,789,792,802,805,827,847,898,901,927,948,964,967,968,979,989
0262_00283	20,47,60,94,96,129,134,169,192,272,283,309,310,330,334,340,353,362,374,405,456,487,508,524,540,550,567,568,598,615,626,635,640,649,654,675,684,714,727,737,769,780,800,870,895,897,934,947,968,980,1005,1007,1008
0262_00287	20,33,62,64,91,94,129,134,153,169,178,204,265,270,276,281,395,397,400,405,417,434,441,451,456,459,481,485,507,508,517,522,524,534,544,550,552,555,578,626,635,658,706,719,721,727,733,749,754,773,778,786,796,806,826,850,855,874,876,889,897,909,940,947,948,955,958,968,978,985,994
0262_00288	9,15,27,35,64,67,96,108,134,144,153,175,196,200,206,214,215,220,254,260,272,281,305,326,328,364,398,400,405,413,417,425,429,459,487,509,515,524,548,550,626,651,654,666,689,714,730,742,745,773,790,842,846,850,863,878,908,922,950,968,973,985,994,1000,1001,1002,1003
0262_00289	15,57,59,62,73,84,89,96,120,129,134,172,234,278,332,336,337,410,487,489,490,515,516,550,582,590,626,652,672,684,690,694,728,747,762,772,818,893,908,948,968,971,974,998,1008,1011
0262_00293	15,20,35,46,134,135,136,144,153,180,205,208,211,214,216,253,255,259,260,270,273,278,281,307,309,331,346,347,351,373,383,407,420,435,481,487,496,506,508,509,515,516,522,530,550,551,575,585,638,659,678,702,722,727,730,757,771,772,781,789,809,812,827,835,842,857,873,897,898,909,938,968,977,1000,1001,1009
0262_00296	20,38,96,109,115,134,144,145,151,153,209,220,223,225,259,260,270,281,295,296,310,321,326,342,343,347,373,377,392,394,405,421,451,487,508,510,511,524,527,550,561,575,595,623,628,635,642,674,686,725,727,729,753,767,776,777,796,823,836,850,863,871,872,897,915,925,944,948,956,968,977,987,1014
0262_00307	12,20,53,69,134,153,166,220,223,249,259,265,270,279,317,360,363,384,405,420,422,423,475,479,486,516,555,565,575,593,623,636,661,662,710,746,787,800,813,821,835,869,909,912,915,937,948,968
0262_00308	1,15,20,21,42,89,103,134,139,145,201,229,241,260,262,279,290,310,335,371,400,405,445,451,461,481,508,515,524,540,550,587,613,617,642,654,665,669,700,710,712,716,719,727,762,800,847,857,862,864,875,887,910,914,936,948,966,968,973,985,1012
0262_00315	4,6,20,96,105,121,134,153,181,183,206,207,257,292,341,347,376,390,408,472,481,487,508,519,544,549,550,579,626,705,727,738,739,763,778,779,788,800,802,813,831,948,968,987
0262_00316	7,15,17,26,55,68,85,89,134,143,148,151,153,192,195,200,222,234,245,247,252,302,323,344,357,358,360,368,420,442,444,447,457,499,508,513,585,612,613,626,632,634,635,723,738,756,772,801,804,822,835,838,851,855,891,909,941,948,960,963,968,974,983,991,1022
0262_00317	13,15,19,25,26,44,49,60,76,85,87,89,134,144,153,205,207,214,215,222,223,231,274,285,295,311,312,318,351,356,357,473,499,503,515,540,566,583,594,613,626,654,660,690,692,700,755,759,772,774,778,801,802,816,818,840,841,849,860,890,894,904,909,936,948,964,968,976,984,992
0262_00318	5,15,20,25,26,50,51,61,85,89,108,134,153,175,182,193,228,245,255,260,282,290,294,312,344,347,358,368,372,387,408,452,456,468,477,485,491,499,508,513,517,518,544,560,573,574,587,601,605,615,623,626,627,640,644,673,702,710,727,730,733,747,761,772,778,812,819,845,847,880,884,894,934,936,948,952,964,968,973,994,996,1005,1012,1019,1022
0262_00319	5,15,20,25,26,51,61,85,88,89,108,134,153,175,193,228,241,242,245,255,260,261,290,312,326,346,358,408,452,477,485,491,499,508,513,517,574,601,605,615,623,626,627,649,673,727,733,747,761,771,772,778,819,845,855,861,884,890,898,926,934,936,948,964,965,968,996,1005,1012,1019,1022
0262_00320	5,6,11,15,20,26,35,37,61,85,89,127,134,136,153,175,182,183,184,189,200,232,245,247,252,276,283,289,290,298,302,347,358,372,387,404,408,421,445,450,452,461,477,481,499,508,513,516,536,537,544,558,565,574,626,627,630,632,673,690,715,727,746,752,761,762,778,794,798,804,819,829,884,886,909,916,934,936,948,964,968,970,989,996,1008,1013,1019,1023
0262_00321	15,17,20,25,26,50,85,89,105,107,110,134,148,153,164,175,182,220,222,234,245,255,282,290,294,305,315,325,347,358,364,368,372,408,413,452,476,477,499,505,508,513,517,518,527,544,566,571,574,592,599,614,626,640,663,684,718,723,727,729,751,766,772,784,788,801,804,819,822,835,838,843,925,927,934,936,948,952,968,992,994,1005,1009,1020,1022
0262_00322	5,15,20,25,26,35,37,58,64,85,89,100,134,153,175,211,245,247,252,255,257,260,268,285,290,291,310,325,326,337,368,416,446,447,452,458,477,499,508,513,574,601,623,626,627,645,666,667,673,690,727,730,772,778,819,821,866,884,898,915,922,934,936,948,964,968,974,991,1005,1019,1022
0262_00323	3,5,11,15,20,26,28,35,60,80,89,94,109,134,167,184,193,213,214,222,224,245,246,272,285,297,311,365,396,405,419,435,491,499,508,513,531,540,552,556,570,582,626,636,651,656,682,687,691,696,723,725,727,733,743,765,772,812,819,838,876,916,934,936,941,948,964,965,968,969,991,998
0262_00324	15,16,26,85,89,109,134,144,151,222,245,254,264,295,297,332,337,343,348,400,452,457,472,477,492,499,508,540,566,574,577,586,601,604,618,624,626,639,700,703,772,787,801,810,819,841,936,943,948,949,968,969,974,980,1022
0262_00325	15,20,26,62,69,85,89,130,134,148,153,161,171,199,222,245,260,279,283,305,315,316,332,333,347,350,357,358,364,370,375,385,388,411,423,443,497,499,508,509,513,518,530,533,566,568,585,603,640,641,657,710,715,727,761,762,772,778,782,788,801,821,822,826,838,862,881,893,948,950,961,964,968,982,994,1022
0262_00326	6,15,20,26,60,89,94,114,134,150,153,182,204,207,221,222,231,245,261,285,288,290,302,316,328,343,401,426,437,479,480,492,499,508,516,530,533,535,536,540,544,602,609,618,623,626,644,660,678,690,727,735,752,772,802,806,814,818,845,894,901,907,936,944,948,964
0262_00327	1,15,26,29,60,61,68,86,89,111,131,134,148,186,211,222,227,237,245,254,274,278,293,305,380,386,436,467,472,499,508,515,550,553,566,578,586,626,640,676,679,703,707,733,743,752,769,772,841,879,881,892,895,908,947,948,968,974,1022
0262_00328	1,15,26,29,40,89,90,111,134,140,155,222,245,254,271,292,293,322,377,384,392,464,499,508,515,550,574,577,579,582,586,606,616,626,640,643,676,679,683,703,743,761,763,769,772,775,841,845,898,908,935,947,948,968,980,986,1022
0262_00329	15,19,25,26,44,49,60,76,85,87,89,90,134,144,153,207,214,222,223,241,254,255,274,283,285,295,311,318,351,353,357,412,473,499,517,536,540,566,583,594,613,626,653,654,660,683,690,692,700,729,733,755,772,774,801,802,806,810,816,818,840,841,849,850,860,865,894,909,936,948,968,984,991,994,1014
0262_00330	5,15,20,26,27,32,35,56,60,80,89,94,103,116,123,134,155,184,193,213,222,224,230,246,250,260,274,285,297,311,351,401,419,430,432,458,463,473,480,481,482,499,502,508,552,556,567,570,585,586,597,626,651,656,682,696,699,700,712,727,747,752,772,780,812,855,916,918,928,936,948,964,968
0262_00331	15,20,25,26,85,89,98,134,148,153,164,221,226,245,255,256,260,290,294,315,325,358,378,408,413,452,456,466,476,477,499,508,513,517,527,566,574,592,614,626,683,684,727,743,753,766,772,784,789,801,813,819,822,835,843,891,925,927,934,936,940,948,954,964,968,994,1005,1009,1016,1022
0262_00348	15,17,57,73,89,129,134,145,226,228,231,245,332,334,353,369,381,444,461,476,490,491,503,508,515,529,533,534,550,573,594,596,607,626,640,661,668,676,683,702,735,750,759,831,888,936,947,951,968,997
0262_00353	20,50,62,64,153,154,247,283,312,341,361,440,481,497,508,530,556,558,569,599,659,662,727,755,778,781,826,850,864,918,940,948,994
0262_00404	10,15,28,89,90,111,134,180,221,245,246,268,331,334,335,346,429,437,439,452,485,493,508,519,524,552,594,632,638,662,718,748,762,770,776,778,858,896,923,948,951,957,964,967,968,1009
0262_00405	6,15,16,26,48,69,89,133,134,154,157,169,210,213,220,245,293,315,328,347,383,395,396,404,406,410,434,450,452,481,495,506,508,540,608,633,646,662,672,675,702,766,767,825,850,882,948,963,968,969,973,994,995
0262_00406	2,15,26,54,58,89,126,134,135,220,222,245,272,274,294,300,333,367,397,410,448,461,499,508,512,516,517,534,538,584,593,613,629,646,648,656,677,678,705,725,772,782,828,829,909,948,961,964,965,968,987,988,1009,1018,1022
0262_00408	2,15,20,26,58,80,89,115,122,130,134,195,242,245,267,268,272,294,305,393,450,454,458,461,470,493,499,508,514,534,584,626,655,705,747,762,764,795,804,806,807,819,821,829,838,855,896,906,909,913,922,948,958,990,999,1009
0262_00409	2,4,15,26,36,64,73,89,108,134,139,153,167,212,220,245,246,255,267,270,293,326,374,397,440,444,461,483,499,508,515,523,538,573,626,649,689,716,719,741,759,767,795,860,919,922,936,948,968,974,985,1016
0262_00410	1,15,17,38,89,99,103,132,134,170,182,217,237,245,260,289,301,302,309,325,353,368,393,394,446,452,461,508,515,529,534,566,626,630,634,640,656,661,668,676,679,683,723,762,772,861,876,880,890,927,947,948,968,985,987,1009,1017,1022,1024
0262_00411	15,26,54,85,86,89,116,134,140,175,178,224,245,260,267,274,312,319,328,418,420,432,444,450,461,469,499,503,508,524,534,565,569,584,600,605,616,626,630,677,682,688,705,707,747,772,798,826,845,855,893,906,938,948,956,964,968,990,999,1012
0262_00412	15,26,54,89,116,125,126,134,174,175,178,245,256,260,267,274,283,312,315,317,319,328,330,418,420,447,449,461,466,469,489,499,508,524,534,540,569,584,605,616,620,626,630,649,656,677,688,724,747,759,772,783,808,826,850,855,857,893,934,948,956,964,968,990,995,1012
0262_00414	4,15,20,39,89,113,118,134,138,144,153,156,158,207,213,215,223,244,249,270,274,286,297,323,324,333,347,355,373,374,413,441,449,479,508,544,549,581,626,639,641,643,659,669,720,725,727,736,772,802,840,842,927,936,942,948,968,977,983,1022
0262_00415	15,26,54,63,70,89,116,121,134,175,178,237,245,260,267,274,288,312,317,319,328,341,367,382,418,420,449,451,461,466,469,489,499,508,524,534,569,584,605,616,620,626,630,677,688,708,724,747,772,808,819,826,829,855,892,893,902,948,956,964,968,990,1012
0262_00416	1,4,15,18,40,42,89,134,158,190,204,210,230,261,267,277,290,368,390,413,422,425,439,445,461,515,524,540,546,550,603,626,633,634,642,648,654,663,666,686,739,753,756,769,814,836,867,900,908,910,936,945,948,961,966,968,973,986,989,1012,1021
0262_00417	4,15,18,26,52,54,61,89,105,134,138,139,148,152,153,168,207,215,245,274,297,315,319,323,326,355,374,382,400,420,442,449,461,481,483,489,499,508,534,569,584,603,612,626,649,650,656,680,704,720,731,747,772,781,783,850,877,885,893,906,942,948,962,963,968,973,983,986,995,1012
0262_00418	4,15,26,52,54,63,70,89,105,121,134,138,175,215,237,245,260,274,288,297,317,323,328,341,355,367,374,382,420,442,449,451,461,466,483,499,508,534,569,584,612,620,626,650,680,719,720,724,747,772,808,819,829,844,855,885,892,893,902,906,942,948,962,963,968,983,1012
0262_00419	1,4,15,20,24,73,81,89,98,110,134,172,182,245,263,293,316,339,347,364,367,368,370,407,424,437,492,500,508,513,515,516,536,549,551,552,563,576,582,600,613,667,683,705,725,727,744,762,772,778,785,797,804,826,827,830,842,899,948,960,968,971,984,1022
0262_00420	15,20,89,118,134,137,141,144,153,175,178,207,213,215,217,223,230,244,249,259,267,270,274,286,315,341,345,347,367,373,400,416,441,442,449,479,508,513,524,544,549,581,626,630,635,639,641,643,659,663,677,692,720,725,727,755,762,772,779,802,822,826,842,850,930,948,961,963,964,968,977
0262_00421	15,25,26,44,58,60,63,71,77,85,89,134,144,151,154,204,212,214,222,260,274,285,295,311,318,351,357,377,402,460,461,472,473,482,496,499,517,519,539,540,566,583,602,616,622,626,654,656,660,685,690,692,700,711,714,748,755,772,774,801,816,818,829,832,840,841,849,853,894,911,936,948,964,968,1012
0262_00422	5,8,15,20,26,69,81,89,90,94,95,96,128,131,134,141,145,151,178,181,189,193,208,212,220,221,245,261,267,270,298,313,318,347,380,394,421,423,432,451,461,467,474,487,499,508,518,537,545,550,554,578,619,626,634,635,671,703,706,726,727,745,762,775,782,787,819,829,855,857,882,886,897,898,906,907,909,936,945,948,964,968,973,997,1002,1003
0262_00423	15,20,23,26,40,56,60,80,85,89,94,134,140,146,150,174,177,200,209,222,223,224,245,247,249,254,260,262,283,285,298,301,345,347,353,381,382,420,424,428,458,461,463,471,489,490,495,499,508,513,521,531,549,557,567,568,569,601,606,609,612,626,651,664,704,706,718,719,727,741,762,772,783,801,819,851,855,861,866,868,872,880,883,886,893,915,919,925,936,948,964,968,974,982,987,993,997,998,1011,1012
0262_00424	3,4,15,20,34,44,56,89,111,117,123,134,151,164,170,175,177,212,227,244,245,247,254,260,272,278,300,310,322,347,352,380,387,401,421,437,442,462,467,475,505,506,508,510,515,524,549,550,551,566,569,572,610,618,626,629,631,637,652,654,662,664,666,677,705,709,715,722,727,732,744,762,778,797,800,803,804,812,813,833,837,842,852,874,889,897,911,933,937,948,957,964,968,1011,1022
0262_00425	15,73,81,89,116,134,175,183,237,272,298,371,380,385,393,405,419,487,524,543,550,585,620,651,666,683,686,725,752,772,928,929,937,948,968
0262_00426	15,19,20,89,97,134,153,184,214,244,245,247,319,354,387,395,405,461,508,522,524,532,548,576,636,686,701,711,763,780,896,906,908,925,947,948,955,959,968,986,994,1012
0262_00427	15,43,54,55,58,89,109,126,134,187,220,245,272,274,300,375,410,461,508,533,534,538,585,593,630,648,656,725,729,753,761,767,772,779,794,871,892,894,939,948,961,964,968,987,994,1008,1018,1022
0262_00428	1,15,26,80,81,89,134,169,183,220,222,245,260,266,287,332,348,368,415,452,461,497,499,500,501,508,534,566,574,603,637,638,664,700,714,715,772,797,819,832,855,860,862,888,899,906,948,965,968
0262_00429	4,6,15,19,39,45,89,111,123,133,134,143,175,182,237,243,245,288,309,332,357,363,371,380,389,438,447,475,478,507,508,524,532,566,592,596,623,627,635,660,677,707,756,772,905,918,969,981,1022
0262_00430	15,20,89,96,118,128,132,134,145,146,153,167,207,221,228,266,296,326,333,347,349,359,421,445,487,494,500,508,524,540,550,576,601,626,647,686,727,742,762,772,784,860,863,866,871,923,948,964,968
0262_00431	2,15,20,39,55,89,118,134,144,146,151,153,159,175,178,194,207,213,259,267,270,274,332,341,347,373,381,390,393,442,464,478,487,508,524,544,626,630,635,641,677,699,725,727,755,766,772,774,802,820,826,903,936,948,964,968
0262_00432	9,13,15,33,42,60,88,89,100,110,134,155,184,245,256,261,263,264,290,302,310,311,325,328,434,461,508,515,525,537,555,568,582,612,626,628,633,640,641,642,654,662,683,719,721,767,781,887,910,936,961,968,973,1012,1013
0262_00433	2,4,15,20,39,89,118,134,138,144,149,153,158,194,207,211,213,270,274,290,297,301,323,338,347,355,373,374,381,384,390,449,464,505,508,544,567,626,641,669,694,720,725,727,769,772,802,820,936,942,948,950,968,975,983,1022
0262_00434	1,11,15,17,59,61,89,96,132,134,179,182,217,231,237,245,260,289,301,309,325,327,353,368,383,446,452,461,468,498,508,515,522,529,534,535,566,626,634,640,656,661,676,683,723,726,731,772,818,827,880,909,923,927,936,947,948,968,987,1009,1017
0262_00435	2,4,15,20,39,89,101,113,118,134,138,144,153,156,158,186,194,207,210,213,244,270,274,297,323,324,333,347,355,373,374,381,413,449,464,508,544,549,618,626,641,669,698,720,725,727,731,736,772,802,820,840,927,936,942,948,968,983,1022
0262_00436	15,26,35,58,66,75,85,89,99,116,134,154,172,197,219,220,233,245,256,260,287,332,362,376,447,453,483,489,498,499,508,517,526,530,531,571,573,593,598,601,626,634,636,649,669,719,762,767,772,793,806,808,819,820,855,936,948,968,1022
0262_00437	11,15,26,54,58,89,100,116,132,134,165,175,178,245,258,260,267,274,312,317,319,328,329,345,416,418,420,449,461,469,499,503,508,524,534,569,584,593,605,616,626,630,634,649,656,674,677,688,696,747,772,808,826,855,893,934,948,956,964,968,990,1012,1018
0262_00438	2,3,15,20,55,89,92,118,134,144,146,151,153,159,175,178,183,194,207,213,227,259,267,270,274,341,347,373,381,390,395,442,458,464,508,517,524,544,626,630,635,641,677,699,725,727,755,762,772,802,811,820,826,866,886,948,964,968,982,991
0262_00439	1,4,12,15,26,54,62,63,67,94,96,128,134,139,153,180,183,200,228,232,245,289,322,330,332,342,359,405,439,442,444,451,461,476,487,494,495,508,513,515,519,524,536,544,550,555,559,569,576,577,584,603,608,613,616,625,626,641,660,723,731,760,783,806,830,854,855,898,935,948,968,979,994,996,1012
0262_00440	4,15,26,52,54,58,61,65,89,105,134,138,205,215,244,245,246,274,297,315,323,338,355,374,375,420,442,449,461,483,489,499,508,534,569,584,593,612,626,649,650,656,680,683,720,738,742,747,765,772,783,850,855,885,893,906,909,930,933,942,948,962,963,968,983,995,1012
0262_00443	15,20,55,89,96,111,117,123,134,175,247,272,276,282,300,310,311,347,352,356,364,371,380,401,407,413,438,442,475,483,487,503,504,506,508,524,542,543,549,550,554,566,569,575,576,600,606,626,631,641,652,654,658,662,677,683,705,714,717,722,727,741,772,786,797,841,878,921,936,945,948,964,968,1020,1022,1024
0262_00444	1,9,15,26,54,66,87,89,125,126,134,174,175,191,220,245,256,260,265,274,283,315,330,360,422,435,449,461,466,480,487,489,499,508,517,524,534,540,569,573,584,620,625,626,630,635,656,686,690,724,759,766,772,783,808,825,838,850,855,903,905,948,968,978,980,995,1012
0262_00445	4,15,26,52,54,66,80,89,105,125,134,138,139,153,216,232,245,256,260,274,283,297,315,319,323,326,355,388,420,438,447,449,461,466,483,489,508,534,540,569,570,584,612,622,626,634,649,650,656,680,687,707,720,747,772,783,846,850,855,885,893,906,942,948,963,968,983,995,1012
0262_00446	7,12,15,26,48,56,68,80,83,85,89,134,148,177,194,209,222,224,237,243,245,274,278,337,350,380,397,415,420,461,462,495,499,508,513,561,567,568,569,605,610,613,626,642,675,690,757,772,776,785,801,818,819,835,850,855,861,869,879,893,916,924,928,934,936,948,968,971,974,978,993,1012
0262_00447	15,25,26,44,60,85,89,134,144,151,154,188,204,214,222,260,274,285,295,311,318,335,341,351,357,361,377,402,461,473,482,499,517,519,540,566,583,602,616,626,647,651,654,660,662,690,692,700,755,756,760,772,774,776,797,801,816,818,829,832,839,840,841,849,861,894,936,942,948,949,950,962,964,968,984,1012
0262_00448	1,9,15,19,20,26,42,50,56,62,89,90,102,104,106,116,134,144,153,175,182,192,204,222,237,248,251,261,264,270,272,282,287,290,300,325,330,335,347,348,373,374,396,409,431,434,445,457,461,488,491,508,511,515,517,524,549,563,597,616,626,627,632,640,642,647,662,684,690,722,727,744,762,767,778,785,798,800,808,877,908,910,946,948,966,968,973,975,977,983,999,1012,1022
0262_00450	4,6,15,76,89,97,111,123,134,143,149,164,175,182,187,217,237,243,245,288,371,389,438,447,452,473,475,478,485,507,508,524,566,591,592,596,638,660,677,707,717,723,727,756,772,881,918,942,968,981,996
0262_00452	15,20,89,96,118,128,132,134,145,146,153,167,207,221,228,266,286,326,347,359,419,421,445,487,508,512,524,536,550,572,576,601,626,647,686,727,762,772,824,860,863,866,904,919,942,948,964,968,1000
0262_00453	2,15,20,39,89,118,134,144,153,175,178,194,207,213,259,267,270,274,290,301,332,341,347,373,381,390,393,442,464,478,487,505,508,524,544,626,630,635,641,677,694,725,727,755,766,772,774,802,820,826,903,936,948,950,964,968
0262_00454	2,4,15,20,39,55,89,118,134,138,144,146,149,151,153,158,159,194,207,211,213,270,274,297,323,338,347,355,373,374,381,384,390,449,464,508,544,567,626,641,669,699,720,725,727,769,772,802,820,936,942,948,968,975,983,1022
0262_00455	15,26,28,58,65,67,74,88,89,96,134,151,160,175,183,197,205,207,237,238,245,261,272,273,287,330,363,387,394,425,461,473,482,487,492,503,506,508,524,550,555,566,660,662,666,674,686,711,735,739,748,750,762,782,786,793,797,809,811,813,850,872,888,923,946,948,961,964,968,984,992,1022
0262_00456	2,14,15,26,33,71,89,95,111,120,134,162,175,206,218,245,260,273,327,332,333,364,410,445,447,451,461,466,499,508,514,534,539,570,584,626,634,650,654,656,680,726,741,752,789,819,855,906,909,932,936,948,956,964,1012
0262_00457	15,26,54,58,61,65,89,116,134,175,178,205,244,245,246,267,274,312,315,319,328,338,375,418,420,461,469,489,499,508,524,534,569,584,593,605,616,626,630,649,656,677,680,683,688,738,742,747,765,772,783,826,850,855,857,893,909,930,933,934,948,956,964,968,990,995,1012
0262_00458	4,15,20,42,44,52,68,73,89,123,129,134,137,148,153,245,253,268,324,343,353,395,446,461,483,490,508,515,520,534,540,550,586,620,626,640,661,663,673,676,683,696,698,733,745,746,757,762,774,787,801,827,850,864,905,919,943,947,948,962,968
0262_00459	15,18,26,54,61,89,116,134,139,148,152,153,168,175,178,207,245,267,274,312,315,319,326,328,382,400,418,420,461,469,481,489,499,508,524,534,569,584,603,605,616,626,630,649,656,677,688,704,731,747,772,781,783,826,850,857,877,893,934,948,956,964,968,973,986,990,995,1012
0262_00460	4,15,26,52,54,89,105,125,126,134,138,174,215,245,256,260,274,283,297,315,317,323,330,355,374,420,442,447,449,461,466,483,489,499,508,534,540,569,584,612,620,626,649,650,656,680,720,724,747,759,772,783,808,850,855,885,893,906,942,948,962,963,968,983,995,1012
0262_00461	1,4,11,15,40,89,96,134,151,171,175,187,194,229,242,243,325,333,342,347,367,368,374,391,437,439,449,477,481,493,504,515,524,540,549,550,555,557,631,655,677,679,695,705,709,738,744,778,835,870,890,908,933,948,968,969,997,1022
0262_00462	3,15,26,36,41,58,70,83,89,103,107,130,134,151,153,164,212,220,229,245,253,300,317,430,461,463,468,499,504,508,513,522,525,534,540,566,593,611,626,627,634,638,641,681,686,692,697,719,724,743,776,797,811,824,834,835,855,856,858,896,904,909,936,942,948,964,968,999,1009
0262_00463	3,15,20,89,118,134,144,148,151,153,175,178,183,207,213,227,230,249,259,267,270,274,315,322,341,347,367,373,390,395,441,442,449,458,508,517,519,524,540,544,626,630,635,641,643,656,659,663,677,680,692,718,725,727,755,762,772,779,802,811,826,850,866,890,930,948,964,968,977
0262_00464	4,15,20,39,89,118,134,138,144,148,151,153,156,158,207,213,227,230,249,270,274,297,308,315,322,323,347,355,367,373,374,390,429,441,449,508,540,544,573,621,626,641,643,656,659,663,669,680,684,692,720,725,727,762,772,779,802,850,852,890,930,935,942,948,968,972,977,983,1022
0262_00465	4,15,20,39,89,118,134,138,144,153,158,201,207,213,215,217,223,230,244,249,270,274,283,286,297,315,323,327,345,347,355,367,373,374,441,449,454,479,508,544,549,581,626,639,641,643,659,663,669,680,692,699,720,725,727,761,762,772,779,802,805,818,842,850,930,942,948,968,977,983,1022
0262_00466	7,12,15,26,47,48,56,58,80,83,85,89,99,108,134,146,148,177,194,200,209,213,216,222,224,237,245,247,260,274,278,300,337,347,350,380,381,393,415,420,423,461,462,493,495,499,508,513,531,561,562,567,568,569,580,590,605,610,613,626,675,691,715,719,744,757,772,776,801,819,822,850,855,861,869,879,893,916,924,927,928,934,936,948,959,968,971,974,978,1012
0262_00467	5,8,15,20,26,43,69,81,89,94,95,96,128,131,133,134,141,145,151,178,193,208,212,220,221,245,251,261,267,270,298,318,347,376,380,394,421,432,451,461,467,474,481,487,499,508,518,537,550,554,578,626,634,635,640,671,703,706,712,726,727,745,762,775,782,799,819,829,853,855,857,882,886,897,898,906,907,909,936,945,948,950,964,966,968,982,997,1003
0262_00468	15,20,26,52,70,89,95,96,102,105,126,134,140,145,151,153,160,170,178,212,254,261,267,276,298,315,347,353,374,380,394,417,421,430,432,442,445,447,467,484,487,495,498,508,514,517,518,524,527,534,549,550,553,557,560,572,576,577,586,611,626,627,640,653,671,693,700,709,727,743,745,762,788,799,819,843,845,850,851,855,858,863,868,878,886,897,898,911,912,936,938,946,948,953,959,964,968,994,1000,1019
0262_00469	5,8,15,20,26,43,69,81,89,93,94,95,96,103,128,131,133,134,138,141,145,151,167,178,179,193,203,207,208,212,220,221,245,251,257,261,267,270,297,298,308,347,374,380,390,391,394,415,421,451,461,467,471,474,481,487,488,499,508,516,518,537,550,555,578,601,626,634,640,647,653,655,669,706,712,726,727,739,744,745,747,753,762,775,782,802,819,829,834,853,855,862,863,881,882,886,897,898,906,907,909,936,945,948,950,964,966,968,978,982,997,1003,1008,1015
0262_00474	1,15,42,80,89,94,107,115,134,165,168,175,204,261,267,290,294,368,405,421,439,443,445,461,515,516,524,531,537,582,626,631,642,677,693,719,730,753,761,767,814,874,893,900,908,910,912,936,966,968,973,976,1009,1012,1022
0262_00475	1,4,15,77,89,96,108,134,152,175,272,309,347,367,368,374,377,412,432,437,487,498,507,515,524,538,540,549,550,551,564,576,588,591,601,654,666,683,686,705,710,711,714,744,778,782,804,811,933,941,948,968,1022
0262_00476	10,15,20,71,89,96,104,118,128,132,134,145,146,153,167,207,219,296,326,333,347,349,421,461,478,480,487,494,500,508,524,540,550,576,601,626,647,686,727,742,762,784,834,849,863,871,923,948,956,964,968,972,974,983,1004,1006,1009,1021
0262_00477	2,15,20,22,89,101,118,134,144,153,175,178,186,194,207,210,213,244,259,267,270,274,307,333,341,347,373,381,413,442,464,479,508,524,532,544,549,618,626,630,635,641,677,698,725,727,728,731,755,772,802,820,826,835,936,948,964,968,1014
0262_00478	4,15,42,60,64,74,75,89,93,95,119,134,193,226,234,238,245,261,263,283,302,309,318,347,353,389,408,425,435,441,443,461,471,485,487,508,515,516,534,549,550,552,597,626,640,683,700,704,705,747,748,778,781,786,799,813,827,877,914,918,941,948,968,999,1001,1005,1011
0262_00479	15,20,22,89,118,134,144,153,175,178,207,213,215,223,244,249,259,267,270,274,286,307,341,347,373,413,441,442,479,508,524,532,544,549,581,626,630,635,639,641,643,659,677,725,727,728,755,772,802,826,835,842,936,948,964,968,977,1014
0262_00480	3,15,22,26,41,52,89,96,99,110,134,146,159,174,175,222,223,245,254,260,274,302,332,357,359,360,377,382,421,425,430,433,439,450,461,469,473,477,487,491,508,524,530,540,544,550,557,561,581,587,601,612,638,650,662,677,679,701,727,733,739,758,782,810,838,849,861,893,932,964,968,983,984,990,1006
0262_00481	2,15,20,26,36,60,73,77,89,108,134,139,153,167,212,220,227,245,270,296,326,347,397,404,440,450,461,466,483,499,508,515,538,540,573,580,626,635,649,689,727,729,730,762,767,819,825,828,835,860,886,911,922,936,948,968,974,982,991,1007,1016,1020
0262_00482	1,4,11,15,69,77,89,92,134,152,156,172,175,289,297,328,334,347,368,374,412,437,485,515,524,537,540,541,543,549,550,551,565,576,601,621,626,640,666,683,686,705,709,744,778,789,793,816,834,845,928,941,945,948,968,985,993,1022
0262_00483	15,26,54,80,89,116,125,134,139,153,175,178,216,232,245,256,260,267,274,283,312,315,319,326,328,388,418,420,447,461,466,469,489,508,524,534,540,569,584,605,616,622,626,630,634,649,656,677,687,688,707,747,772,783,826,846,850,855,857,893,934,948,956,964,968,990,995,1012
0262_00484	10,15,20,55,63,89,96,111,117,132,134,143,151,175,200,228,236,242,247,260,272,282,300,339,347,380,390,438,442,461,465,471,475,483,487,503,504,506,508,524,542,543,549,550,566,575,600,626,631,634,636,652,654,658,660,662,677,705,714,722,727,741,749,776,786,797,840,849,864,869,871,878,883,948,950,964,968,976,1022
0262_00485	15,17,20,21,26,51,59,89,92,96,101,105,117,131,134,135,136,139,153,175,190,222,237,254,267,272,284,294,300,303,316,347,386,391,402,410,417,430,442,482,487,508,517,524,549,550,556,559,591,596,609,611,612,626,629,631,654,669,676,677,713,714,727,734,785,822,823,855,858,926,948,968,971,994,1006,1022
0262_00486	4,15,26,32,41,52,60,89,99,100,103,110,111,134,151,159,171,174,175,182,191,201,222,223,239,245,260,268,270,274,278,332,347,354,377,403,419,421,433,439,450,461,473,478,508,515,524,530,540,544,549,561,581,587,611,620,638,639,650,672,677,705,727,754,756,758,768,773,778,782,806,838,867,893,919,932,939,948,964,968,1006
0262_00487	15,25,26,32,44,69,76,87,89,92,94,106,134,144,160,220,222,224,228,234,245,258,260,274,277,295,313,318,343,351,361,391,398,403,415,437,458,461,473,477,486,494,499,508,510,514,540,562,566,573,583,610,620,626,634,636,643,654,660,662,672,690,692,694,712,747,755,772,776,798,818,829,832,833,890,894,915,936,943,948,964,968,971,976
0262_00488	5,15,20,21,26,27,30,60,80,83,89,94,115,134,139,153,161,193,222,224,242,250,268,274,279,285,297,311,326,351,384,385,390,398,401,430,432,473,480,482,499,502,508,535,550,570,626,641,656,665,682,689,699,700,727,743,747,755,772,776,777,783,792,812,819,831,878,906,916,936,942,948,964,968
0262_00489	5,15,20,26,27,31,39,40,89,96,108,122,132,134,144,172,197,224,245,252,266,274,310,325,347,349,354,358,360,373,460,473,475,486,499,508,546,549,551,566,570,586,593,620,626,638,640,647,654,656,660,697,700,716,727,730,745,747,752,753,762,764,767,819,841,846,850,855,864,886,892,902,912,913,916,928,936,946,948,957,962,968,973,977,997,999,1003,1004
0262_00490	5,11,15,20,26,31,51,52,61,70,85,89,111,112,117,146,165,200,222,230,241,243,251,255,260,267,283,310,315,316,347,350,354,358,366,367,369,408,439,449,461,469,499,508,509,522,524,536,554,575,591,593,594,600,626,638,643,656,663,667,677,684,687,692,705,706,727,748,762,764,770,772,779,798,801,803,811,819,821,823,832,850,855,873,884,906,928,930,936,938,939,945,948,966,993
0262_00503	20,55,81,85,86,89,96,100,134,146,153,169,186,205,236,248,259,272,274,305,311,326,347,350,351,372,380,383,389,395,400,442,443,461,477,479,487,490,503,508,516,522,550,562,603,609,610,626,627,654,662,684,689,714,719,738,739,743,762,778,786,791,797,812,893,894,896,915,936,968,974,986,1011,1012
0262_00504	9,13,15,26,85,89,90,128,134,139,153,154,172,180,187,200,220,223,241,243,245,260,311,316,320,326,327,335,347,351,353,398,438,442,445,446,461,467,469,479,486,490,493,499,508,513,515,550,554,557,570,573,576,597,602,619,620,626,634,637,640,661,676,683,687,711,719,733,736,743,747,748,782,793,827,855,897,899,936,947,948,968,974,978,980,989,1016,1017
0262_00505	15,21,22,23,30,35,89,92,128,134,146,215,219,220,241,244,245,260,316,320,330,335,347,350,353,395,411,416,419,438,440,442,450,461,486,493,499,500,508,515,523,533,550,562,620,626,640,648,661,676,683,687,697,719,733,745,748,780,793,798,827,872,918,936,947,948,968,974,993,996,1014,1020
0262_00507	9,15,23,30,85,89,93,128,134,153,159,200,216,220,223,226,241,243,245,260,300,311,316,320,326,335,347,351,353,359,361,369,381,438,442,446,461,469,476,486,493,508,513,515,533,550,554,557,562,570,573,602,626,640,661,683,686,687,689,719,736,743,748,772,793,827,836,899,936,968,970,974,978,1017
0262_00511	15,16,17,21,30,85,89,92,134,153,195,200,216,220,226,229,245,269,278,300,311,323,326,330,335,347,353,361,369,381,419,438,442,461,476,493,500,508,515,523,529,533,550,557,562,588,591,626,640,648,661,676,683,703,719,743,748,750,759,798,811,827,872,918,935,936,947,968,970,974,996,1006
0262_00566	4,7,20,30,57,144,175,266,347,365,392,412,486,487,508,510,549,574,599,646,670,675,727,762,775,832,850,948,954,994,995
0262_00569	20,30,57,146,153,347,362,365,412,486,487,508,510,516,549,555,570,574,614,727,762,775,832,850,928,948,954,994,995,998,1022
0262_00575	20,55,62,72,96,111,112,114,134,144,145,152,153,237,243,259,270,273,323,343,347,421,455,458,476,487,497,505,508,518,530,544,550,560,562,588,604,617,620,640,645,653,663,670,674,697,698,725,727,760,762,770,825,837,844,873,915,948,968,994,1015,1019,1023,1024
0262_00576	14,20,65,144,190,243,259,292,347,451,494,508,516,543,550,570,579,598,631,645,649,727,761,787,850,863,913,931,948,970,977,998,1014
0262_00578	20,55,61,128,168,207,243,259,347,431,464,484,504,508,516,570,645,681,727,754,756,762,787,802,837,915,945,948,957,970,998,1015
0262_00586	1,15,20,26,34,35,46,71,81,107,134,144,154,199,211,212,233,240,241,245,260,266,273,278,300,310,316,319,343,347,364,365,391,401,405,410,438,446,461,490,500,502,504,506,508,515,519,524,533,538,549,550,595,606,619,654,664,670,704,705,721,727,730,737,738,747,761,771,779,785,793,805,812,825,827,905,943,948,968,973,1000,1018,1023
0262_00618	20,49,134,154,207,220,230,241,276,295,300,330,343,347,350,490,497,502,508,516,522,542,550,559,580,593,596,600,638,647,654,686,715,727,739,742,760,781,802,850,917,922,948,968,970
0262_00621	20,31,38,68,80,81,96,106,134,181,185,211,223,241,251,300,320,331,337,347,356,367,397,405,408,413,420,437,442,486,487,508,510,515,525,530,548,549,550,571,580,610,618,686,705,727,728,732,733,754,758,807,809,814,835,841,850,862,905,909,911,925,948,960,968
0262_00625	20,28,58,78,96,97,101,129,134,139,145,153,207,270,278,347,381,421,465,487,497,508,516,530,550,578,588,656,659,673,723,727,776,802,848,908,917,948,968,970,994
0262_00629	20,55,58,97,128,129,153,245,259,270,347,399,410,420,450,492,508,516,517,541,549,596,637,727,772,791,800,835,837,838,902,909,948,954,994,1017
0262_00632	4,12,15,20,89,95,131,138,153,160,213,221,223,227,244,259,270,298,411,423,453,461,508,516,549,597,648,657,661,711,768,772,824,834,883,948,989,1004
0262_00633	2,15,16,17,20,23,24,25,26,30,36,42,44,51,54,86,89,110,134,139,140,144,146,153,163,174,176,177,198,200,207,211,220,223,230,236,238,242,245,254,260,263,268,274,275,280,295,308,313,318,325,345,347,352,359,371,382,389,425,426,437,444,452,459,461,467,473,474,480,485,492,494,508,516,526,534,536,549,551,552,557,562,569,572,574,601,606,609,626,630,641,653,655,667,673,704,707,713,727,762,767,771,782,785,786,791,795,798,802,805,809,810,812,819,829,834,845,855,856,858,884,885,889,906,917,921,925,928,936,938,945,948,954,960,962,964,968,973,974,994,997
0262_00636	20,38,96,109,115,134,144,145,151,153,209,220,223,225,259,260,270,281,295,296,310,321,326,342,343,347,373,377,392,394,405,421,451,487,508,510,511,524,527,550,561,575,595,623,628,635,642,674,686,725,727,729,753,767,776,777,796,823,836,850,863,871,872,897,915,925,944,948,956,968,977,987,1014
0262_00639	2,15,20,31,35,38,55,68,76,80,96,122,129,134,143,147,181,211,214,244,250,253,259,270,278,290,291,297,298,330,347,358,365,366,405,408,410,420,442,447,452,461,467,486,487,504,517,544,547,549,550,580,582,603,606,626,641,642,675,705,733,735,738,747,761,866,889,936,948,960,968,980,1000,1012
0262_00643	2,15,16,17,23,24,25,26,30,32,36,44,51,54,86,89,116,134,139,140,146,152,163,174,176,198,200,203,207,211,220,222,223,236,238,242,245,247,254,260,268,274,275,280,295,313,318,339,345,347,353,359,382,406,425,426,437,458,459,461,467,473,480,485,508,516,521,534,540,549,551,552,557,562,566,569,572,601,606,609,626,636,638,641,642,664,673,696,704,707,718,719,727,756,762,767,772,782,785,786,791,798,802,810,812,819,829,834,855,856,861,872,880,884,885,886,889,906,917,921,925,936,948,954,962,964,967,968,974,1000,1011,1017
0262_00644	20,31,55,68,96,101,129,134,144,153,181,182,211,220,223,259,260,266,287,300,334,336,347,367,381,408,426,482,487,500,508,516,517,549,550,600,606,651,696,705,710,718,719,725,727,748,767,769,800,850,945,948,955,968,993
0262_00649	2,15,16,17,20,25,26,30,36,37,49,54,60,81,86,89,96,112,116,119,125,129,134,163,165,176,182,197,207,210,211,220,236,238,242,244,245,259,260,268,274,275,284,307,318,347,367,375,406,407,408,410,419,425,431,441,459,461,473,475,480,485,508,513,533,534,540,546,549,550,552,557,566,569,572,620,626,634,638,646,652,660,673,679,698,707,712,753,762,767,769,770,782,785,786,794,802,810,812,819,829,834,850,855,856,884,885,889,906,917,936,948,954,964,968,973,1000,1011
0262_00656	15,62,80,81,87,110,116,119,132,134,153,195,208,220,245,259,272,385,393,398,399,405,426,439,487,508,524,539,550,568,571,585,618,623,624,625,628,642,662,676,725,794,805,806,825,829,843,850,926,948,968
0262_00661	4,6,9,15,20,40,42,49,58,89,115,134,151,173,189,193,245,328,347,351,422,445,454,456,461,477,508,515,526,532,534,539,540,547,549,550,564,573,631,636,640,654,691,695,705,708,711,720,728,747,749,762,773,778,834,852,868,878,882,893,908,938,948,967,968,978,980,983,985,1012,1017
0262_00668	13,20,31,35,55,68,96,129,134,144,153,180,191,195,211,214,216,223,252,259,266,281,300,309,318,334,336,347,367,381,482,487,508,509,515,516,517,533,540,549,550,577,590,600,606,644,678,686,696,703,715,719,722,725,727,730,762,767,781,850,897,898,925,945,948,955,968,982,1001
0262_00671	15,20,35,46,134,135,136,144,153,180,205,208,211,214,216,253,255,259,260,270,273,278,281,307,309,331,346,347,351,373,383,407,420,435,481,487,496,506,508,509,515,516,522,530,550,551,575,585,638,659,678,702,722,727,730,757,771,772,781,789,809,812,827,835,842,857,873,897,898,909,938,968,977,1000,1001,1009
0262_00672	1,8,20,31,55,68,96,101,129,134,153,211,219,220,259,260,287,297,315,334,335,336,347,359,367,368,479,482,487,508,515,516,517,542,549,550,570,600,621,637,641,670,686,694,696,705,710,719,725,727,767,779,800,802,857,889,945,948,955,968,993,998
0262_00678	15,20,34,43,44,55,80,89,91,134,142,146,153,160,192,207,245,259,265,274,294,312,347,360,418,428,433,453,496,499,503,507,508,540,546,582,594,597,626,640,646,684,707,747,758,766,776,802,816,834,850,874,903,911,915,925,940,948,968,973,974,994,1002
0262_00683	26,75,96,101,111,134,139,145,169,245,246,348,353,381,405,409,417,421,442,479,487,494,499,508,516,524,530,533,540,548,550,638,641,684,746,757,759,816,889,915,948,956,967,968,970,1015
0262_00707	20,71,85,134,144,188,202,207,213,247,252,278,280,294,319,387,390,391,405,421,446,481,488,512,515,524,526,550,582,602,626,646,665,694,710,732,738,747,749,759,766,807,818,850,877,948,968,977
0262_00708	26,35,84,89,96,97,134,153,157,169,234,239,278,291,299,319,358,360,378,387,405,419,420,433,450,461,467,487,488,496,509,518,524,540,550,582,588,594,644,702,710,728,732,733,735,747,759,778,784,786,829,874,908,938,953,968
0262_00728	8,20,21,35,39,40,46,62,64,105,117,119,134,144,153,158,182,208,245,259,278,281,319,347,364,387,391,405,426,430,446,515,524,550,586,603,622,649,651,657,683,723,730,738,741,747,776,791,822,882,891,948,968,994,1001,1003,1009
0262_00729	3,15,26,32,54,134,140,153,191,192,207,215,218,222,278,288,319,352,387,391,405,420,488,496,499,502,524,550,571,594,617,626,708,712,732,738,747,759,776,786,825,833,850,855,948,968,970,971,1002,1010,1018,1019,1022
0262_00734	3,15,18,23,42,46,47,72,89,100,110,116,129,134,139,144,146,153,154,159,165,167,171,174,195,200,202,203,211,215,216,237,239,244,245,254,257,260,279,283,299,300,318,320,325,329,335,345,347,361,382,383,403,409,414,420,423,461,467,486,493,495,504,508,534,540,549,566,568,573,575,577,621,634,651,659,663,670,691,696,707,730,734,755,760,767,772,773,787,797,827,864,871,875,887,890,901,904,911,948,964,968,974,979,990,994,995,1008,1013
0262_00735	3,15,18,23,42,46,47,71,72,87,89,100,103,110,116,134,139,144,146,153,154,159,165,174,195,200,202,203,211,215,216,220,237,239,244,245,254,260,279,283,299,300,320,325,329,335,345,347,356,361,367,382,383,403,414,420,424,431,461,467,486,493,508,533,534,540,549,566,568,573,575,577,621,634,651,659,670,691,696,707,719,730,734,742,755,760,767,772,773,783,787,797,809,824,827,833,834,864,875,887,901,904,911,948,964,968,974,990,994,995
0262_00739	3,15,23,36,42,47,58,72,89,100,110,112,116,125,134,144,146,153,154,159,165,174,195,199,200,202,203,211,215,236,237,239,244,245,254,260,270,279,283,299,300,311,325,329,345,347,350,361,379,382,383,387,403,406,414,420,430,438,461,467,468,469,475,480,482,493,505,508,534,540,549,564,566,568,573,577,578,602,606,621,628,659,670,691,696,707,716,730,734,751,755,760,767,772,787,795,797,825,827,875,887,901,911,916,931,945,948,963,964,968,974,990,994,995,1022
0262_00784	4,7,20,30,57,144,175,266,347,365,392,412,486,487,508,510,549,574,599,646,670,675,727,762,775,832,850,948,954,994,995
0262_00794	20,30,57,146,153,347,362,365,412,486,487,508,510,516,549,555,570,574,614,727,762,775,832,850,928,948,954,994,995,998,1022
0262_00810	46,73,105,134,144,158,192,220,259,278,330,358,367,391,405,438,446,448,456,515,550,578,602,670,685,732,738,747,819,832,850,888,948,968
0262_00818	20,23,55,68,81,109,116,129,134,153,161,259,270,272,273,278,298,347,385,391,393,405,446,487,496,515,517,522,537,540,549,550,578,582,585,588,627,639,650,655,710,713,725,738,745,747,771,818,879,948,968,977,990
0262_00820	20,130,144,190,193,243,259,306,347,442,508,516,543,550,570,598,631,645,727,787,833,834,850,855,915,948,970,977,995,998,1014,1015
0262_00821	20,31,38,68,80,81,96,106,134,181,185,211,223,241,251,300,320,331,337,347,356,367,397,405,408,413,420,437,442,486,487,508,510,515,525,530,548,549,550,571,580,610,618,686,705,727,728,732,733,754,758,807,809,814,835,841,850,862,905,909,911,925,948,960,968
0262_00832	20,55,96,134,145,153,209,236,256,259,269,277,290,298,347,411,420,421,429,487,497,505,550,552,564,596,605,653,720,762,763,820,834,835,860,897,898,909,912,948,954,968,994,1019
0262_00836	4,11,15,20,101,112,134,151,155,163,175,215,227,229,243,251,278,283,298,310,332,347,351,359,364,368,381,391,445,461,486,508,515,524,534,549,550,585,602,627,635,705,709,713,718,726,727,738,747,778,787,800,837,838,850,870,897,948,968,971
0262_00859	15,20,26,69,85,89,100,130,134,148,199,222,240,245,260,267,279,289,291,305,315,316,332,333,347,349,357,358,375,380,388,499,508,509,513,518,533,554,566,585,603,657,713,723,727,739,761,762,772,782,793,801,862,872,881,886,893,909,948,950,961,964,968,997,1009,1010,1022
0262_00864	14,20,39,52,58,134,153,207,220,236,263,292,338,342,347,400,413,416,435,457,478,508,549,560,605,649,670,675,708,727,739,747,773,785,792,802,883,948,949,951,968,983,1022
0262_00868	20,32,34,81,194,223,256,266,300,347,367,487,508,509,549,564,631,692,709,727,732,762,820,850,898,948,951,954,980
0262_00873	1,15,20,26,34,35,46,71,81,107,134,144,154,199,211,212,233,240,241,245,260,266,273,278,300,310,316,319,343,347,364,365,391,401,405,410,438,446,461,490,500,502,504,506,508,515,519,524,533,538,549,550,595,606,619,654,664,670,704,705,721,727,730,737,738,747,761,771,779,785,793,805,812,825,827,905,943,948,968,973,1000,1018,1023
0262_00882	13,20,31,35,55,68,96,129,134,144,153,180,191,195,211,214,216,223,252,259,266,281,300,309,318,334,336,347,367,381,482,487,508,509,515,516,517,533,540,549,550,577,590,600,606,644,678,686,696,703,715,719,722,725,727,730,762,767,781,850,897,898,925,945,948,955,968,982,1001
0262_00886	20,82,85,134,144,188,202,207,209,213,252,257,278,294,319,387,390,391,405,421,446,467,488,504,512,515,524,526,550,582,623,626,646,665,710,719,732,738,747,749,759,818,850,877,948,968,977
0262_00892	15,20,73,84,89,97,129,134,149,164,170,210,211,215,219,225,237,241,245,258,260,278,314,317,343,351,391,401,432,460,473,492,508,516,524,550,603,656,727,733,738,747,750,754,772,773,787,788,809,870,889,900,912,948,964,968,971
0262_00906	4,6,9,15,20,40,42,49,58,89,115,134,151,173,189,193,245,328,347,351,422,445,454,456,461,477,508,515,526,532,534,539,540,547,549,550,564,573,631,636,640,654,691,695,705,708,711,720,728,747,749,762,773,778,834,852,868,878,882,893,908,938,948,967,968,978,980,983,985,1012,1017
0262_00909	15,51,53,91,118,133,134,138,153,172,200,227,234,259,272,278,323,336,361,364,381,394,395,405,409,425,439,453,461,468,491,497,508,524,549,578,640,651,657,658,686,725,747,773,779,841,849,889,896,945,948,968,989,1023
0262_00942	1,8,20,31,55,68,96,101,129,134,153,211,219,220,259,260,287,297,315,334,335,336,347,359,367,368,479,482,487,508,515,516,517,542,549,550,570,600,621,637,641,670,686,694,696,705,710,719,725,727,767,779,800,802,857,889,945,948,955,968,993,998
0262_00951	5,15,25,26,31,49,60,72,85,87,89,131,134,141,148,222,245,255,276,285,291,311,315,351,357,370,399,452,477,499,508,513,566,595,603,608,626,755,768,772,774,801,836,849,875,892,936,944,945,948,968,969,1019,1022
0262_00962	15,20,25,26,36,61,72,85,89,102,129,134,139,141,148,153,205,211,222,233,245,255,305,315,326,350,351,357,358,399,408,413,469,499,508,513,517,523,527,566,603,610,626,640,681,704,727,730,755,766,768,772,774,790,801,819,822,836,852,855,862,898,926,936,948,968,1009,1019,1022
0262_00969	20,69,101,102,103,114,134,138,144,153,158,207,249,263,270,353,360,363,372,373,384,404,453,461,465,476,497,508,514,516,552,570,581,593,629,657,662,670,685,706,713,746,748,809,837,847,850,881,915,948,968,983,984,989,998,1012
0262_00978	7,20,96,134,138,153,159,182,220,292,315,367,381,474,487,508,516,534,550,551,636,642,652,670,695,727,731,748,829,850,852,946,948,951,964,968,994,1010
0262_00981	20,84,89,96,134,234,254,268,319,332,341,421,481,487,508,524,525,550,572,612,626,666,694,727,815,833,840,906,908,936,951,968,972,1006
0262_00985	20,31,35,37,68,80,81,96,114,122,134,144,153,201,211,223,241,251,281,300,320,334,337,347,358,367,385,405,417,431,443,453,480,482,487,502,508,549,550,569,589,611,613,686,696,710,719,725,727,730,754,758,781,800,814,850,892,898,937,945,948,968
0262_00998	15,26,89,109,130,134,144,147,153,209,222,237,260,288,332,347,355,361,421,472,473,487,505,515,540,542,549,550,554,556,588,626,670,687,709,733,747,761,772,778,781,802,808,847,855,856,889,905,948,967,968,1010
0262_01000	1,4,11,15,26,41,42,50,54,89,109,134,159,173,175,182,201,222,253,276,285,286,318,331,347,353,374,378,419,437,444,446,461,473,478,496,512,524,534,537,540,549,550,557,561,626,631,666,686,705,709,713,717,739,764,778,838,891,893,905,936,948,968,989,994,1014,1016
0262_01003	20,33,62,64,91,94,129,134,153,169,178,204,265,270,276,281,395,397,400,405,417,434,441,451,456,459,481,485,507,508,517,522,524,534,544,550,552,555,578,626,635,658,706,719,721,727,733,749,754,773,778,786,796,806,826,850,855,874,876,889,897,909,940,947,948,955,958,968,978,985,994
0262_01013	2,20,58,113,139,153,154,157,207,256,304,347,411,447,486,487,489,494,497,502,508,516,530,549,568,574,596,652,727,737,762,765,775,802,820,850,851,877,948,954,994,995
0262_01033	20,35,46,128,134,197,207,213,225,227,230,241,258,295,300,302,347,360,376,405,425,467,497,502,508,515,516,536,550,580,596,600,615,623,638,654,669,673,710,715,727,739,742,760,773,781,802,846,894,906,917,919,948,952,953,961,968,970,1011,1020,1022
0262_01035	8,14,15,20,33,35,55,62,89,96,101,115,134,144,145,153,157,160,174,181,228,259,263,270,281,290,312,317,347,366,416,421,423,467,481,487,508,516,522,540,541,550,555,586,588,598,626,633,681,702,711,727,730,772,791,807,887,890,901,920,925,940,953,968,975,982,990
0262_01036	2,15,20,31,35,38,55,68,76,80,96,122,129,134,143,147,181,211,214,244,250,253,259,270,278,290,291,297,298,330,347,358,365,366,405,408,410,420,442,447,452,461,467,486,487,504,517,544,547,549,550,580,582,603,606,626,641,642,675,705,733,735,738,747,761,866,889,936,948,960,968,980,1000,1012
0262_01038	3,15,26,32,54,134,140,153,191,192,207,215,218,222,278,288,319,352,387,391,405,420,488,496,499,502,524,550,571,594,617,626,708,712,732,738,747,759,776,786,825,833,850,855,948,968,970,971,1002,1010,1018,1019,1022
0262_01047	1,4,11,15,22,26,42,85,87,89,134,175,182,201,222,232,276,285,286,293,318,327,347,353,356,366,387,413,435,441,444,446,461,478,496,497,512,524,534,540,549,550,561,603,606,621,626,637,666,670,686,705,706,709,713,772,778,838,905,936,948,968,989,994,1014,1016
0262_01066	15,20,34,44,55,66,81,89,134,142,153,166,192,221,227,245,259,265,294,298,312,347,353,381,418,428,433,453,461,471,475,496,499,503,507,508,540,585,597,626,640,646,662,684,722,747,766,772,831,850,874,876,911,925,929,948,973,974,985,994
0262_01067	15,20,34,44,55,66,81,89,134,142,153,166,192,221,227,245,259,265,294,298,312,347,353,381,418,428,433,453,461,471,475,496,499,503,507,508,540,585,597,626,640,646,662,684,722,747,766,772,831,850,874,876,911,925,929,948,973,974,985,994
0262_01077	14,15,17,20,22,26,27,45,61,63,67,86,87,89,94,96,107,113,116,119,122,138,153,161,165,205,207,219,222,234,254,260,287,300,305,306,312,318,319,336,346,368,374,388,390,423,443,449,452,455,456,460,461,466,469,490,499,508,509,534,538,559,565,573,574,583,584,589,603,606,610,625,626,648,672,677,684,689,703,727,730,772,786,790,792,802,804,829,839,840,848,855,864,892,909,936,948,958,959,964,965,966,968,974,994,995,1000,1009,1023
0262_01079	20,28,58,78,96,97,101,129,134,139,145,153,207,270,278,347,381,421,465,487,497,508,516,530,550,578,588,656,659,673,723,727,776,802,848,908,917,948,968,970,994
0262_01084	9,13,15,17,18,20,25,26,38,39,46,49,50,66,67,73,75,85,89,94,102,120,125,129,131,133,134,146,152,153,155,160,161,162,166,173,174,187,192,193,200,206,207,212,215,220,225,226,242,245,256,260,264,267,278,285,304,311,324,325,326,327,330,337,341,347,348,351,353,360,362,376,382,387,398,414,422,430,431,432,440,441,442,444,445,461,466,467,480,481,488,492,493,496,499,501,503,508,514,515,516,527,529,550,564,574,582,597,602,608,610,625,626,637,640,643,654,661,662,673,676,677,682,683,687,691,695,703,704,708,719,727,743,744,747,748,752,754,760,766,775,788,792,795,801,802,809,811,819,826,830,833,836,840,859,866,869,885,908,917,919,924,928,936,939,947,948,962,968,970,973,974,980,994,998,1001,1012
0262_01086	20,55,61,128,168,207,243,259,347,431,464,484,504,508,516,570,645,681,727,754,756,762,787,802,837,915,945,948,957,970,998,1015
0262_01088	3,15,24,25,26,32,34,39,78,83,87,89,105,128,134,136,144,153,157,167,173,174,184,185,192,200,220,244,245,254,260,278,302,309,315,320,325,335,336,347,355,382,385,388,391,396,442,443,448,449,452,461,463,467,468,471,493,499,501,508,518,534,540,549,553,555,557,566,576,590,591,626,649,670,677,689,696,700,703,704,709,711,718,719,761,762,767,768,780,797,806,819,825,850,855,858,866,869,870,873,875,878,881,890,891,910,911,930,933,936,948,952,953,955,960,962,964,966,968,974,986,994,1007,1021
0262_01090	19,20,26,32,34,42,43,51,54,63,82,89,112,119,125,131,134,135,143,151,156,162,173,176,197,220,233,236,245,254,260,275,276,277,298,314,318,328,330,345,347,368,370,382,391,405,452,456,461,467,485,499,502,506,508,513,524,535,542,545,547,549,552,570,571,575,578,580,582,590,596,598,603,607,612,615,620,624,625,626,629,633,640,649,657,662,675,677,683,684,695,700,706,710,719,726,727,736,738,742,762,768,780,791,810,814,822,826,828,840,844,846,877,884,886,899,909,934,935,936,948,959,963,965,968,971,975,982,998,1024
0262_01091	3,15,18,23,42,46,47,72,89,100,110,116,129,134,139,144,146,153,154,159,165,167,171,174,195,200,202,203,211,215,216,237,239,244,245,254,257,260,279,283,299,300,318,320,325,329,335,345,347,361,382,383,403,409,414,420,423,461,467,486,493,495,504,508,534,540,549,566,568,573,575,577,621,634,651,659,663,670,691,696,707,730,734,755,760,767,772,773,787,797,827,864,871,875,887,890,901,904,911,948,964,968,974,979,990,994,995,1008,1013
0262_01092	2,15,16,17,20,23,24,25,26,30,36,42,44,51,54,86,89,110,134,139,140,144,146,153,163,174,176,198,200,207,211,220,223,230,236,238,242,243,245,254,260,268,274,275,280,295,308,313,318,325,345,347,352,359,371,382,425,426,437,444,452,459,461,467,473,480,485,492,494,508,516,526,534,536,549,551,552,557,562,569,572,574,601,606,609,626,641,653,655,667,673,704,707,713,762,767,771,782,785,786,791,795,798,802,805,810,812,819,829,834,845,855,856,858,884,885,889,906,914,917,921,925,928,936,945,948,952,954,962,964,968,973,974,994,997,998,1008
0262_01093	2,15,16,17,23,24,25,26,30,36,42,44,51,54,86,89,110,134,139,140,144,146,153,163,174,176,198,200,207,211,220,223,230,236,238,242,245,247,254,260,268,274,275,280,295,308,313,318,345,347,352,353,359,371,382,425,426,437,444,459,461,467,473,480,485,508,516,521,526,534,536,549,551,552,557,562,569,572,574,601,606,609,626,641,653,655,664,667,673,704,707,713,718,719,762,767,771,782,785,786,791,795,798,802,805,810,812,819,829,834,845,855,856,858,872,880,884,885,889,906,917,921,925,928,936,945,948,954,962,964,968,973,974,994
0262_01094	2,3,11,12,14,15,20,22,26,37,61,70,80,89,94,107,108,116,118,123,133,137,138,139,153,171,195,207,218,221,222,227,254,260,270,284,292,302,303,326,337,347,350,369,377,382,386,415,441,443,444,447,452,461,466,467,471,486,499,508,517,532,549,577,585,610,626,634,635,643,664,675,689,691,700,727,743,747,755,768,772,790,791,799,802,803,819,827,829,855,859,860,867,902,906,907,909,916,924,928,940,948,961,964,966,974,981,1000,1008,1009,1020
0262_01095	2,15,16,17,23,24,25,26,30,32,36,44,51,54,80,86,89,116,134,139,140,146,153,163,174,176,198,200,207,211,220,222,223,236,238,242,245,247,254,260,268,274,275,280,284,295,313,318,339,344,345,347,353,359,371,382,406,425,426,437,459,461,467,473,480,485,508,516,521,526,534,540,549,551,552,557,562,566,569,572,601,606,609,626,636,638,641,642,648,664,673,696,704,707,718,719,723,762,767,772,782,785,786,791,798,802,810,812,819,829,834,845,855,856,861,872,880,884,885,886,889,906,917,921,925,936,948,954,962,964,967,968,974,994,1000,1011,1017
0262_01135	20,46,49,101,121,134,153,158,193,207,215,264,278,312,326,337,364,374,378,390,474,495,502,508,512,516,536,576,588,626,666,702,709,727,739,749,802,825,901,917,920,948,953,954
0262_01139	15,20,21,28,40,52,82,94,134,140,153,162,220,223,236,243,245,280,321,328,330,347,378,419,437,461,480,494,508,530,538,549,563,569,626,640,656,670,683,727,744,746,752,757,762,774,778,845,850,857,884,895,906,912,924,948,1001,1012,1016,1022
0262_01141	1,15,20,41,62,89,111,115,153,160,168,206,207,218,221,284,299,303,324,345,347,379,390,416,455,461,477,485,498,500,508,516,524,554,562,569,603,606,626,645,662,666,686,687,699,710,719,727,739,776,797,802,810,843,850,866,887,915,936,948,959,964,974,994,1008,1015
0262_01171	15,48,57,132,134,138,156,201,245,250,259,309,354,361,385,417,425,439,453,459,461,506,508,524,539,552,605,624,626,642,657,662,663,676,680,681,688,727,748,757,776,806,850,926,968,989
0262_01189	13,20,25,92,94,107,134,146,153,164,165,182,207,220,236,243,261,267,338,348,367,413,487,508,523,546,550,555,563,609,626,670,688,710,713,719,727,776,781,802,818,844,854,856,898,940,945,948,968,976,983,994
0262_01204	15,24,26,50,89,92,103,109,118,134,144,153,155,165,173,174,180,200,211,223,225,237,244,245,249,260,290,303,327,347,367,380,391,393,398,404,406,422,425,433,444,461,467,468,473,474,488,493,499,508,534,545,548,549,554,557,579,590,597,612,625,626,670,696,704,707,719,723,726,734,780,819,837,839,851,854,855,869,906,919,930,936,948,958,962,963,964,974,983,984,985,987,994,1021
0262_01225	13,20,31,35,55,68,96,129,134,144,153,180,191,195,211,214,216,223,252,259,266,281,300,309,318,334,336,347,367,381,482,487,508,509,515,516,517,533,540,549,550,577,590,600,606,644,678,686,696,703,715,719,722,725,727,730,762,767,781,850,897,898,925,945,948,955,968,982,1001
0262_01245	15,64,79,90,118,134,138,153,172,175,226,233,249,259,270,275,278,281,302,393,405,408,425,444,453,508,524,541,545,550,553,580,603,651,657,661,662,738,747,783,815,854,875,889,891,916,938,945,968,976,989
0262_01259	15,89,106,108,111,131,134,144,153,194,207,214,226,232,255,260,270,279,281,381,398,413,415,444,456,461,493,504,518,524,550,558,726,764,773,780,802,831,863,880,934,948,968,974,977,985,989,994,1000
0262_01281	7,11,20,62,134,140,141,153,165,207,213,231,254,260,261,292,293,300,304,347,505,508,525,544,549,550,551,567,589,652,666,712,717,727,737,741,778,812,825,826,850,855,866,948,968,977,980,994,1008,1013,1017
0262_01290	15,26,69,85,89,130,134,148,180,199,222,240,245,260,267,279,305,312,315,316,332,333,341,357,358,362,375,388,430,499,508,509,513,532,533,566,574,585,596,603,626,636,657,761,772,782,801,855,862,866,881,893,909,913,948,950,961,964,968,1009,1022
0262_01291	1,15,20,25,26,49,60,72,85,87,89,116,134,141,148,222,236,245,255,280,285,291,297,311,315,351,357,393,399,452,467,471,477,499,508,513,560,566,595,603,614,702,727,755,762,768,772,801,836,849,875,902,944,948,968,969,1019,1022
0262_01292	15,20,26,45,49,69,85,89,105,127,134,150,153,177,199,222,236,240,259,267,274,279,289,315,326,332,333,347,375,380,473,478,492,493,508,509,513,518,533,559,566,585,588,589,603,622,626,657,676,704,727,730,762,770,772,782,801,811,834,847,856,883,886,893,909,948,961,964,968,979,986,994,1009,1022
0262_01309	15,24,26,50,52,89,92,103,105,109,118,130,134,144,153,155,165,168,173,174,180,200,211,223,225,237,244,245,249,259,260,272,280,288,298,303,313,327,331,332,347,366,367,380,382,391,393,398,404,406,422,425,430,433,444,461,466,467,468,473,488,493,499,508,533,534,545,548,549,554,557,569,572,579,584,590,597,612,626,639,670,679,696,704,719,723,726,734,776,780,795,819,837,851,852,854,855,867,869,898,906,919,925,936,948,962,963,964,974,983,984,985,987,994,1021
0262_01310	20,69,101,102,103,114,134,138,144,153,158,207,249,263,270,353,360,363,372,373,384,404,453,461,465,476,497,508,514,516,552,570,581,593,629,657,662,670,685,706,713,746,748,809,837,847,850,881,915,948,968,983,984,989,998,1012
0262_01314	15,20,21,25,26,36,61,72,85,89,117,129,134,139,141,148,153,208,216,222,245,255,302,305,313,315,326,351,357,358,399,401,408,449,458,472,499,508,513,566,603,626,627,648,649,681,713,727,733,749,751,755,768,772,782,801,836,852,855,862,898,926,948,968,973,1019,1022
0262_01315	5,10,15,20,25,26,35,37,58,85,89,100,134,153,175,227,245,247,252,255,260,283,290,310,326,337,358,368,408,452,466,477,499,508,513,551,574,583,591,601,623,626,627,632,642,649,666,673,690,727,771,772,778,788,819,855,884,898,926,934,936,948,954,960,964,965,968,991,996,1005,1019,1022
0262_01320	15,20,25,26,36,61,85,89,129,134,139,148,153,164,222,245,255,290,294,305,315,325,326,350,358,408,413,452,476,477,499,508,513,517,523,527,566,574,592,614,626,640,681,684,727,730,766,772,784,790,801,819,822,835,843,852,855,862,898,925,926,927,934,936,948,968,1005,1009,1022
0262_01322	15,64,88,134,153,172,175,177,246,252,259,270,275,278,281,298,302,340,393,405,408,420,425,474,496,524,533,550,553,562,580,603,714,747,750,773,777,798,815,835,854,889,891,909,926,938,968,1006
0262_01337	15,20,22,26,40,41,47,48,51,56,86,89,92,103,105,111,134,151,153,175,178,195,208,212,215,219,242,260,265,278,319,347,387,391,405,425,434,439,446,460,461,465,473,479,503,508,515,524,527,531,534,535,549,550,555,566,582,586,594,598,615,657,681,692,710,711,727,738,741,742,747,762,792,800,812,818,829,834,842,931,933,938,944,948,968,1019
0262_01356	15,26,89,109,130,134,144,147,153,209,222,237,260,288,332,347,355,361,421,472,473,487,505,515,540,542,549,550,554,556,588,626,670,687,709,733,747,761,772,778,781,802,808,847,855,856,889,905,948,967,968,1010
0262_01357	15,20,21,28,40,52,82,94,134,140,153,162,220,223,236,243,245,280,321,328,330,347,378,419,437,461,480,494,508,530,538,549,563,569,626,640,656,670,683,727,744,746,752,757,762,774,778,845,850,857,884,895,906,912,924,948,1001,1012,1016,1022
0262_01359	20,56,66,69,94,97,99,107,114,134,144,153,179,202,203,207,208,231,233,261,297,306,365,367,374,377,393,395,396,405,420,449,480,481,496,508,514,516,522,529,530,537,550,580,588,613,626,635,636,652,654,655,668,670,672,676,678,693,713,714,727,737,739,752,789,810,882,887,893,896,897,905,924,948,968,981,999,1005
0262_01360	3,20,26,33,56,91,94,97,99,107,109,114,134,144,148,153,157,158,178,202,203,207,208,231,233,245,261,284,297,338,367,374,377,405,467,480,481,496,506,508,516,529,530,540,542,550,582,588,613,615,626,629,635,652,655,662,670,672,678,688,713,727,734,737,738,739,752,788,789,799,801,810,882,887,893,896,897,905,931,948,961,968,1005
0262_01362	15,73,81,89,116,134,183,245,272,298,332,380,381,385,393,405,419,464,487,508,524,543,550,585,618,651,667,683,686,688,706,725,772,898,905,948,968,1022
0262_01364	1,15,20,41,62,89,111,115,153,160,168,206,207,218,221,284,299,303,324,345,347,379,390,416,455,461,477,485,498,500,508,516,524,554,562,569,603,606,626,645,662,666,686,687,699,710,719,727,739,776,797,802,810,843,850,866,887,915,936,948,959,964,974,994,1008,1015
0262_01367	7,20,96,134,138,153,159,182,220,292,315,367,381,474,487,508,516,534,550,551,636,642,652,670,695,727,731,748,829,850,852,946,948,951,964,968,994,1010
0262_01382	5,15,25,26,31,49,60,72,85,87,89,131,134,141,148,222,245,255,276,285,291,311,315,351,357,370,399,452,477,499,508,513,566,595,603,608,626,755,768,772,774,801,836,849,875,892,936,944,945,948,968,969,1019,1022
0262_01385	3,10,14,15,26,39,85,89,92,104,134,144,148,177,182,183,192,211,214,222,224,239,245,246,283,299,301,308,318,321,324,357,363,399,407,412,452,461,499,508,513,532,534,558,628,772,779,787,801,844,853,875,889,898,948,963,968,969,1014,1015,1022
0262_01386	15,25,26,72,85,89,109,134,141,148,222,245,254,255,291,297,311,315,343,348,351,357,399,400,452,472,477,499,508,513,566,586,595,601,603,703,728,755,768,772,787,801,836,841,875,944,948,963,968,969,1019,1022
0262_01391	4,15,20,26,49,52,60,71,78,85,87,89,99,116,134,144,151,191,200,222,245,264,280,283,285,295,297,347,354,355,393,400,402,437,452,471,483,498,499,508,516,541,549,560,566,574,589,659,662,714,719,727,766,772,778,801,807,810,828,831,837,860,901,905,948,968,969,977,1022
0262_01416	15,57,59,62,73,84,89,96,120,129,134,172,234,278,332,336,337,410,487,489,490,515,516,550,582,590,626,652,672,684,690,694,728,747,762,772,818,893,908,948,968,971,974,998,1008,1011
0262_01445	2,20,24,36,38,64,87,134,138,153,158,190,207,215,233,256,260,270,286,302,307,319,328,347,384,387,389,404,406,419,438,508,515,533,578,579,626,640,685,727,744,820,929,966,968,989,1003,1008
0262_01455	15,20,24,26,45,59,84,89,94,108,116,117,128,134,141,192,207,245,270,311,350,351,364,371,396,409,481,492,499,508,516,524,544,547,550,593,603,614,618,620,624,626,636,640,647,676,677,727,733,766,773,792,833,851,864,904,917,947,948,968,1007
0262_01456	5,15,20,25,26,35,37,58,72,85,89,100,108,134,153,174,175,236,238,241,245,247,252,255,260,261,283,290,310,337,346,358,368,408,452,455,477,478,485,499,508,513,551,560,574,583,601,623,626,627,666,673,690,727,747,771,772,778,819,845,855,884,890,934,936,948,964,965,968,991,996,1005,1019,1022
0262_01457	10,11,15,17,20,26,35,60,67,85,89,98,134,153,226,227,245,260,290,302,326,342,343,358,404,408,413,450,452,456,461,466,469,476,477,484,499,505,508,513,516,517,527,566,574,580,591,592,614,626,642,649,727,771,788,794,819,843,855,878,898,916,925,926,934,936,948,954,964,965,968,1009,1013
0262_01458	15,37,63,64,84,96,114,123,134,144,153,155,183,223,242,254,312,348,429,433,434,455,456,463,482,487,489,550,557,560,577,616,626,644,657,670,674,719,725,739,768,781,850,880,909,925,928,929,935,945,948,968,977
0262_01462	13,20,26,42,60,62,96,134,145,153,160,182,207,220,261,267,270,300,338,347,367,413,420,421,480,484,487,506,508,522,549,550,588,670,702,727,752,781,802,827,832,856,863,879,896,898,901,948,968
0262_01463	5,15,20,25,26,35,37,58,85,89,100,134,153,172,175,245,247,252,255,257,283,290,304,310,326,337,358,368,403,408,447,452,477,499,508,513,551,559,574,583,601,623,625,626,627,649,666,673,690,727,731,740,771,772,778,819,855,884,898,926,934,936,948,964,965,968,991,996,1005,1019,1022
0262_01464	20,51,96,105,134,144,145,153,198,208,228,241,260,294,296,298,347,380,387,411,418,421,430,432,483,487,523,533,535,550,577,582,635,655,670,697,699,781,800,812,832,844,847,897,898,948,968,972,993,994
0262_01468	15,26,42,58,85,89,90,109,134,153,182,222,231,245,254,290,297,332,348,386,400,452,472,477,495,499,508,513,540,566,574,586,592,593,601,613,614,660,662,691,703,706,725,772,787,795,801,823,841,843,864,896,934,946,948,968,987,1022
0262_01470	15,20,26,36,45,72,82,85,89,118,129,134,148,161,174,200,222,245,247,250,260,271,272,305,311,316,357,358,372,399,409,422,499,508,513,566,568,583,592,606,626,695,727,755,762,772,801,814,848,855,862,879,900,916,928,943,948,964,968,1019,1022
0262_01471	15,26,69,89,130,134,135,148,153,181,199,204,222,240,245,267,276,279,315,318,355,357,375,469,473,478,508,509,513,533,546,559,566,574,585,603,626,657,687,692,755,761,772,778,782,855,862,881,883,893,909,948,950,961,964,968,979,994,1004,1009,1017,1022,1024
0262_01472	3,15,26,51,72,73,85,89,134,144,148,165,175,199,222,223,245,284,311,316,357,358,381,399,403,428,432,461,480,485,499,508,513,517,531,566,589,600,656,658,670,682,687,721,755,758,772,801,825,848,879,891,916,924,928,935,948,960,963,964,965,968,969,995,1019,1022
0262_01473	15,20,25,26,36,61,72,85,89,102,129,134,139,141,148,153,205,211,222,233,245,255,305,315,326,350,351,357,358,399,408,413,469,499,508,513,517,523,527,566,603,610,626,640,681,704,727,730,755,766,768,772,774,790,801,819,822,836,852,855,862,898,926,936,948,968,1009,1019,1022
0262_01474	5,15,20,25,26,35,37,58,85,88,89,100,108,134,153,175,241,245,247,252,255,260,261,283,290,310,326,337,346,358,368,408,452,477,478,485,499,508,513,551,574,583,601,623,626,627,649,666,673,690,727,771,772,778,819,845,855,884,890,898,926,934,936,948,964,965,968,991,996,1005,1019,1022
0262_01475	15,20,21,25,26,36,61,85,89,117,129,134,139,148,153,164,208,216,222,245,255,290,302,305,315,326,332,358,371,401,408,409,440,452,458,477,499,508,513,566,574,584,592,614,626,648,653,681,684,713,727,751,772,782,801,804,843,852,855,862,898,926,934,943,948,968,973,1005,1022
0262_01476	15,20,25,26,62,85,89,98,109,134,148,153,164,189,226,229,245,255,290,303,315,325,326,358,408,413,422,452,461,465,476,477,499,508,513,517,527,537,548,566,574,581,592,614,626,639,650,684,715,727,735,766,770,772,784,801,803,819,822,829,835,843,854,857,898,909,925,926,927,934,936,948,964,968,974,982,994,1000,1003,1005,1008,1009,1016,1022,1023
0262_01479	13,15,20,24,56,62,65,89,93,94,96,123,134,145,153,175,178,190,207,231,237,270,284,307,311,347,367,371,397,408,415,421,431,477,487,502,505,508,513,516,523,524,540,544,550,569,588,626,642,645,663,669,677,686,727,772,776,786,802,814,827,851,863,906,921,935,948,968,994
0262_01480	3,4,5,12,15,20,26,75,85,89,104,129,134,141,155,198,222,239,245,250,272,278,316,358,360,372,397,405,420,467,499,508,513,540,568,576,626,629,651,662,721,727,747,762,767,770,772,776,801,814,855,862,867,882,884,900,927,948,964,965,968
0262_01481	5,15,20,26,35,37,44,45,71,85,89,104,127,129,134,175,182,222,237,245,247,252,260,272,283,290,302,345,358,372,426,452,456,477,481,499,508,513,516,543,544,553,565,568,574,583,626,636,673,676,690,699,727,762,772,790,801,814,819,855,862,916,934,936,948,960,964,968,996,1019
0262_01482	11,15,20,26,35,60,61,67,85,89,134,153,184,189,222,226,245,276,284,289,290,302,326,342,358,387,404,408,413,445,450,452,456,461,469,476,477,484,499,505,508,513,516,517,527,536,537,558,566,574,592,614,626,627,650,715,725,727,761,790,794,819,829,843,859,878,898,909,916,925,926,934,936,948,964,968,1009,1013
0262_01485	5,15,20,25,26,35,37,58,64,85,89,100,134,153,175,211,245,247,252,255,257,260,268,285,290,291,310,325,326,337,368,416,446,447,452,458,477,499,508,513,574,601,623,626,627,645,666,667,673,690,727,730,772,778,819,821,866,884,898,915,922,934,936,948,964,968,974,991,1005,1019,1022
0262_01486	5,15,26,83,89,95,121,128,134,148,151,191,195,239,245,247,252,281,357,368,389,402,405,442,452,486,492,499,508,513,515,574,618,626,635,690,709,716,721,756,766,772,793,804,810,851,882,901,906,919,936,945,948,968,1009,1022
0262_01488	5,6,15,20,25,26,35,37,47,58,61,85,89,94,100,124,134,153,175,182,189,203,220,222,232,237,245,247,252,255,283,289,290,298,310,337,347,358,368,372,387,408,421,446,452,461,477,499,508,513,537,544,574,583,601,623,626,627,658,666,673,687,690,711,715,727,746,752,762,772,778,819,829,843,884,886,909,934,936,948,964,968,970,989,991,996,1000,1005,1019,1022,1023
0262_01497	20,31,35,37,68,80,81,96,114,122,134,144,153,201,211,223,241,251,281,300,320,334,337,347,358,367,385,405,417,431,443,453,480,482,487,502,508,549,550,569,589,611,613,686,696,710,719,725,727,730,754,758,781,800,814,850,892,898,937,945,948,968
0262_01499	15,20,25,26,36,72,85,89,102,129,134,141,146,148,153,182,205,211,222,233,245,255,305,315,347,350,351,357,358,372,399,408,413,421,469,499,508,513,517,523,527,544,566,603,610,626,681,704,727,730,746,755,762,766,768,772,774,782,790,801,810,819,822,836,852,855,862,886,936,948,968,975,989,1009,1019,1022
0262_01511	2,15,20,31,35,38,55,68,76,80,96,122,129,134,143,147,181,211,214,244,250,253,259,270,278,290,291,297,298,330,347,358,365,366,405,408,410,420,442,447,452,461,467,486,487,504,517,544,547,549,550,580,582,603,606,626,641,642,675,705,733,735,738,747,761,866,889,936,948,960,968,980,1000,1012
0262_01517	15,20,64,88,134,153,172,175,177,188,246,252,255,259,269,270,275,278,281,302,340,341,343,393,405,408,425,481,496,508,524,533,550,553,580,594,603,714,720,727,747,773,777,815,854,889,891,930,938,968
0262_01518	15,51,53,91,118,133,134,138,153,172,200,227,234,259,272,278,323,336,361,364,381,394,395,405,409,425,439,453,461,468,491,497,508,524,549,578,640,651,657,658,686,725,747,773,779,841,849,889,896,945,948,968,989,1023
0262_01521	15,48,57,132,134,138,156,201,245,250,259,309,354,361,385,417,425,439,453,459,461,506,508,524,539,552,605,624,626,642,657,662,663,676,680,681,688,727,748,757,776,806,850,926,968,989
0262_01523	4,20,39,41,49,56,61,62,89,106,134,136,153,171,181,187,207,225,231,244,245,278,283,298,347,385,387,399,461,497,501,508,516,527,532,534,536,547,556,638,643,661,662,677,701,721,725,727,749,755,778,781,802,811,816,826,848,850,860,863,891,893,897,906,948,985,994,996,1008,1009
0262_01537	15,20,26,45,72,82,85,89,118,134,148,161,174,200,219,222,245,247,260,305,311,316,347,357,358,364,380,399,409,411,422,423,444,459,499,508,513,518,566,568,583,592,606,695,727,746,755,762,772,788,801,821,822,838,848,879,886,916,928,943,948,964,968,1019,1022
0262_01538	12,14,15,20,26,72,85,88,89,134,140,148,161,165,219,220,222,231,239,245,283,313,316,347,357,358,364,380,399,411,423,436,444,453,469,494,499,508,513,518,568,600,625,629,649,662,703,727,746,755,758,762,767,772,778,801,822,838,853,886,948,968,1019,1022
0262_01552	13,20,31,35,55,68,94,96,105,129,134,144,153,180,191,192,195,211,214,216,252,259,281,309,318,334,336,347,380,482,487,508,509,515,517,533,540,549,550,577,590,600,626,644,667,678,684,686,696,703,715,719,722,725,727,730,762,767,781,897,898,925,945,948,955,968,982,1001
0262_01561	1,8,20,31,55,68,96,101,129,134,153,211,219,220,259,260,287,297,315,334,335,336,347,359,367,368,479,482,487,508,515,516,517,542,549,550,570,600,621,637,641,670,686,694,696,705,710,719,725,727,767,779,800,802,857,889,945,948,955,968,993,998
0262_01565	1,15,20,26,34,35,46,71,81,107,134,144,154,199,211,212,233,240,241,245,260,266,273,278,300,310,316,319,343,347,364,365,391,401,405,410,438,446,461,490,500,502,504,506,508,515,519,524,533,538,549,550,595,606,619,654,664,670,704,705,721,727,730,737,738,747,761,771,779,785,793,805,812,825,827,905,943,948,968,973,1000,1018,1023
0262_01568	15,25,26,72,82,85,89,102,134,141,148,206,222,245,255,291,305,311,315,316,351,352,357,358,399,436,446,452,482,499,508,513,541,566,571,595,603,626,755,764,768,772,801,836,855,875,944,948,968,969,971,1019,1022
0262_01569	15,20,25,26,61,85,89,98,134,148,153,164,184,189,222,226,229,245,255,276,284,289,290,315,325,326,358,387,404,408,413,445,452,461,476,477,499,508,513,517,527,536,537,558,566,574,592,614,626,627,650,684,715,727,761,766,772,784,790,801,819,822,829,835,843,859,898,909,925,926,927,934,936,948,964,968,1005,1009,1022
0262_01570	5,11,15,20,26,35,37,85,89,127,134,136,153,175,183,199,200,237,245,247,249,252,260,282,283,290,292,294,302,315,347,349,358,370,450,452,456,466,468,477,481,499,508,513,516,518,544,565,573,574,585,587,626,630,632,640,673,690,710,727,731,745,778,794,798,807,819,895,905,915,916,934,936,948,954,964,968,994,995,996,1008,1013,1019
0262_01649	8,10,15,20,22,24,63,74,77,89,107,110,134,153,161,162,163,175,178,184,193,202,214,245,260,292,311,315,318,321,326,328,332,335,347,351,397,401,439,442,454,461,471,506,508,515,520,522,524,540,550,556,562,596,626,628,647,652,654,656,662,664,686,692,700,703,713,716,719,722,727,734,741,743,761,786,792,796,797,799,812,850,858,908,923,936,948,959,964,968,969,974,976,995
