id	bits.on
0262_00001	25,28,38,43,65,72,74,75,77,79,80,82,83,84,85,89,90,91,92,95,96,97,98,100,105,106,109,110,113,117,120,121,122,123,126,127,129,131,132,133,135,136,137,138,139,140,142,143,146,148,149,151,152,153,154,155,156,157,158,159,160,161,162,163,164,165
0262_00003	62,74,75,80,85,86,89,92,98,100,104,109,110,111,113,114,115,117,118,121,122,123,125,126,127,128,129,131,132,133,135,136,137,138,139,140,141,142,143,144,145,146,147,148,149,150,151,152,153,154,155,156,157,158,159,160,161,162,163,164,165
0262_00012	23,52,53,54,62,65,66,69,74,79,80,86,90,91,92,93,94,95,97,98,100,104,106,110,111,112,117,121,122,123,124,125,126,129,131,132,136,137,138,139,140,141,142,145,146,148,149,151,152,153,154,155,156,157,158,159,160,161,162,163,164,165
0262_00014	29,62,74,75,83,85,86,89,90,91,92,95,96,97,100,102,110,111,112,114,117,118,121,122,123,124,126,128,129,130,132,136,137,138,139,140,141,145,146,147,148,149,150,153,154,155,156,157,158,159,160,161,162,163,164,165
0262_00019	8,11,19,36,47,66,74,79,81,83,85,88,89,92,95,96,97,105,109,110,112,113,114,117,120,121,122,123,125,126,127,131,133,136,137,139,140,141,142,143,144,145,146,148,149,150,151,152,153,154,155,156,157,158,159,160,161,162,163,164,165
0262_00020	53,54,57,72,82,89,90,91,93,98,109,113,120,123,125,126,127,131,132,137,139,140,143,144,145,146,147,149,150,152,153,154,155,157,159,160,162,163,164,165
0262_00027	53,89,99,113,125,127,131,139,143,145,146,152,157,159,162,163,164,165
0262_00029	50,54,76,79,84,90,92,95,97,99,104,110,111,114,116,117,123,126,127,131,132,133,136,139,140,141,142,143,146,149,150,151,152,154,155,156,157,158,159,160,161,163,164,165
0262_00035	28,29,38,43,48,65,69,72,75,77,79,80,83,84,85,95,96,98,100,102,104,105,106,109,112,115,116,120,121,122,124,126,129,130,131,132,133,135,137,138,139,140,142,146,148,151,152,153,155,156,157,158,159,160,161,162,163,164,165
0262_00038	25,32,33,42,51,53,55,58,60,61,62,65,67,73,74,77,80,81,87,88,89,91,93,94,97,98,99,102,104,106,107,112,117,120,121,122,123,124,125,130,131,132,133,134,135,136,137,139,140,141,142,144,145,146,148,149,150,152,154,155,156,157,158,159,160,161,162,163,164,165
0262_00039	13,21,24,30,38,43,45,49,56,57,63,70,71,74,76,77,79,82,83,85,86,88,89,90,91,93,94,95,96,97,99,100,102,104,108,111,112,115,119,122,124,128,129,130,131,132,137,138,140,141,142,146,147,148,149,151,152,153,155,156,158,159,160,161,162,164,165
0262_00040	22,45,54,66,74,76,84,86,88,90,91,92,95,99,104,110,111,112,115,117,118,123,128,129,131,136,138,139,140,142,146,147,149,150,151,153,154,155,156,157,158,159,160,161,164,165
0262_00041	37,42,53,57,62,65,72,75,77,80,82,83,85,87,89,90,92,96,97,98,106,107,109,110,112,113,117,120,121,122,127,131,132,133,134,136,137,139,140,142,143,144,146,148,150,151,152,153,154,155,156,157,158,159,161,162,163,164,165
0262_00042	42,53,62,65,74,75,83,85,87,89,91,96,99,104,105,107,121,122,123,125,131,132,134,137,139,140,144,145,146,148,149,150,152,154,155,156,157,158,159,160,161,162,163,164,165
0262_00043	37,49,52,57,62,65,70,72,75,77,80,82,83,85,89,91,92,94,95,96,97,98,106,109,110,111,113,117,119,120,121,122,124,127,128,129,130,131,132,133,136,137,139,140,142,143,144,146,148,150,151,152,153,154,155,156,157,158,159,160,161,162,163,164,165
0262_00044	53,54,66,74,79,82,90,91,92,93,95,97,100,104,108,110,111,112,115,116,117,123,126,128,129,131,132,136,139,140,141,142,146,147,149,151,153,154,155,156,157,158,159,160,161,162,163,164,165
0262_00046	21,24,38,43,45,49,51,56,57,60,61,63,67,70,71,73,74,76,77,79,82,83,85,86,88,89,90,91,93,94,95,96,97,99,100,102,104,108,111,115,119,122,124,128,129,130,131,132,136,137,138,140,141,142,146,147,148,149,151,152,153,155,156,158,159,160,161,162,164,165
0262_00047	54,74,90,91,92,95,104,108,110,111,116,117,118,123,129,131,136,139,145,146,147,149,151,154,155,156,157,158,159,160,161,162,163,164,165
0262_00048	38,52,62,65,75,77,79,80,83,94,96,97,113,120,121,122,123,124,125,127,131,133,135,137,139,140,142,143,144,145,146,148,150,152,154,156,157,158,159,161,162,163,164,165
0262_00051	36,38,50,65,75,76,77,79,81,83,85,88,90,96,99,100,111,114,115,116,118,120,121,122,123,128,129,131,136,137,139,140,142,144,146,147,148,150,153,154,155,156,157,158,159,160,161,162,163,164,165
0262_00052	37,41,42,43,52,69,77,78,79,90,94,95,106,107,110,111,112,113,117,119,124,125,126,127,131,133,134,135,142,143,145,151,152,154,155,156,157,158,159,161,162,163,164,165
0262_00058	25,41,43,65,77,78,79,80,82,83,86,88,90,91,93,96,100,104,106,108,111,116,119,120,121,129,131,137,138,142,144,147,149,150,151,153,155,156,158,160,161,162,165
0262_00064	66,90,91,96,104,105,108,112,115,116,118,123,127,128,129,131,132,139,140,141,143,145,146,147,149,150,152,154,155,157,159,160,163,164,165
0262_00065	26,50,66,72,76,87,89,91,96,99,103,104,105,107,108,109,112,114,115,116,123,126,127,128,129,132,134,136,139,140,141,143,145,146,147,149,150,152,153,154,155,157,159,160,163,164,165
0262_00066	26,50,53,66,72,76,82,87,89,90,91,96,99,103,104,105,107,108,109,112,115,116,127,128,129,131,132,134,136,139,140,141,143,145,146,147,149,150,152,153,154,155,157,159,160,163,164,165
0262_00067	26,50,66,74,76,90,91,99,104,105,108,112,115,116,118,123,127,128,129,131,132,136,139,140,141,143,145,146,147,149,150,152,154,157,159,160,163,164,165
0262_00068	66,96,105,108,112,113,115,116,118,125,127,128,129,132,139,143,144,145,147,150,152,154,157,159,160,162,163,164,165
0262_00069	66,90,91,96,104,105,108,112,115,116,118,123,127,128,129,131,132,139,140,141,143,145,146,147,149,150,152,154,155,157,159,160,163,164,165
0262_00070	26,50,66,76,91,96,99,104,105,108,112,114,115,116,127,128,129,132,136,139,141,143,145,146,147,149,150,152,154,155,157,159,160,163,164,165
0262_00071	66,90,91,96,104,105,108,112,115,116,118,123,127,128,129,131,132,139,140,141,143,145,146,147,149,150,152,154,155,157,159,160,163,164,165
0262_00077	53,54,57,62,72,89,98,105,113,125,127,131,137,139,140,143,144,145,146,150,152,154,157,159,162,163,164,165
0262_00144	23,72,82,92,95,100,106,108,110,114,117,123,126,131,133,135,136,142,146,149,151,152,153,154,155,156,157,158,159,160,161,162,163,164,165
0262_00146	24,25,43,49,52,57,63,69,70,71,77,78,79,82,83,86,90,91,93,94,96,97,100,102,106,108,109,117,119,122,124,128,129,130,131,132,137,138,142,146,147,148,151,153,155,156,157,158,159,160,161,164,165
0262_00155	37,41,42,43,52,69,77,78,79,90,94,95,106,107,110,111,112,113,117,119,124,125,126,127,131,133,134,135,142,143,145,151,152,154,155,156,157,158,159,161,162,163,164,165
0262_00156	24,50,71,76,78,81,88,89,91,94,97,99,102,103,104,108,109,111,114,115,116,119,124,126,127,128,129,132,134,138,139,141,143,146,149,150,152,153,154,155,156,157,159,160,161,163,164,165
0262_00165	38,42,65,75,77,78,79,80,83,85,86,87,95,96,103,106,107,108,109,111,112,114,115,119,120,121,122,126,129,132,133,134,135,137,138,142,144,147,148,150,153,155,156,157,158,160,161,162,163,164,165
0262_00181	57,66,72,75,83,85,86,91,93,96,98,99,100,101,105,111,112,113,115,116,120,121,122,127,128,129,131,137,139,143,144,145,146,147,148,152,153,156,157,158,159,160,161,162,163,164,165
0262_00182	62,74,75,80,85,86,89,92,98,100,104,109,110,111,113,114,115,117,118,121,122,123,125,126,127,128,129,131,132,133,135,136,137,138,139,140,141,142,143,144,145,146,147,148,149,150,151,152,153,154,155,156,157,158,159,160,161,162,163,164,165
0262_00185	23,42,57,62,75,80,82,83,85,86,87,90,92,95,96,98,100,106,107,109,110,111,116,117,118,120,121,122,123,127,129,132,133,134,135,136,137,138,140,142,143,144,145,146,147,148,150,151,152,153,154,155,156,157,158,159,160,161,162,163,164,165
0262_00190	47,52,62,64,66,69,75,77,78,79,80,81,83,88,92,93,94,95,96,97,106,110,112,117,119,120,121,122,124,125,127,133,135,137,142,143,145,148,149,150,151,154,156,158,160,161,162,163,164,165
0262_00200	26,42,50,66,72,76,87,89,90,91,96,99,104,105,107,108,109,112,115,116,123,126,127,128,129,131,132,134,136,139,140,141,143,145,146,147,149,150,152,153,154,155,157,159,160,163,164,165
0262_00202	28,57,62,72,75,83,85,86,89,93,95,96,97,98,100,105,109,111,113,115,116,120,121,122,123,125,126,127,137,138,140,141,143,144,145,146,147,148,149,150,152,153,154,156,157,158,159,160,161,162,163,164,165
0262_00204	23,52,53,54,62,65,66,69,74,79,80,86,90,91,92,93,94,95,97,98,100,104,106,110,111,112,117,121,122,123,124,125,126,129,131,132,136,137,138,139,140,141,142,145,146,148,149,151,152,153,154,155,156,157,158,159,160,161,162,163,164,165
0262_00205	29,62,74,75,83,85,86,89,90,91,92,95,96,97,100,102,110,111,112,114,117,118,121,122,123,124,126,128,129,130,132,136,137,138,139,140,141,145,146,147,148,149,150,153,154,155,156,157,158,159,160,161,162,163,164,165
0262_00206	33,36,38,54,57,58,62,65,66,67,72,74,75,77,79,80,82,83,85,86,88,90,92,94,95,96,97,98,100,104,109,110,111,112,113,116,117,118,120,121,122,124,126,127,129,130,131,132,133,135,137,138,139,141,142,143,144,146,147,148,149,150,151,152,153,155,156,157,158,159,160,161,162,163,164,165
0262_00209	23,32,33,51,54,55,57,58,59,60,61,64,67,72,73,74,80,81,83,84,86,88,89,90,91,94,95,96,100,101,102,104,105,106,108,109,110,111,112,115,117,120,122,123,124,125,126,127,128,129,130,131,132,133,135,136,137,138,139,140,142,143,145,146,147,148,149,151,152,153,154,155,156,157,158,159,160,161,162,163,164,165
0262_00211	54,84,95,131,139,151,152,156,157,158,160,161,162,163,164,165
0262_00212	22,57,66,72,75,83,85,86,89,90,91,95,96,98,100,101,104,105,111,112,113,118,120,121,122,127,128,129,131,132,137,138,139,140,143,144,145,146,147,148,152,153,154,155,156,157,158,159,161,162,163,164,165
0262_00218	36,47,62,77,78,79,81,83,85,86,88,96,100,101,105,106,111,119,120,121,122,128,129,137,138,142,147,148,153,156,158,161,162,163,165
0262_00224	19,50,57,74,76,85,86,93,99,100,104,105,109,111,113,115,116,122,123,125,132,137,138,139,144,145,146,147,148,149,152,153,154,155,157,158,159,160,161,162,163,164,165
0262_00233	53,89,99,113,125,127,131,139,143,145,146,152,157,159,162,163,164,165
0262_00237	23,36,37,47,53,54,65,74,77,79,81,83,85,86,88,90,91,92,93,95,96,97,100,104,106,109,110,111,115,117,120,121,122,123,125,126,129,131,132,136,137,138,139,140,141,142,145,146,148,149,151,152,153,154,155,156,157,158,159,160,161,162,163,164,165
0262_00239	50,54,76,79,84,90,92,95,97,99,104,110,111,114,116,117,123,126,127,131,132,133,136,139,140,141,142,143,146,149,150,151,152,154,155,156,157,158,159,160,161,163,164,165
0262_00244	26,50,66,72,76,82,91,96,99,104,105,108,109,112,115,116,118,127,128,129,131,132,136,139,140,143,145,146,147,149,150,152,153,154,155,157,159,160,163,164,165
0262_00245	26,50,57,76,89,91,98,99,104,105,108,114,115,116,123,126,127,128,129,132,136,137,139,140,141,143,145,146,147,149,150,152,154,155,157,159,160,163,164,165
0262_00250	65,72,79,83,85,86,89,90,91,93,96,97,98,100,105,108,111,113,120,121,122,123,125,126,127,128,129,132,136,137,138,140,141,142,143,144,145,146,147,148,149,150,151,152,153,154,156,157,158,159,160,161,162,163,164,165
0262_00253	28,29,38,43,48,65,69,72,75,77,79,80,83,84,85,95,96,98,100,102,104,105,106,109,112,115,116,120,121,122,124,126,129,130,131,132,133,135,137,138,139,140,142,146,148,151,152,153,155,156,157,158,159,160,161,162,163,164,165
0262_00254	54,82,86,93,95,100,104,113,115,127,131,132,139,143,151,152,153,155,157,158,159,160,161,162,163,164,165
0262_00255	41,53,66,75,79,82,83,85,91,92,95,96,97,100,101,104,105,110,111,112,117,118,121,122,127,128,129,131,132,133,137,138,139,142,143,145,147,148,150,151,152,153,154,155,156,157,158,159,161,163,164,165
0262_00257	8,11,19,36,47,57,62,65,66,71,74,79,80,81,83,85,88,89,92,94,95,96,97,102,105,110,112,117,120,121,122,123,124,127,131,133,136,137,139,140,141,142,143,144,146,148,149,150,151,152,154,156,157,158,159,160,161,162,163,164,165
0262_00258	53,54,66,72,74,80,82,84,86,89,90,91,92,93,95,97,100,104,108,109,110,111,112,113,115,116,117,118,126,127,128,129,131,132,136,138,139,140,141,142,143,144,146,147,149,150,151,152,153,154,155,156,157,158,159,160,161,162,163,164,165
0262_00259	50,54,76,79,84,90,92,95,97,99,104,109,110,111,114,116,117,123,126,127,128,131,132,133,136,140,141,142,143,146,149,150,151,152,153,154,155,156,157,158,159,160,161,163,164,165
0262_00261	62,66,74,85,86,93,97,99,108,109,112,114,122,123,126,128,133,141,145,147,148,149,150,153,154,155,156,157,158,159,160,161,162,163,164,165
0262_00264	66,74,85,86,93,97,100,112,114,115,116,122,123,125,126,128,129,132,141,145,148,149,152,153,154,155,157,158,159,160,161,162,163,164,165
0262_00265	36,37,38,42,57,62,65,72,75,77,80,81,82,83,84,85,87,88,89,91,92,96,97,98,106,107,109,110,111,113,117,120,121,122,127,128,129,131,132,133,134,135,137,138,139,142,143,144,146,148,150,151,153,154,155,156,157,158,159,161,162,163,164,165
0262_00269	19,75,83,85,89,91,93,96,97,98,105,108,111,116,121,122,123,126,127,128,129,132,136,137,139,140,143,145,146,147,148,150,152,154,156,157,158,159,160,161,162,163,164,165
0262_00270	66,74,85,86,93,108,111,112,114,115,116,122,125,129,132,141,145,148,149,152,154,155,156,158,160,161,162,163,164,165
0262_00271	25,32,33,42,51,53,55,58,60,61,62,65,67,73,74,77,80,81,87,88,89,91,93,94,97,98,99,102,104,106,107,112,117,120,121,122,123,124,125,130,131,132,133,134,135,136,137,139,140,141,142,144,145,146,148,149,150,152,154,155,156,157,158,159,160,161,162,163,164,165
0262_00273	15,50,62,66,76,83,89,90,92,93,95,96,97,99,104,105,106,108,109,110,111,112,114,116,117,118,121,123,126,127,129,132,136,137,140,141,143,144,145,146,147,149,150,151,152,153,154,155,156,157,158,159,160,161,162,163,164,165
0262_00274	13,21,24,30,38,43,45,49,56,57,63,70,71,74,76,77,79,82,83,85,86,88,89,90,91,93,94,95,96,97,99,100,102,104,108,111,112,115,119,122,124,128,129,130,131,132,137,138,140,141,142,146,147,148,149,151,152,153,155,156,158,159,160,161,162,164,165
0262_00275	22,45,54,66,74,76,84,86,88,90,91,92,95,99,104,110,111,112,115,117,118,123,128,129,131,136,138,139,140,142,146,147,149,150,151,153,154,155,156,157,158,159,160,161,164,165
0262_00276	42,53,62,65,74,75,83,85,87,89,91,96,99,104,105,107,121,122,123,125,131,132,134,137,139,140,144,145,146,148,149,150,152,154,155,156,157,158,159,160,161,162,163,164,165
0262_00277	53,54,66,74,79,82,90,91,92,93,95,97,100,104,108,110,111,112,115,116,117,123,126,128,129,131,132,136,139,140,141,142,146,147,149,151,153,154,155,156,157,158,159,160,161,162,163,164,165
0262_00278	37,38,42,57,62,65,72,75,77,80,83,84,85,87,89,92,95,96,97,98,106,107,110,113,117,120,121,122,123,126,127,133,134,135,136,137,140,141,142,143,144,146,148,149,150,151,152,154,156,157,158,159,160,161,162,163,164,165
0262_00279	19,30,49,66,72,83,85,86,96,97,98,100,105,111,112,118,121,122,123,125,126,127,128,129,132,137,138,139,143,145,146,147,148,152,153,154,156,157,158,159,161,162,163,164,165
0262_00280	21,24,38,43,45,49,51,56,57,60,61,63,67,70,71,73,74,76,77,79,82,83,85,86,88,89,90,91,93,94,95,96,97,99,100,102,104,108,111,115,119,122,124,128,129,130,131,132,136,137,138,140,141,142,146,147,148,149,151,152,153,155,156,158,159,160,161,162,164,165
0262_00281	26,50,53,54,66,72,74,76,84,85,86,89,90,91,92,93,95,97,99,105,108,110,112,113,117,122,127,131,133,135,136,139,140,141,142,143,144,145,146,148,149,150,151,152,154,156,157,158,159,160,161,162,163,164,165
0262_00282	54,74,90,91,92,95,104,108,110,111,116,117,118,123,129,131,136,139,145,146,147,149,151,154,155,156,157,158,159,160,161,162,163,164,165
0262_00283	38,52,62,65,75,77,79,80,83,94,96,97,113,120,121,122,123,124,125,127,131,133,135,137,139,140,142,143,144,145,146,148,150,152,154,156,157,158,159,161,162,163,164,165
0262_00287	36,38,50,65,75,76,77,79,81,83,85,88,90,96,99,100,111,114,115,116,118,120,121,122,123,128,129,131,136,137,139,140,142,144,146,147,148,150,153,154,155,156,157,158,159,160,161,162,163,164,165
0262_00288	36,42,50,59,75,76,79,81,82,85,86,88,91,95,98,99,100,104,105,106,107,109,111,112,118,120,121,122,125,128,129,132,134,137,138,139,142,144,145,147,148,153,155,157,158,161,162,163,164,165
0262_00289	62,87,90,93,103,104,105,107,108,111,116,125,133,134,144,145,147,150,151,156,158,160,161,162,163,165
0262_00293	37,41,42,43,52,69,77,78,79,90,94,95,106,107,110,111,112,113,117,119,124,125,126,127,131,133,134,135,142,143,145,151,152,154,155,156,157,158,159,161,162,163,164,165
0262_00296	24,52,65,66,71,74,75,78,80,83,92,93,94,95,96,97,102,109,110,111,112,113,117,119,120,121,122,123,124,125,126,127,130,137,140,141,142,143,144,145,146,148,149,150,152,153,154,155,156,157,158,159,160,161,162,163,164,165
0262_00307	25,41,43,65,77,78,79,80,82,83,86,88,90,91,93,96,100,104,106,108,111,116,119,120,121,129,131,137,138,142,144,147,149,150,151,153,155,156,158,160,161,162,165
0262_00308	19,28,52,57,62,72,75,78,83,84,92,94,95,96,105,108,109,110,111,113,115,117,119,120,121,122,123,124,125,133,135,137,142,144,145,146,148,149,150,151,152,153,154,156,157,158,159,160,161,162,163,164,165
0262_00315	23,72,84,89,90,93,104,106,109,110,113,117,123,126,127,131,132,138,139,140,143,144,146,150,151,152,153,154,155,156,157,158,159,160,161,162,163,164,165
0262_00316	26,41,50,66,76,90,91,96,97,99,104,105,108,111,112,115,116,118,127,128,129,132,139,143,145,147,150,152,154,155,157,159,160,161,163,164,165
0262_00317	26,50,66,74,76,90,96,99,104,105,108,112,115,116,118,127,128,129,132,139,141,143,145,147,149,150,152,155,157,160,163,164,165
0262_00318	26,50,66,72,76,87,89,91,96,99,103,104,105,107,108,109,112,114,115,116,123,126,127,128,129,132,134,136,139,140,141,143,145,146,147,149,150,152,153,154,155,157,159,160,163,164,165
0262_00319	26,50,53,66,72,76,82,87,89,90,91,96,99,103,104,105,107,108,109,112,115,116,127,128,129,131,132,134,136,139,140,141,143,145,146,147,149,150,152,153,154,155,157,159,160,163,164,165
0262_00320	26,42,50,57,66,72,74,76,83,87,89,91,96,99,101,104,105,107,108,109,112,115,116,120,123,126,127,128,129,132,134,136,137,139,140,141,143,145,146,149,150,152,153,154,155,157,159,160,163,164,165
0262_00321	15,26,50,66,72,76,89,91,96,99,104,105,106,108,109,112,114,115,116,118,123,126,127,128,129,132,136,138,139,140,141,143,145,146,147,149,150,152,153,154,155,157,159,160,163,164,165
0262_00322	26,42,50,66,72,76,82,87,91,96,99,104,105,107,108,109,112,115,116,127,128,129,131,132,134,136,139,140,141,143,145,146,147,149,150,152,153,154,155,157,159,160,163,164,165
0262_00323	26,50,66,74,76,90,91,99,104,105,108,112,115,116,118,123,127,128,129,131,132,136,139,140,141,143,145,146,147,149,150,152,154,157,159,160,163,164,165
0262_00324	66,72,90,91,96,99,105,108,112,115,116,118,127,128,129,132,136,139,143,145,146,147,149,150,152,154,157,159,160,163,164,165
0262_00325	26,50,66,72,76,96,99,105,108,112,114,115,116,118,123,126,127,128,129,132,136,140,141,143,145,146,147,149,150,152,154,155,157,159,160,163,164,165
0262_00326	66,90,91,96,104,105,108,112,115,116,118,123,127,128,129,131,132,136,139,140,141,143,145,146,147,149,150,152,154,155,157,159,160,163,164,165
0262_00327	26,50,66,76,91,96,99,105,108,112,113,115,116,118,127,128,129,132,139,143,144,145,147,150,152,154,157,159,160,162,163,164,165
0262_00328	66,96,105,108,112,113,115,116,118,125,127,128,129,132,139,143,144,145,147,150,152,154,157,159,160,162,163,164,165
0262_00329	26,50,66,74,76,90,96,99,104,105,108,112,114,115,116,118,127,128,129,132,139,141,143,145,147,149,150,152,155,157,160,163,164,165
0262_00330	26,50,66,74,76,90,91,99,104,105,108,112,115,116,118,123,127,128,129,131,132,139,141,143,145,146,147,149,150,152,154,157,159,160,163,164,165
0262_00331	26,50,66,76,91,96,99,104,105,108,112,114,115,116,127,128,129,132,136,139,141,143,145,146,147,149,150,152,154,155,157,159,160,163,164,165
0262_00348	53,54,57,62,72,89,98,105,113,125,127,131,137,139,140,143,144,145,146,150,152,154,157,159,162,163,164,165
0262_00353	84,90,91,92,99,104,108,110,111,114,115,116,117,118,128,129,132,147,151,154,155,156,158,160,161,164
0262_00404	65,80,82,85,86,90,92,98,100,101,105,110,113,117,120,121,122,127,128,137,138,142,143,144,145,148,151,153,154,156,158,161,162,163,164,165
0262_00405	50,53,65,66,76,80,84,91,92,98,99,101,104,105,108,110,111,112,113,115,117,121,127,128,131,133,137,142,143,144,145,149,150,151,154,156,158,160,161,162,163,164,165
0262_00406	16,22,34,50,57,66,72,76,83,89,96,99,105,108,112,115,116,118,120,123,127,128,129,132,137,143,146,147,149,150,152,154,157,159,160,164,165
0262_00408	16,19,22,34,50,57,66,72,76,83,89,96,98,99,101,104,105,108,112,116,120,123,127,132,136,137,139,140,143,145,146,149,150,152,154,157,159,160,163,164,165
0262_00409	16,19,22,50,53,54,57,66,72,76,82,89,90,91,96,98,99,105,109,112,116,120,127,128,131,137,138,139,140,143,145,146,149,150,152,153,154,155,157,159,160,163,164,165
0262_00410	53,57,89,99,105,108,113,115,116,118,123,127,128,129,131,132,136,137,139,140,143,144,146,147,152,154,157,159,160,162,163,164,165
0262_00411	26,50,54,57,66,72,76,83,85,86,89,91,95,96,97,99,100,101,105,108,109,111,112,120,121,122,123,127,128,129,131,132,136,137,138,139,140,141,143,146,147,148,149,150,152,153,154,156,157,158,159,160,161,164,165
0262_00412	26,50,57,66,72,76,83,85,86,90,91,95,96,97,99,100,101,105,108,109,111,112,115,116,120,121,122,123,127,128,129,132,136,137,138,139,140,141,143,146,147,148,149,150,152,153,154,156,157,158,159,160,161,164,165
0262_00414	13,24,30,49,50,54,66,71,72,74,75,76,83,85,86,89,90,91,93,94,95,96,97,99,100,101,102,104,105,109,111,112,121,122,123,124,126,127,128,129,131,132,137,138,139,140,141,143,146,147,148,149,152,153,154,155,156,157,158,159,160,161,164,165
0262_00415	16,22,26,50,57,66,72,76,83,85,86,89,90,91,95,96,97,99,100,101,105,108,109,111,112,115,116,120,121,122,123,127,128,129,132,136,137,138,139,140,141,143,146,147,148,149,150,152,153,154,156,157,158,159,160,161,164,165
0262_00416	28,57,72,75,83,85,86,93,96,97,98,100,104,105,109,113,115,120,121,122,123,125,127,128,132,137,138,139,140,143,144,145,146,148,152,153,156,157,158,159,160,161,162,163,164,165
0262_00417	13,16,22,24,26,30,49,50,57,66,71,72,75,76,82,83,85,86,89,90,94,95,96,97,99,100,101,102,105,108,109,111,112,116,120,121,122,123,124,127,128,129,132,136,137,138,139,140,143,146,147,148,149,150,152,153,154,155,156,157,158,159,160,161,164,165
0262_00418	13,16,22,24,26,30,49,50,57,66,71,72,75,76,83,85,86,89,90,91,94,95,96,97,99,100,101,102,105,108,109,111,112,115,116,120,121,122,123,124,127,128,129,132,136,137,138,139,140,141,143,146,147,148,149,150,152,153,154,156,157,158,159,160,161,164,165
0262_00419	19,72,89,90,92,93,104,105,108,110,111,113,117,126,127,133,136,140,141,143,144,146,147,149,150,151,152,154,156,157,158,159,160,161,162,163,164,165
0262_00420	50,54,66,72,74,76,83,85,86,89,91,93,95,96,97,99,100,101,105,109,111,112,121,122,123,126,127,128,129,131,132,136,137,138,139,140,141,143,146,147,148,149,152,153,154,155,156,157,158,159,160,161,164,165
0262_00421	26,50,57,66,76,83,90,96,98,99,101,104,105,108,109,112,115,116,118,120,123,127,128,129,132,137,139,141,143,145,146,147,149,152,153,157,159,160,163,164,165
0262_00422	8,11,26,50,53,57,66,72,74,76,89,99,101,104,105,108,109,112,116,123,126,127,129,131,132,136,137,139,140,141,143,145,146,149,150,152,153,154,157,159,160,162,163,164,165
0262_00423	50,57,62,66,72,76,83,89,90,91,93,96,98,99,104,105,108,109,112,115,116,118,120,123,126,127,128,129,131,132,136,137,139,140,141,143,145,146,147,149,150,152,153,154,157,159,160,163,164,165
0262_00424	65,72,79,83,85,86,89,90,91,93,96,97,98,100,105,108,111,113,120,121,122,123,125,126,127,128,129,132,136,137,138,140,141,142,143,144,145,146,147,148,149,150,151,152,153,154,156,157,158,159,160,161,162,163,164,165
0262_00425	62,65,75,80,83,85,86,93,96,98,100,108,111,115,116,118,120,121,122,137,142,147,148,150,153,156,158,160,161,162,163,165
0262_00426	57,65,75,77,79,83,85,93,96,108,109,111,114,116,120,121,122,123,127,128,129,137,142,143,144,148,149,150,153,154,155,156,157,158,159,160,161,162,164,165
0262_00427	34,50,57,76,83,96,99,105,108,115,116,118,123,127,128,129,137,143,147,149,150,152,154,157,159,160,164,165
0262_00428	26,50,57,66,76,83,96,99,105,108,112,115,116,123,127,136,137,141,143,145,146,147,149,150,152,154,157,159,160,163,164,165
0262_00429	80,85,86,92,98,100,105,110,111,117,118,120,121,122,127,128,129,132,137,138,142,143,145,147,148,153,154,156,158,161,163,164,165
0262_00430	19,75,82,83,85,89,93,96,97,98,105,108,109,111,116,121,122,123,126,127,128,129,132,137,139,143,145,146,147,148,152,153,154,155,156,157,158,159,160,161,162,163,164,165
0262_00431	50,54,66,72,74,76,83,85,86,89,90,91,95,96,97,99,100,101,104,105,109,111,112,121,122,123,126,127,128,129,131,132,137,138,139,140,141,143,146,147,148,149,152,153,154,155,156,157,158,159,160,161,164,165
0262_00432	26,28,50,53,54,57,72,76,83,89,91,92,95,96,97,98,99,105,109,110,113,117,120,121,123,127,131,137,139,140,143,144,145,146,150,151,152,153,154,156,157,158,159,161,162,163,164,165
0262_00433	13,24,30,49,50,54,66,71,72,74,75,76,83,85,86,89,90,91,94,95,96,97,99,100,101,102,104,105,109,111,112,121,122,123,124,126,127,128,129,131,132,137,138,139,140,141,143,146,147,148,149,152,153,154,155,156,157,158,159,160,161,164,165
0262_00434	53,57,89,90,91,99,104,105,108,113,115,116,118,123,127,128,129,131,132,137,139,140,143,144,146,147,152,154,157,159,160,162,163,164,165
0262_00435	13,24,30,49,50,66,71,72,74,75,76,83,85,86,89,90,91,93,94,95,96,97,99,100,101,102,104,105,109,111,112,121,122,123,124,126,127,128,129,131,132,137,138,139,140,141,143,146,147,148,149,152,153,154,155,156,157,158,159,160,161,164,165
0262_00436	22,34,50,53,66,72,74,76,89,90,91,96,99,104,105,108,112,115,116,127,131,132,139,140,141,143,146,147,149,150,152,154,157,159,160,164,165
0262_00437	26,34,50,57,66,72,76,83,85,86,91,95,96,97,99,100,101,105,108,109,111,112,120,121,122,123,127,128,129,132,136,137,138,139,140,141,143,146,147,148,149,150,152,153,154,156,157,158,159,160,161,164,165
0262_00438	50,54,66,72,74,76,83,85,86,89,91,95,96,97,99,100,101,105,108,109,111,112,121,122,123,126,127,128,129,131,132,136,137,138,139,140,141,143,146,147,148,149,152,153,154,155,156,157,158,159,160,161,164,165
0262_00439	57,65,66,72,79,80,83,85,89,91,92,96,97,98,100,104,105,109,110,112,113,114,117,120,121,122,123,125,127,128,132,136,137,138,139,140,142,143,144,145,146,148,150,152,153,154,155,156,157,158,159,160,161,162,163,164,165
0262_00440	13,24,26,30,34,49,50,57,66,71,72,75,76,83,85,86,89,90,91,94,95,96,97,99,100,101,102,105,108,109,111,112,116,120,121,122,123,124,127,128,129,132,136,137,138,139,140,143,146,147,148,149,150,152,153,154,156,157,158,159,160,161,164,165
0262_00443	65,79,83,85,86,89,90,91,93,96,98,100,104,105,111,118,120,121,122,123,126,127,128,129,131,132,137,138,139,142,143,144,145,146,147,148,150,151,152,153,154,156,157,158,159,160,161,162,163,164,165
0262_00444	26,50,57,66,72,75,76,85,86,89,90,91,93,97,99,100,101,105,108,109,111,112,115,116,120,121,122,123,127,128,129,132,136,137,138,139,140,141,143,146,147,148,149,150,152,153,154,157,158,159,160,161,164,165
0262_00445	13,24,26,30,49,50,54,57,66,71,72,75,76,82,83,85,86,89,90,91,94,95,96,97,99,100,101,102,104,105,109,111,112,115,116,120,121,122,123,124,127,128,129,131,132,136,137,138,139,140,143,146,147,148,149,150,152,153,154,155,156,157,158,159,160,161,164,165
0262_00446	50,53,57,62,66,76,83,89,90,91,96,99,104,105,108,109,112,115,116,118,123,127,128,129,131,132,136,137,139,140,143,145,146,147,150,152,153,154,157,159,160,163,164,165
0262_00447	26,50,57,66,76,82,83,90,91,92,96,98,99,100,101,104,105,108,110,111,112,115,116,117,118,120,121,127,128,129,131,132,137,139,141,143,145,147,149,151,152,153,156,157,158,159,160,161,163,164,165
0262_00448	19,28,57,66,72,74,76,83,85,86,89,90,91,93,96,97,99,100,104,105,108,109,111,112,113,115,116,118,120,121,122,123,126,127,128,129,131,132,136,137,138,139,140,141,143,144,146,147,148,149,150,152,153,154,155,156,157,158,159,160,161,162,163,164,165
0262_00450	80,85,86,92,98,99,100,105,110,111,117,118,120,121,122,127,128,129,137,138,142,143,145,147,148,153,154,156,158,161,163,164,165
0262_00452	19,75,82,83,85,89,93,96,97,98,105,108,109,111,116,121,122,123,126,127,128,129,132,137,139,143,145,146,147,148,152,153,154,155,156,157,158,159,160,161,162,163,164,165
0262_00453	50,54,66,72,74,76,83,85,86,89,90,91,95,96,97,99,100,101,104,105,109,111,112,121,122,123,126,127,128,129,131,132,137,138,139,140,141,143,146,147,148,149,152,153,154,155,156,157,158,159,160,161,164,165
0262_00454	13,24,30,49,50,54,66,71,72,74,75,76,83,85,86,89,90,91,94,95,96,97,99,100,101,102,104,105,109,111,112,121,122,123,124,126,127,128,129,131,132,137,138,139,140,141,143,146,147,148,149,152,153,154,155,156,157,158,159,160,161,164,165
0262_00455	19,34,57,66,75,83,85,86,89,91,92,93,96,97,98,99,100,101,105,108,109,110,112,115,117,120,121,122,127,128,129,132,135,137,138,142,143,144,145,148,151,152,153,154,156,157,158,159,160,161,162,163,164,165
0262_00456	8,11,53,54,57,66,72,89,90,91,96,98,101,104,105,109,112,115,116,120,123,127,128,129,131,132,136,137,139,140,143,145,146,149,150,152,153,154,157,159,160,163,164,165
0262_00457	26,34,50,57,66,72,76,83,85,86,90,91,95,96,97,99,100,101,105,108,109,111,112,116,120,121,122,123,127,128,129,132,136,137,138,139,140,143,146,147,148,149,150,152,153,154,156,157,158,159,160,161,164,165
0262_00458	50,53,57,62,74,76,89,90,91,98,99,105,113,116,125,127,131,132,137,139,140,143,144,145,146,149,150,152,154,155,157,159,160,162,163,164,165
0262_00459	16,22,26,50,57,66,72,76,82,83,85,86,89,90,95,96,97,99,100,101,105,108,109,111,112,116,120,121,122,123,127,128,129,132,136,137,138,139,140,143,146,147,148,149,150,152,153,154,155,156,157,158,159,160,161,164,165
0262_00460	13,24,26,30,49,50,57,66,71,72,75,76,83,85,86,89,90,91,94,95,96,97,99,100,101,102,105,108,109,111,112,115,116,120,121,122,123,124,127,128,129,132,136,137,138,139,140,141,143,146,147,148,149,150,152,153,154,156,157,158,159,160,161,164,165
0262_00461	72,85,86,93,97,98,100,105,108,111,113,121,122,125,126,127,128,129,137,138,140,141,143,144,145,146,147,148,149,150,152,153,156,157,158,159,160,161,162,163,164,165
0262_00462	19,34,50,54,57,66,72,76,83,89,90,91,96,98,99,105,108,109,112,116,120,123,127,128,129,131,132,136,137,139,140,143,145,146,149,150,152,153,154,157,159,160,163,164,165
0262_00463	50,53,54,66,72,74,76,83,85,86,89,91,95,96,97,99,100,101,105,109,111,112,121,122,123,126,127,128,129,131,132,136,137,138,139,140,141,143,146,147,148,149,152,153,154,155,156,157,158,159,160,161,164,165
0262_00464	13,24,30,49,50,53,54,66,71,72,74,75,76,83,85,86,89,91,94,95,96,97,99,100,101,102,105,109,111,112,121,122,123,124,126,127,128,129,131,132,136,137,138,139,140,141,143,146,147,148,149,152,153,154,155,156,157,158,159,160,161,164,165
0262_00465	13,24,30,49,50,54,66,71,72,74,75,76,83,85,86,89,91,93,94,95,96,97,99,100,101,102,105,109,111,112,121,122,123,124,126,127,128,129,131,132,136,137,138,139,140,141,143,146,147,148,149,152,153,154,155,156,157,158,159,160,161,164,165
0262_00466	50,53,54,57,62,66,72,76,83,89,90,91,96,98,99,104,105,108,109,112,115,116,118,120,123,126,127,128,129,131,132,136,137,139,140,143,145,146,147,149,150,152,153,154,157,159,160,163,164,165
0262_00467	8,11,26,50,53,57,66,72,74,76,89,99,101,104,105,108,109,112,116,123,126,127,129,131,132,136,137,139,140,141,143,145,146,149,150,152,153,154,157,159,160,162,163,164,165
0262_00468	19,53,66,72,75,85,86,89,90,91,93,96,97,98,100,101,104,105,108,109,112,114,115,116,121,122,123,126,127,128,129,131,132,136,137,138,139,140,141,143,145,146,148,149,150,152,153,154,155,156,157,158,159,160,161,162,163,164,165
0262_00469	8,11,26,50,54,57,66,72,74,76,89,92,95,97,99,101,104,105,108,109,110,112,116,117,123,125,126,127,129,131,132,136,137,139,140,141,143,145,146,149,150,151,152,153,154,156,157,158,159,160,161,162,163,164,165
0262_00474	26,28,50,54,57,72,76,83,85,86,91,96,97,98,99,100,105,109,111,113,120,121,122,123,127,128,129,131,137,138,139,140,143,144,145,146,147,148,150,152,153,156,157,158,159,161,162,163,164,165
0262_00475	72,75,85,86,93,98,100,105,111,113,115,116,121,122,125,126,127,128,129,137,141,143,144,145,147,148,149,150,152,153,156,157,158,159,160,161,162,163,164,165
0262_00476	16,19,22,57,75,82,83,85,89,93,95,96,97,98,101,105,109,111,116,120,121,122,123,126,127,132,137,139,140,143,145,146,148,152,153,154,155,156,157,158,159,160,161,162,163,164,165
0262_00477	50,66,72,74,76,83,85,86,89,90,91,93,95,96,97,99,100,101,104,105,109,111,112,121,122,123,126,127,128,129,131,132,137,138,139,140,141,143,146,147,148,149,152,153,154,155,156,157,158,159,160,161,164,165
0262_00478	57,83,89,93,96,98,99,101,105,113,120,123,125,126,127,137,139,140,143,144,145,146,152,154,157,159,160,162,163,164,165
0262_00479	50,54,66,72,74,76,83,85,86,89,90,91,93,95,96,97,99,100,101,104,105,109,111,112,121,122,123,126,127,128,129,131,132,137,138,139,140,141,143,146,147,148,149,152,153,154,155,156,157,158,159,160,161,164,165
0262_00480	19,26,50,57,66,76,80,83,85,86,89,92,96,97,98,99,100,101,105,109,110,111,112,117,120,121,122,127,128,129,132,135,137,138,142,143,144,145,147,148,152,153,154,156,157,158,159,161,162,163,164,165
0262_00481	16,19,22,50,53,57,66,72,76,82,89,90,91,96,98,99,105,108,109,112,115,116,120,123,126,127,128,129,131,132,136,137,138,139,140,141,143,145,146,149,150,152,153,154,155,157,159,160,163,164,165
0262_00482	72,75,85,86,91,93,98,100,105,111,113,115,116,121,122,125,126,127,128,129,137,139,140,141,143,144,145,146,147,148,149,150,152,153,156,157,158,159,160,161,162,163,164,165
0262_00483	26,50,54,57,66,72,76,82,83,85,86,89,90,91,95,96,97,99,100,101,104,105,109,111,112,115,116,120,121,122,123,127,128,129,131,132,136,137,138,139,140,143,146,147,148,149,150,152,153,154,155,156,157,158,159,160,161,164,165
0262_00484	50,57,65,76,79,83,85,86,89,90,91,93,96,97,98,99,100,105,108,111,116,120,121,122,123,126,128,129,137,138,142,144,145,146,147,148,149,151,152,153,154,156,157,158,159,160,161,162,163,164,165
0262_00485	65,66,72,79,83,85,86,91,92,93,95,96,98,100,104,105,108,110,111,112,114,116,117,118,120,121,122,123,126,127,128,129,132,137,138,139,142,143,144,145,146,147,148,149,152,153,154,155,156,157,158,159,160,161,162,163,164,165
0262_00486	19,26,50,57,66,72,76,80,83,85,86,89,92,93,96,97,98,99,100,101,105,109,110,111,112,113,117,120,121,122,126,127,128,129,132,135,137,138,140,142,143,144,145,146,147,148,149,150,152,153,154,156,157,158,159,160,161,162,163,164,165
0262_00487	26,50,57,66,76,82,83,90,91,95,96,97,98,99,100,104,105,108,112,115,116,118,120,121,127,128,129,131,132,137,139,141,143,145,146,147,149,151,152,153,154,156,157,158,159,160,161,163,164,165
0262_00488	26,50,53,66,74,76,82,89,90,91,99,104,105,108,109,112,115,116,118,123,127,128,129,131,132,139,140,141,143,145,146,147,149,150,152,153,154,155,157,159,160,163,164,165
0262_00489	26,50,53,66,72,74,76,89,91,96,99,104,105,108,112,115,116,123,126,127,128,129,131,132,136,139,140,141,143,145,146,149,150,152,154,157,159,160,163,164,165
0262_00490	19,50,53,54,57,66,72,76,83,85,86,89,90,91,95,96,97,98,99,100,104,105,108,111,112,115,116,118,120,121,122,123,126,127,128,129,131,132,137,138,139,140,141,143,145,146,147,148,149,150,152,153,154,156,157,158,159,160,161,163,164,165
0262_00503	24,39,40,47,48,53,54,55,57,58,60,61,64,65,67,69,71,72,73,78,81,82,83,88,89,90,91,94,95,96,97,98,102,105,106,109,111,112,119,120,121,124,126,127,130,131,132,136,137,139,140,142,143,145,146,148,150,151,152,153,155,156,157,159,161,162,163,164,165
0262_00504	53,54,57,62,66,72,82,83,89,90,91,96,98,104,105,109,112,113,120,123,125,126,127,131,132,137,138,139,140,143,145,146,150,152,153,154,155,157,159,162,163,164,165
0262_00505	53,54,57,62,72,89,98,105,113,120,123,125,126,127,131,137,139,140,143,144,145,146,149,150,152,154,157,159,160,162,163,164,165
0262_00507	53,54,57,62,72,82,89,90,91,98,105,109,113,120,123,125,126,127,131,132,137,139,140,143,144,145,146,150,152,153,154,155,157,159,162,163,164,165
0262_00511	53,54,57,62,72,82,89,90,91,98,105,109,113,120,123,125,126,127,131,132,137,139,140,143,144,145,146,150,152,153,154,155,157,159,162,163,164,165
0262_00566	29,48,74,76,85,86,89,92,93,97,99,102,106,110,112,117,122,124,126,130,136,140,141,146,148,149,152,154,156,157,158,159,160,161,164
0262_00569	29,48,76,89,92,93,97,99,102,106,110,112,117,124,126,130,136,140,141,146,148,149,151,152,154,156,157,158,159,160,161,164
0262_00575	23,24,33,47,58,67,71,77,78,79,81,86,88,93,94,95,97,100,102,106,108,109,110,111,114,117,119,122,123,124,126,128,129,130,132,136,138,140,141,142,146,147,148,149,153,154,155,156,157,158,159,160,161,162,163,164,165
0262_00576	23,24,51,60,61,66,67,71,73,74,78,79,81,88,93,94,95,97,102,106,110,112,117,119,123,124,126,130,136,141,142,146,148,149,151,154,156,157,158,159,160,161,164
0262_00578	23,24,71,78,79,81,88,93,94,95,102,106,110,117,119,123,124,126,141,142,149,151,154,156,157,158,159,160,161,164
0262_00586	23,28,37,42,52,57,66,72,75,77,78,79,85,87,89,93,94,95,96,97,98,100,103,105,106,107,108,109,110,111,112,113,117,119,120,121,122,123,124,125,126,127,129,132,133,134,135,136,137,140,142,143,144,145,146,148,149,152,153,154,156,157,158,159,160,161,162,163,164,165
0262_00618	23,54,74,79,92,95,106,110,117,123,126,131,136,141,142,146,149,151,152,154,156,157,158,159,160,161,162,163,164,165
0262_00621	41,50,65,76,77,80,89,92,93,97,98,99,110,113,117,120,121,123,125,126,127,137,140,142,143,144,145,146,149,150,152,154,156,157,159,160,161,162,163,164,165
0262_00625	23,72,82,92,95,100,106,108,110,114,117,123,126,131,133,135,136,142,146,149,151,152,153,154,155,156,157,158,159,160,161,162,163,164,165
0262_00629	24,37,41,43,71,77,78,79,80,82,89,90,92,93,94,95,97,100,102,106,110,114,117,119,124,126,131,136,142,146,149,151,153,154,155,156,157,158,159,160,161,164
0262_00632	24,25,43,49,52,57,63,69,70,71,77,78,79,82,83,86,90,91,93,94,96,97,100,102,106,108,109,117,119,122,124,128,129,130,131,132,137,138,142,146,147,148,151,153,155,156,157,158,159,160,161,164,165
0262_00633	26,50,53,57,66,72,76,83,89,90,91,92,93,95,96,98,99,105,108,109,110,112,114,115,116,117,120,123,126,127,128,131,132,133,136,137,139,140,141,143,145,146,149,150,151,152,153,154,155,156,157,158,159,160,161,163,164,165
0262_00636	24,52,65,66,71,74,75,78,80,83,92,93,94,95,96,97,102,109,110,111,112,113,117,119,120,121,122,123,124,125,126,127,130,137,140,141,142,143,144,145,146,148,149,150,152,153,154,155,156,157,158,159,160,161,162,163,164,165
0262_00639	24,42,57,65,71,72,77,78,79,80,87,89,92,93,94,95,97,98,102,103,107,109,110,111,113,117,119,120,121,124,125,126,127,130,132,134,137,138,140,142,143,144,145,146,147,150,152,153,156,157,159,160,161,162,163,164,165
0262_00643	26,50,53,57,66,72,74,76,83,89,90,91,93,96,98,99,105,108,109,112,115,116,120,123,126,127,128,129,131,132,137,139,140,141,143,145,146,147,149,150,152,153,154,157,159,160,163,164,165
0262_00644	24,71,78,89,93,94,95,102,108,109,113,119,123,124,125,126,127,140,141,143,144,145,146,149,150,152,153,154,155,156,157,159,160,161,162,163,164,165
0262_00649	24,26,50,53,57,66,71,72,74,76,78,83,89,90,91,93,94,96,97,98,99,102,105,108,109,111,112,115,116,119,120,123,124,126,127,128,129,131,132,133,137,139,140,141,143,145,146,149,150,152,153,154,156,157,159,160,161,163,164,165
0262_00656	37,52,65,69,75,77,78,79,80,90,94,95,98,100,106,110,111,115,117,119,120,121,122,124,127,130,133,137,142,143,145,148,150,151,153,154,156,158,160,161,162,163,164,165
0262_00661	34,50,57,72,76,83,89,93,96,98,99,105,109,113,116,120,125,126,127,132,137,140,141,143,144,145,146,149,150,152,153,154,157,159,160,162,163,164,165
0262_00668	24,42,71,78,89,93,94,95,102,106,107,108,109,111,112,119,123,124,125,126,130,134,140,141,142,144,145,146,149,150,153,154,155,156,157,159,160,161,162,163,164,165
0262_00671	37,41,42,43,52,69,77,78,79,90,94,95,106,107,110,111,112,113,117,119,124,125,126,127,131,133,134,135,142,143,145,151,152,154,155,156,157,158,159,161,162,163,164,165
0262_00672	24,71,78,79,89,92,93,94,95,97,102,108,109,110,113,117,119,124,125,126,127,141,142,143,144,145,146,149,150,151,152,153,154,155,156,157,158,159,160,161,162,163,164,165
0262_00678	24,50,71,76,78,81,88,89,91,94,97,99,102,103,104,108,109,111,114,115,116,119,124,126,127,128,129,132,134,138,139,141,143,146,149,150,152,153,154,155,156,157,159,160,161,163,164,165
0262_00683	47,52,62,64,66,69,75,77,78,79,80,81,83,88,92,93,94,95,96,97,106,110,112,117,119,120,121,122,124,125,127,133,135,137,142,143,145,148,149,150,151,154,156,158,160,161,162,163,164,165
0262_00707	45,52,65,66,74,75,76,77,79,80,83,87,94,95,96,97,99,103,107,112,120,121,122,124,134,137,139,141,142,144,148,149,150,152,156,157,158,160,161,162,163,164,165
0262_00708	16,22,42,52,57,62,65,66,75,77,79,80,83,87,94,95,96,97,100,103,107,111,112,120,121,122,124,125,132,134,137,142,144,145,148,150,152,153,155,156,157,158,161,162,163,164,165
0262_00728	38,42,65,75,77,78,79,80,83,85,86,87,95,96,103,106,107,108,109,111,112,114,115,119,120,121,122,126,129,132,133,134,135,137,138,142,144,147,148,150,153,155,156,157,158,160,161,162,163,164,165
0262_00729	50,52,65,66,74,75,76,77,79,80,83,87,90,91,94,95,96,97,99,100,103,104,107,108,111,112,115,116,120,121,122,124,127,128,129,132,134,137,139,142,143,147,148,149,150,152,153,155,156,157,158,160,161,162,163,164,165
0262_00734	26,50,57,72,74,76,85,86,89,93,95,96,98,99,105,108,111,114,116,118,120,122,123,126,127,128,129,132,133,136,137,140,141,143,145,146,147,148,149,150,152,154,155,156,157,158,159,160,161,163,164,165
0262_00735	26,50,57,72,74,76,85,86,89,93,95,96,98,99,105,108,111,114,116,118,120,122,123,126,127,128,129,132,133,136,137,140,141,143,145,146,147,148,149,150,152,154,155,156,157,158,159,160,161,163,164,165
0262_00739	26,50,57,72,74,76,85,86,89,93,95,96,98,99,105,108,109,111,114,116,118,120,122,123,126,127,128,129,132,133,136,137,140,141,143,145,146,147,148,149,150,152,153,154,155,156,157,158,159,160,161,163,164,165
0262_00784	29,48,74,76,85,86,89,92,93,97,99,102,106,110,112,117,122,124,126,130,136,140,141,146,148,149,152,154,156,157,158,159,160,161,164
0262_00794	29,48,76,89,92,93,97,99,102,106,110,112,117,124,126,130,136,140,141,146,148,149,151,152,154,156,157,158,159,160,161,164
0262_00810	74,77,78,85,86,87,93,103,107,119,122,133,134,135,141,142,144,148,149,150,156,158,160,161,162,163,165
0262_00818	24,65,71,78,87,93,94,98,102,103,107,108,111,119,121,124,125,126,134,137,142,144,145,150,155,156,157,160,161,162,163,164,165
0262_00820	23,24,66,71,74,78,79,81,88,93,94,95,102,106,110,112,117,119,123,124,126,141,142,149,151,154,156,157,158,159,160,161,164
0262_00821	41,50,65,76,77,80,89,92,93,97,98,99,110,113,117,120,121,123,125,126,127,137,140,142,143,144,145,146,149,150,152,154,156,157,159,160,161,162,163,164,165
0262_00832	24,29,41,48,67,71,73,78,79,81,88,94,95,97,102,106,109,112,114,119,124,126,128,130,138,142,146,148,149,153,155,156,157,159,160,161,162,163,164,165
0262_00836	50,57,72,75,76,85,86,87,92,93,95,98,99,100,103,107,109,110,111,113,117,118,120,121,122,125,126,127,129,132,134,137,138,140,143,144,145,146,147,148,149,150,152,153,154,156,157,158,159,160,161,162,163,164,165
0262_00859	17,26,50,66,76,96,99,105,108,112,115,116,118,123,126,127,128,129,132,136,143,145,146,147,149,150,152,154,157,159,160,163,164,165
0262_00864	36,81,83,85,86,88,92,93,95,96,103,108,109,110,111,115,117,122,126,128,132,133,134,135,137,138,141,144,148,149,150,153,154,155,156,157,158,159,160,161,162,164,165
0262_00868	29,48,50,67,73,76,81,88,89,93,99,102,106,112,123,124,126,130,140,141,146,148,149,154,157,159,160,164
0262_00873	23,28,37,42,52,57,66,72,75,77,78,79,85,87,89,93,94,95,96,97,98,100,103,105,106,107,108,109,110,111,112,113,117,119,120,121,122,123,124,125,126,127,129,132,133,134,135,136,137,140,142,143,144,145,146,148,149,152,153,154,156,157,158,159,160,161,162,163,164,165
0262_00882	24,42,71,78,89,93,94,95,102,106,107,108,109,111,112,119,123,124,125,126,130,134,140,141,142,144,145,146,149,150,153,154,155,156,157,159,160,161,162,163,164,165
0262_00886	45,52,65,66,74,75,76,77,79,80,83,87,94,95,96,97,99,103,107,112,120,121,122,124,134,137,139,141,142,144,148,149,150,152,156,157,158,160,161,162,163,164,165
0262_00892	36,37,47,62,75,77,81,83,85,87,88,89,90,91,96,97,103,104,106,107,110,111,117,118,120,121,122,127,129,133,134,136,137,142,143,145,147,148,150,151,154,156,158,159,160,161,162,163,164,165
0262_00906	34,50,57,72,76,83,89,93,96,98,99,105,109,113,116,120,125,126,127,132,137,140,141,143,144,145,146,149,150,152,153,154,157,159,160,162,163,164,165
0262_00909	24,25,28,36,47,49,52,57,63,65,70,71,75,77,78,79,80,81,83,85,86,87,88,93,94,96,97,98,100,102,103,106,107,108,109,110,115,117,119,120,121,122,124,128,130,133,134,137,138,142,146,148,150,153,155,156,157,158,159,160,161,162,163,164,165
0262_00942	24,71,78,79,89,92,93,94,95,97,102,108,109,110,113,117,119,124,125,126,127,141,142,143,144,145,146,149,150,151,152,153,154,155,156,157,158,159,160,161,162,163,164,165
0262_00951	26,50,66,76,90,91,96,99,104,105,108,112,115,116,118,127,128,129,132,139,143,145,147,149,150,152,154,157,159,160,163,164,165
0262_00962	26,50,53,66,72,76,82,89,90,91,96,99,104,105,108,109,112,115,116,118,127,128,129,131,132,136,139,140,143,145,146,147,149,150,152,153,154,155,157,159,160,163,164,165
0262_00969	21,24,38,43,45,49,56,57,63,70,71,74,76,77,79,82,83,85,86,88,90,91,93,94,95,96,97,99,100,102,104,108,111,115,119,122,124,128,129,130,131,132,137,138,141,142,146,147,148,149,151,152,153,155,156,158,159,160,161,162,164,165
0262_00978	85,92,99,100,108,110,114,117,122,133,135,141,144,148,149,150,153,154,155,156,158,160,161,162,163,164,165
0262_00981	19,37,54,72,75,77,84,85,97,105,106,110,117,121,122,125,127,131,135,137,139,142,143,144,145,146,148,150,151,152,154,156,157,158,159,161,162,163,164,165
0262_00985	42,50,65,76,89,92,93,98,99,106,107,109,110,112,113,117,121,123,125,126,127,134,137,140,143,144,145,146,149,150,153,154,155,156,157,159,160,161,162,163,164,165
0262_00998	62,66,74,85,86,90,91,93,97,100,104,108,112,113,115,118,122,126,127,128,129,132,139,141,143,145,147,148,149,150,152,153,155,157,158,159,160,161,162,163,164,165
0262_01000	57,66,72,75,83,85,86,91,93,96,98,99,100,101,105,111,112,113,115,116,120,121,122,126,127,128,129,137,139,143,144,145,146,147,148,149,152,153,156,157,158,159,160,161,162,163,164,165
0262_01003	36,38,50,65,75,76,77,79,81,83,85,88,90,96,99,100,111,114,115,116,118,120,121,122,123,128,129,131,136,137,139,140,142,144,146,147,148,150,153,154,155,156,157,158,159,160,161,162,163,164,165
0262_01013	29,47,67,69,73,74,76,81,82,88,89,93,94,99,100,102,106,108,112,114,117,123,124,126,130,140,141,146,148,149,151,152,153,154,155,156,157,158,159,160,161,164
0262_01033	23,36,42,47,54,65,74,79,81,83,87,88,92,95,96,105,106,107,110,117,120,121,123,126,131,134,136,137,141,142,146,149,151,152,154,156,157,158,159,160,161,162,163,164,165
0262_01035	22,24,38,42,71,77,78,87,91,92,94,95,97,102,104,106,107,109,110,111,112,117,119,124,125,126,132,134,142,144,145,150,151,153,154,155,156,157,158,159,161,162,163,164,165
0262_01036	24,42,57,65,71,72,77,78,79,80,87,89,92,93,94,95,97,98,102,103,107,109,110,111,113,117,119,120,121,124,125,126,127,130,132,134,137,138,140,142,143,144,145,146,147,150,152,153,156,157,159,160,161,162,163,164,165
0262_01038	50,52,65,66,74,75,76,77,79,80,83,87,90,91,94,95,96,97,99,100,103,104,107,108,111,112,115,116,120,121,122,124,127,128,129,132,134,137,139,142,143,147,148,149,150,152,153,155,156,157,158,160,161,162,163,164,165
0262_01047	57,66,72,75,83,85,86,90,91,93,96,98,100,101,104,105,108,111,112,113,115,116,118,120,121,122,126,127,128,129,132,137,139,143,144,145,146,147,148,149,152,153,156,157,158,159,160,161,162,163,164,165
0262_01066	24,50,57,62,71,76,78,86,89,91,94,97,98,99,102,103,104,109,111,114,118,119,124,126,127,128,129,132,134,137,138,139,140,143,145,146,147,150,152,153,154,155,156,157,159,160,161,163,164,165
0262_01067	24,50,57,62,71,76,78,86,89,91,94,97,98,99,102,103,104,109,111,114,118,119,124,126,127,128,129,132,134,137,138,139,140,143,145,146,147,150,152,153,154,155,156,157,159,160,161,163,164,165
0262_01077	57,62,66,72,83,89,90,91,96,98,99,104,105,108,112,114,115,116,118,120,123,127,128,129,131,132,136,137,139,140,141,143,145,146,147,149,150,152,154,155,157,159,160,163,164,165
0262_01079	23,72,82,92,95,100,106,108,110,114,117,123,126,131,133,135,136,142,146,149,151,152,153,154,155,156,157,158,159,160,161,162,163,164,165
0262_01084	53,54,57,66,72,74,79,80,82,84,87,89,90,91,92,93,95,97,98,103,104,105,107,108,109,110,111,112,113,115,116,117,120,121,123,125,126,127,131,132,133,134,136,137,139,140,141,142,143,144,145,146,149,150,151,152,153,154,155,156,157,158,159,160,161,162,163,164,165
0262_01086	23,24,71,78,79,81,88,93,94,95,102,106,110,117,119,123,124,126,141,142,149,151,154,156,157,158,159,160,161,164
0262_01088	50,54,57,66,72,74,76,85,86,89,90,93,95,97,98,99,104,108,109,112,114,115,116,120,122,123,126,127,128,129,131,132,133,136,137,139,140,141,143,145,146,148,149,150,152,153,154,155,156,157,158,159,160,161,163,164,165
0262_01090	38,50,53,54,57,65,72,76,77,79,80,83,85,89,92,93,95,96,97,98,99,105,110,112,113,117,120,121,122,123,125,126,127,131,135,136,137,139,140,141,142,143,144,145,146,148,149,150,151,152,154,156,157,158,159,160,161,162,163,164,165
0262_01091	26,50,57,72,74,76,85,86,89,93,95,96,98,99,105,108,111,114,116,118,120,122,123,126,127,128,129,132,133,136,137,140,141,143,145,146,147,148,149,150,152,154,155,156,157,158,159,160,161,163,164,165
0262_01092	26,50,53,57,66,72,76,83,89,90,91,93,95,96,98,99,105,108,109,112,114,115,116,120,123,126,127,128,131,132,133,137,139,140,141,143,145,146,149,150,151,152,153,154,155,156,157,158,159,160,161,163,164,165
0262_01093	26,50,53,57,66,72,76,83,89,90,91,93,96,98,99,105,108,109,112,114,115,116,120,123,126,127,128,131,132,137,139,140,141,143,145,146,149,150,152,153,154,155,157,159,160,163,164,165
0262_01094	54,57,62,66,72,82,83,89,90,91,93,96,98,104,105,108,109,112,115,116,118,120,123,126,127,128,129,131,132,137,139,140,141,143,145,146,147,149,150,152,153,154,155,157,159,160,163,164,165
0262_01095	26,50,53,57,66,72,76,83,89,90,91,93,96,98,99,105,108,109,112,114,115,116,120,123,126,127,128,129,131,132,137,139,140,141,143,145,146,147,149,150,152,153,154,155,157,159,160,163,164,165
0262_01135	27,53,54,72,82,87,89,90,92,95,104,107,109,110,111,117,131,133,134,135,136,138,139,140,142,144,146,150,151,152,153,154,155,156,157,158,159,160,161,162,163,164,165
0262_01139	50,57,76,83,89,90,91,93,96,99,104,105,108,109,113,115,116,123,126,127,128,129,131,132,136,137,139,140,141,143,144,146,147,149,150,152,153,154,155,157,159,160,162,163,164,165
0262_01141	53,54,57,64,72,75,79,81,83,85,86,88,89,90,91,92,93,95,96,97,98,100,108,110,111,114,115,116,117,120,121,122,127,129,131,137,139,140,141,142,143,146,147,148,149,150,151,152,153,154,155,156,157,158,159,160,161,163,164,165
0262_01171	24,37,49,52,56,57,63,70,71,72,75,77,78,79,80,83,89,90,92,94,95,96,97,100,102,104,106,110,111,117,119,120,121,122,124,127,130,132,133,135,136,137,140,142,143,146,148,150,151,152,153,154,156,158,159,161,162,164,165
0262_01189	39,40,48,51,55,58,60,61,67,69,73,85,88,89,92,95,97,102,104,106,108,110,111,112,114,117,122,123,124,130,131,132,133,135,136,139,140,141,144,146,148,149,150,153,154,155,156,157,158,159,160,161,162,163,164,165
0262_01204	54,57,66,72,74,85,86,89,90,91,93,95,97,98,104,108,111,112,114,115,116,120,122,123,126,127,131,132,133,136,137,139,140,141,143,145,146,148,149,150,152,154,155,156,157,158,159,160,161,163,164,165
0262_01225	24,42,71,78,89,93,94,95,102,106,107,108,109,111,112,119,123,124,125,126,130,134,140,141,142,144,145,146,149,150,153,154,155,156,157,159,160,161,162,163,164,165
0262_01245	24,25,49,52,63,65,70,71,75,77,78,79,80,82,83,85,86,87,90,91,94,96,97,98,100,102,103,104,106,107,111,117,119,120,121,122,124,128,129,130,133,134,137,138,142,147,148,150,151,153,155,156,158,159,161,162,163,164,165
0262_01259	57,66,74,75,85,86,95,98,100,108,112,115,120,121,122,128,132,137,138,141,145,148,149,152,153,155,157,158,160,161,162,163,164,165
0262_01281	93,99,108,109,113,114,115,116,118,123,126,127,128,129,141,143,146,147,149,152,153,154,155,157,159,160,162,163,164,165
0262_01290	17,26,50,66,76,90,91,96,99,104,105,108,112,115,116,118,127,128,129,132,139,143,145,147,150,152,154,157,159,160,163,164,165
0262_01291	26,50,66,76,96,99,105,108,112,115,116,118,127,128,129,132,136,141,143,145,147,149,150,152,154,159,160,163,164,165
0262_01292	17,24,26,50,66,69,71,76,78,90,91,94,96,99,102,105,108,111,112,114,116,118,119,123,124,126,127,128,129,132,133,139,143,145,146,147,149,150,152,154,155,156,157,159,160,161,163,164,165
0262_01309	24,28,54,57,66,71,72,74,78,85,86,89,90,91,93,94,95,97,98,102,104,108,109,111,112,114,115,116,119,120,122,123,124,126,127,129,131,132,133,137,138,139,140,141,142,143,145,146,147,148,149,150,152,153,154,155,156,157,158,159,160,161,163,164,165
0262_01310	21,24,38,43,45,49,56,57,63,70,71,74,76,77,79,82,83,85,86,88,90,91,93,94,95,96,97,99,100,102,104,108,111,115,119,122,124,128,129,130,131,132,137,138,141,142,146,147,148,149,151,152,153,155,156,158,159,160,161,162,164,165
0262_01314	26,50,53,66,72,76,82,89,90,91,96,99,104,105,108,109,112,115,116,118,127,128,129,131,132,136,139,140,143,145,146,147,149,150,152,153,154,155,157,159,160,163,164,165
0262_01315	26,42,50,53,66,72,76,82,87,89,90,91,96,99,104,105,107,108,109,112,115,116,127,128,129,131,132,134,136,139,140,141,143,145,146,147,149,150,152,153,154,155,157,159,160,163,164,165
0262_01320	26,50,53,66,72,76,82,89,90,91,96,99,104,105,108,109,112,115,116,118,127,128,129,131,132,136,139,140,143,145,146,147,149,150,152,153,154,155,157,159,160,163,164,165
0262_01322	36,41,47,65,75,77,78,80,81,83,85,86,87,88,96,98,100,103,106,107,111,119,120,121,122,128,129,133,134,137,138,142,147,148,150,153,155,156,158,161,162,163,165
0262_01337	57,62,65,72,75,77,79,83,85,86,87,89,92,95,96,98,100,103,107,108,109,110,111,112,113,116,117,118,120,121,122,123,125,126,127,128,129,132,133,134,135,137,138,140,142,143,144,145,146,147,148,150,152,153,154,155,156,157,158,159,160,161,162,163,164,165
0262_01356	62,66,74,85,86,90,91,93,97,100,104,108,112,113,115,118,122,126,127,128,129,132,139,141,143,145,147,148,149,150,152,153,155,157,158,159,160,161,162,163,164,165
0262_01357	50,57,76,83,89,90,91,93,96,99,104,105,108,109,113,115,116,123,126,127,128,129,131,132,136,137,139,140,141,143,144,146,147,149,150,152,153,154,155,157,159,160,162,163,164,165
0262_01359	25,38,53,54,65,77,79,80,84,85,86,90,91,92,93,95,98,100,104,105,106,110,111,115,117,120,121,122,123,125,131,132,133,135,136,137,139,140,142,145,146,147,148,151,153,154,155,156,157,158,159,160,161,162,163,164,165
0262_01360	25,38,53,54,65,77,79,80,84,85,86,90,91,92,93,95,97,98,100,104,105,106,110,111,113,115,117,120,121,122,123,125,127,131,132,133,135,136,137,139,140,142,143,144,145,146,147,148,150,151,153,154,155,156,157,158,159,160,161,162,163,164,165
0262_01362	62,65,75,80,83,85,92,93,96,98,108,110,111,116,117,120,121,122,127,132,137,142,143,147,148,150,154,156,158,160,161,162,163,164,165
0262_01364	53,54,57,64,72,75,79,81,83,85,86,88,89,90,91,92,93,95,96,97,98,100,108,110,111,114,115,116,117,120,121,122,127,129,131,137,139,140,141,142,143,146,147,148,149,150,151,152,153,154,155,156,157,158,159,160,161,163,164,165
0262_01367	85,92,99,100,108,110,114,117,122,133,135,141,144,148,149,150,153,154,155,156,158,160,161,162,163,164,165
0262_01382	26,50,66,76,90,91,96,99,104,105,108,112,115,116,118,127,128,129,132,139,143,145,147,149,150,152,154,157,159,160,163,164,165
0262_01385	26,50,57,66,76,83,96,99,105,108,112,115,116,118,123,127,128,129,132,136,137,143,145,146,147,149,152,154,157,159,160,163,164,165
0262_01386	26,50,66,76,96,99,105,108,112,115,116,118,127,128,129,132,136,143,145,147,149,150,152,154,159,160,163,164,165
0262_01391	66,74,90,91,92,96,98,99,104,105,108,110,111,112,115,116,117,118,121,127,128,129,131,136,137,141,142,143,145,147,149,150,151,154,156,158,159,160,161,163,164,165
0262_01416	62,87,90,93,103,104,105,107,108,111,116,125,133,134,144,145,147,150,151,156,158,160,161,162,163,165
0262_01445	27,49,87,95,104,107,111,113,123,125,126,127,131,134,139,140,143,144,145,146,150,151,152,154,155,156,157,158,159,161,162,163,164,165
0262_01455	8,11,19,36,47,54,66,74,79,81,83,84,85,88,92,95,96,97,105,110,112,113,117,120,121,122,123,127,131,133,136,137,139,140,142,143,146,148,149,150,151,152,154,156,157,158,159,160,161,162,163,164,165
0262_01456	26,42,50,66,72,76,87,90,91,96,99,103,104,105,107,108,112,115,116,127,128,129,131,132,134,136,139,140,141,143,145,146,147,149,150,152,153,154,155,157,159,160,163,164,165
0262_01457	26,42,50,53,66,72,76,82,87,89,90,91,96,99,104,105,107,108,109,112,115,116,127,128,129,131,132,134,136,139,140,141,143,145,146,149,150,152,153,154,155,157,159,160,163,164,165
0262_01458	17,66,74,85,86,93,99,100,105,112,115,122,125,138,141,145,148,149,153,155,158,160,161,162,163,165
0262_01462	85,92,93,95,108,110,111,117,122,123,125,126,132,133,135,136,141,144,145,146,148,149,150,154,155,156,157,158,159,160,161,162,163,164,165
0262_01463	26,42,50,53,54,66,72,76,82,87,89,90,91,96,99,104,105,107,108,109,112,115,116,127,128,129,131,132,134,136,139,140,143,145,146,147,149,150,152,153,154,155,157,159,160,163,164,165
0262_01464	50,74,76,85,86,93,95,99,100,109,111,113,114,115,116,122,125,126,127,132,138,141,143,145,147,148,149,152,153,155,157,158,160,161,162,163,164,165
0262_01468	26,34,50,66,76,96,99,105,108,112,115,116,118,127,128,129,132,136,143,145,147,149,150,152,154,159,160,163,164,165
0262_01470	26,50,66,72,76,90,91,96,99,104,105,108,112,115,116,118,127,128,129,132,136,139,141,143,145,146,147,149,150,152,154,157,159,160,163,164,165
0262_01471	17,26,50,66,76,90,91,96,99,105,108,112,114,116,118,127,128,129,132,139,143,145,147,150,152,154,155,157,159,160,163,164,165
0262_01472	19,22,26,50,57,66,76,83,96,99,105,108,112,115,116,118,123,127,128,129,132,136,137,143,145,146,147,149,152,154,157,159,160,163,164,165
0262_01473	26,50,53,66,72,76,82,89,90,91,96,99,104,105,108,109,112,115,116,118,127,128,129,131,132,136,139,140,143,145,146,147,149,150,152,153,154,155,157,159,160,163,164,165
0262_01474	26,42,50,53,66,72,76,82,87,89,90,91,96,99,104,105,107,108,109,112,115,116,127,128,129,131,132,134,136,139,140,141,143,145,146,147,149,150,152,153,154,155,157,159,160,163,164,165
0262_01475	26,50,53,66,72,76,82,89,90,91,96,99,104,105,108,109,112,115,116,118,127,128,129,131,132,136,139,140,143,145,146,147,149,150,152,153,154,155,157,159,160,163,164,165
0262_01476	26,50,57,66,72,76,82,83,89,91,96,99,101,104,105,108,109,112,114,115,116,118,120,123,127,128,129,131,132,136,137,139,140,141,143,145,146,147,149,150,152,153,154,155,157,159,160,163,164,165
0262_01479	75,79,83,85,90,91,92,95,96,100,104,108,109,110,111,114,117,118,121,122,123,126,128,131,136,137,138,139,140,142,146,147,148,149,150,151,153,154,155,156,157,158,159,160,161,162,163,164,165
0262_01480	19,22,26,50,66,72,76,87,90,91,96,99,103,104,105,107,108,112,115,116,118,127,128,129,132,134,136,139,141,143,145,146,147,149,150,152,154,157,159,160,163,164,165
0262_01481	26,42,50,66,72,76,87,90,91,96,99,104,105,107,108,112,115,116,127,128,129,131,132,134,136,139,140,141,143,145,146,147,149,150,152,154,157,159,160,163,164,165
0262_01482	26,42,50,57,66,72,74,76,82,83,87,89,91,96,99,101,104,105,107,108,109,112,115,116,120,123,127,128,129,131,132,134,136,137,139,140,141,143,145,146,149,150,152,153,154,155,157,159,160,163,164,165
0262_01485	26,42,50,66,72,76,82,87,91,96,99,104,105,107,108,109,112,115,116,127,128,129,131,132,134,136,139,140,141,143,145,146,147,149,150,152,153,154,155,157,159,160,163,164,165
0262_01486	26,50,66,76,90,91,96,99,104,105,108,112,116,118,127,128,129,132,139,143,145,147,150,152,154,157,159,160,163,164,165
0262_01488	26,42,50,57,66,72,76,83,87,89,91,96,99,101,104,105,107,108,109,112,115,116,118,120,123,126,127,128,129,132,134,136,137,139,140,141,143,145,146,147,149,150,152,153,154,155,157,159,160,163,164,165
0262_01497	42,50,65,76,89,92,93,98,99,106,107,109,110,112,113,117,121,123,125,126,127,134,137,140,143,144,145,146,149,150,153,154,155,156,157,159,160,161,162,163,164,165
0262_01499	26,50,66,72,76,89,90,91,96,99,104,105,108,109,112,115,116,118,123,126,127,128,129,131,132,136,139,140,141,143,145,146,147,149,150,152,153,154,155,157,159,160,163,164,165
0262_01511	24,42,57,65,71,72,77,78,79,80,87,89,92,93,94,95,97,98,102,103,107,109,110,111,113,117,119,120,121,124,125,126,127,130,132,134,137,138,140,142,143,144,145,146,147,150,152,153,156,157,159,160,161,162,163,164,165
0262_01517	36,37,47,65,75,77,78,80,81,83,84,85,86,87,88,96,97,98,100,103,106,107,110,111,117,119,120,121,122,128,129,133,134,137,138,142,147,148,150,151,153,154,155,156,158,161,162,163,164,165
0262_01518	24,25,28,36,47,49,52,57,63,65,70,71,75,77,78,79,80,81,83,85,86,87,88,93,94,96,97,98,100,102,103,106,107,108,109,110,115,117,119,120,121,122,124,128,130,133,134,137,138,142,146,148,150,153,155,156,157,158,159,160,161,162,163,164,165
0262_01521	24,37,49,52,56,57,63,70,71,72,75,77,78,79,80,83,89,90,92,94,95,96,97,100,102,104,106,110,111,117,119,120,121,122,124,127,130,132,133,135,136,137,140,142,143,146,148,150,151,152,153,154,156,158,159,161,162,164,165
0262_01523	8,11,57,74,89,95,104,108,110,111,114,115,116,117,118,123,126,127,128,129,132,136,137,140,141,143,146,147,149,150,151,152,154,155,156,157,158,159,160,161,164,165
0262_01537	26,50,66,72,76,96,99,105,108,112,115,116,118,123,126,127,128,129,132,136,140,141,143,145,146,147,149,150,152,154,157,159,160,163,164,165
0262_01538	26,50,66,72,76,96,99,105,108,112,115,116,118,123,126,127,128,129,132,136,140,141,143,145,146,147,149,150,152,154,157,159,160,163,164,165
0262_01552	24,42,71,78,89,93,94,95,102,106,107,108,109,111,112,119,123,124,125,126,130,134,139,140,142,144,145,146,149,150,153,154,155,156,157,159,160,161,162,163,164,165
0262_01561	24,71,78,79,89,92,93,94,95,97,102,108,109,110,113,117,119,124,125,126,127,141,142,143,144,145,146,149,150,151,152,153,154,155,156,157,158,159,160,161,162,163,164,165
0262_01565	23,28,37,42,52,57,66,72,75,77,78,79,85,87,89,93,94,95,96,97,98,100,103,105,106,107,108,109,110,111,112,113,117,119,120,121,122,123,124,125,126,127,129,132,133,134,135,136,137,140,142,143,144,145,146,148,149,152,153,154,156,157,158,159,160,161,162,163,164,165
0262_01568	26,50,66,76,90,91,96,99,104,105,108,112,115,116,118,127,128,129,132,139,141,143,145,147,149,150,152,154,157,159,160,163,164,165
0262_01569	26,50,57,66,72,74,76,82,83,89,91,96,99,101,104,105,108,109,112,115,116,120,123,127,128,129,131,132,136,137,139,140,141,143,145,146,147,149,150,152,153,154,155,157,159,160,163,164,165
0262_01570	26,28,42,50,66,72,76,81,87,88,91,96,99,104,105,107,108,112,114,115,116,123,126,127,128,129,132,134,136,139,140,141,143,145,146,149,150,152,153,154,155,157,159,160,163,164,165
0262_01649	50,53,54,57,65,72,76,79,82,83,85,89,90,91,96,97,98,99,100,101,105,108,109,111,113,116,120,121,122,123,126,127,128,129,131,137,138,139,140,142,143,144,145,146,148,150,151,152,153,154,155,156,157,158,159,160,161,162,163,164,165
