id	bits.on
0050_00001	10,11,19,20,21,179,180,284,285,287,309,333,340,342,345,347,353,367,407,568,572,583,618,638,640,664,680,681,682,690,691,702,783,804,825
0050_00002	10,11,15,19,20,179,181,182,256,257,284,285,286,287,333,334,345,346,352,353,356,357,359,366,371,372,373,374,375,377,381,385,388,391,392,397,398,404,417,419,421,431,435,436,441,442,443,444,446,447,448,450,453,454,465,471,473,483,491,492,494,496,503,507,517,521,522,524,525,531,536,539,540,541,546,547,549,550,553,554,556,557,565,571,574,575,577,578,579,580,581,583,585,586,593,596,598,600,601,604,608,609,614,619,620,624,625,629,634,635,638,639,641,642,656,657,658,661,665,666,669,672,673,674,678,679,681,684,685,692,696,703,709,710
0050_00003	10,11,15,19,20,144,146,147,284,285,286,287,333,339,341,345,346,352,353,366,375,381,391,392,421,441,444,453,536,537,541,567,580,583,593,603,614,638,657,660,681,684,685,692,696,703
0050_00004	10,11,19,20,21,179,180,284,285,287,309,333,334,338,340,342,345,347,353,367,381,407,421,441,444,453,463,536,538,568,572,580,583,618,638,640,664,680,681,682,685,687,689,690,691,693,694,699,700,702,705,706,709,710,711,778,783,799,804,825
0050_00005	10,11,15,19,20,179,181,182,284,285,286,287,309,333,339,341,345,346,352,353,366,375,381,391,392,407,421,441,444,453,536,537,541,567,580,583,593,603,614,618,638,657,660,680,681,684,685,690,693
0050_00006	10,11,12,15,19,20,179,180,256,284,285,286,287,300,309,333,334,342,345,346,352,353,356,357,366,371,372,382,383,385,394,407,417,431,435,442,447,471,491,499,517,521,525,529,542,543,545,549,553,557,565,568,571,574,575,579,583,585,591,593,596,600,604,607,608,609,618,619,620,632,635,638,641,642,644,652,656,661,664,665,668,669,678,679,680,681,684,689,690,692,697,699,700,709,710,711,715,736,762,778,799,825
0050_00007	10,11,12,19,20,21,179,180,182,186,256,284,285,287,309,333,340,342,345,347,348,353,356,367,368,371,372,381,382,383,385,406,407,417,435,442,447,471,477,491,499,517,521,525,542,543,549,553,557,564,565,566,568,571,572,574,575,579,583,585,590,591,595,596,600,604,605,607,609,611,615,618,619,620,621,627,633,635,638,640,641,642,652,656,661,662,663,664,665,667,668,669,678,679,680,681,682,690,691,701,702,720,783
0050_00008	10,11,19,20,21,179,180,256,284,285,287,309,333,334,342,345,353,356,357,371,372,381,382,383,385,407,417,421,431,435,441,442,444,447,453,471,491,494,499,521,525,536,542,543,545,549,553,554,557,565,568,571,574,575,576,579,580,583,585,591,596,598,600,604,607,609,618,619,620,624,632,635,638,640,641,642,652,654,656,661,664,665,668,669,672,673,678,679,680,681,682,685,687,689,690,691,693,694,699,700,702,705,706,709,710,711,715,736,741,762,778,799,804,825
0050_00009	10,11,19,20,21,34,179,180,256,284,285,287,309,333,342,345,353,356,371,372,382,383,385,407,409,417,435,442,447,459,460,471,491,499,517,521,525,542,543,545,549,553,557,565,568,571,574,575,576,579,583,585,591,596,600,604,607,609,618,619,620,632,635,638,640,641,642,652,654,656,661,664,665,668,669,678,679,680,681,690,691,702,741,762,804,825
0050_00010	10,11,15,16,17,19,20,144,146,147,179,181,182,256,257,258,259,284,285,286,287,300,333,341,352,353,356,358,359,360,366,374,375,376,377,378,379,380,382,385,387,388,389,390,391,392,393,394,397,398,400,401,404,417,419,421,432,438,439,440,442,443,444,448,450,451,452,454,465,473,483,485,486,488,489,492,494,495,496,500,505,507,520,522,524,528,529,531,536,537,539,541,546,548,550,554,556,561,570,573,581,586,594,597,602,603,612,614,622,625,629,637,646,647,648,651,655,658,674,675
0050_00011	10,11,15,16,17,19,20,144,146,147,179,181,182,256,257,258,259,284,285,286,287,300,333,341,352,353,356,358,359,360,366,375,376,377,378,379,380,382,385,387,388,389,390,391,392,393,394,397,398,400,401,404,417,419,421,432,438,439,440,442,443,444,450,451,452,454,465,473,483,485,486,488,489,494,495,496,500,505,507,520,522,524,528,531,536,537,539,541,546,548,550,554,556,561,570,573,581,586,594,597,602,603,612,614,622,625,629,637,646,647,648,651,655,658,674,675
0050_00012	10,11,15,16,17,19,20,144,146,147,179,181,182,256,257,258,259,284,285,286,287,300,333,341,352,353,356,358,359,360,366,374,375,376,377,378,379,380,382,385,387,388,389,390,391,392,393,394,397,398,400,401,404,417,419,421,432,438,439,440,442,443,444,448,450,451,452,454,465,473,483,485,486,488,489,492,494,495,496,500,505,507,520,522,524,528,531,536,537,539,541,546,548,550,554,556,561,570,573,581,586,594,597,602,603,612,614,622,625,629,637,646,647,648,651,655,658,674,675
0050_00013	10,11,19,20,21,179,180,256,284,285,287,309,333,334,342,345,353,356,357,371,372,381,382,383,385,407,417,421,431,435,441,442,444,447,453,471,491,494,499,517,521,525,536,542,543,545,549,553,554,557,565,568,571,574,575,579,580,583,585,591,596,598,600,604,607,609,618,619,620,624,632,635,638,641,642,652,656,661,664,665,668,669,672,673,678,679,680,681,682,685,687,689,690,691,693,694,699,700,702,705,706,709,710,711,715,736,762,778,799,825
0050_00014	10,11,12,19,20,179,180,256,284,285,287,309,333,334,342,345,347,353,356,357,367,371,372,382,383,385,407,417,431,435,442,447,471,491,499,517,521,525,542,543,545,549,553,557,565,568,571,572,574,575,579,583,585,591,596,600,604,607,609,618,619,620,632,635,638,641,642,652,656,661,664,665,668,669,678,679,680,681,689,690,691,697,699,700,702,709,710,711,715,736,762,778,799,825
0050_00015	10,11,12,19,20,21,22,34,179,180,256,284,285,287,309,333,334,342,345,353,356,357,367,371,372,375,381,382,383,385,406,407,409,417,421,431,435,441,442,444,447,453,459,460,471,477,491,494,499,521,525,536,542,543,545,549,553,554,557,565,566,568,571,574,575,576,579,580,583,585,590,591,595,596,598,600,604,605,607,609,618,619,620,624,627,631,632,635,638,640,641,642,652,654,656,661,663,664,665,667,668,669,672,673,678,679,680,681,682,685,687,689,690,691,693,694,699,700,701,702,705,706,709,710,711,715,736,741,762,778,799,804,825
0050_00016	10,11,15,16,17,19,20,144,146,147,179,181,182,256,257,258,259,284,285,286,287,300,333,341,352,353,356,358,359,360,366,374,375,376,377,378,379,380,382,385,387,388,389,390,391,392,393,394,397,398,400,401,404,417,419,421,432,438,439,440,442,443,444,448,450,451,452,454,465,473,483,485,486,488,489,492,494,495,496,500,505,507,520,522,524,528,531,536,537,539,541,546,548,550,554,556,561,570,573,581,586,594,597,602,603,612,614,622,625,629,637,646,647,648,651,655,658,674,675
0050_00017	10,11,15,19,144,146,147,256,257,284,285,286,287,300,333,341,345,346,347,352,353,356,358,359,366,367,371,372,373,374,377,385,388,391,393,394,397,400,401,404,417,419,421,432,435,436,437,438,442,443,444,446,447,448,449,450,454,465,471,473,483,491,492,494,495,496,503,507,517,521,522,524,525,528,529,531,536,537,539,540,541,546,547,550,553,554,556,557,565,571,577,578,579,580,583,585,586,593,596,598,600,601,603,604,608,609,614,624,629,634,635,641,644,657,658,661,665,666,669,672,673,678,679,684,685,696
0050_00018	10,11,12,13,19,20,21,22,179,180,182,186,187,189,193,200,256,257,258,260,284,285,287,309,333,334,340,342,345,347,348,353,356,357,367,368,371,372,381,382,383,385,386,406,407,410,417,421,431,433,435,442,444,447,463,471,477,491,494,499,517,521,525,536,538,542,543,545,549,553,554,557,564,565,566,568,571,572,574,575,576,579,580,582,583,585,590,591,595,596,598,600,604,605,606,607,609,611,615,618,619,620,621,624,626,627,631,632,633,635,638,640,641,642,643,652,654,656,661,662,663,664,665,667,668,669,672,673,678,679,680,681,682,685,687,689,690,691,693,694,697,698,699,700,701,702,705,706,709,710,711,715,736,741,757,762,778,799,804,820,825
0050_00019	10,11,12,19,20,21,179,180,185,186,187,193,256,258,284,285,287,309,333,334,340,342,345,347,353,356,357,367,371,372,382,383,385,406,407,417,431,435,442,447,471,477,491,499,521,525,542,543,545,549,553,557,565,566,568,571,572,574,575,576,579,583,585,590,591,595,596,600,604,605,607,609,615,618,619,620,621,627,632,633,635,638,640,641,642,652,654,656,661,663,664,665,667,668,669,678,679,680,681,682,689,690,691,697,698,699,700,701,702,709,710,711,715,736,741,757,762,778,799,804,820,825
0050_00020	10,11,12,13,19,20,21,22,179,180,186,187,256,284,285,287,309,333,334,338,340,342,345,347,353,356,357,367,371,372,381,382,383,385,406,407,417,421,431,435,441,442,444,447,453,463,471,491,499,517,521,525,536,538,542,543,545,549,553,554,557,565,568,571,572,574,575,579,580,583,585,591,595,596,600,604,607,609,615,618,619,620,632,635,638,640,641,642,652,656,661,663,664,665,667,668,669,672,673,678,679,680,681,682,685,687,689,690,691,693,694,699,700,701,702,705,706,709,710,711,715,736,762,778,783,799,804,825
0050_00021	10,11,12,15,16,19,20,144,146,147,179,181,182,284,285,286,287,300,333,334,336,339,341,345,346,352,353,366,375,391,392,393,394,421,440,444,452,529,536,537,541,570,580,583,593,603,612,614,644,646,647,657,684,685,696,709
0050_00022	10,11,12,15,16,17,19,20,144,146,147,179,181,182,256,257,258,259,284,285,286,287,333,341,352,353,356,358,359,360,366,374,375,376,377,378,379,380,382,385,387,388,389,390,391,392,397,398,404,417,419,421,432,438,439,440,442,443,444,448,450,451,452,454,465,473,483,485,486,488,492,494,495,496,500,505,507,520,522,524,531,536,537,539,541,546,548,550,554,556,561,570,573,581,586,594,597,602,603,612,614,622,625,629,637,646,647,648,651,655,658,674,675
0050_00023	10,11,12,19,20,21,179,180,185,186,187,193,256,258,284,285,287,309,333,334,340,342,345,347,353,356,357,367,371,372,382,383,385,406,407,417,431,435,442,447,471,477,491,499,517,521,525,542,543,545,549,553,557,565,566,568,571,572,574,575,576,579,583,585,590,591,595,596,600,604,605,607,609,615,618,619,620,621,627,632,633,635,638,640,641,642,652,654,656,661,663,664,665,667,668,669,678,679,680,681,682,689,690,691,697,698,699,700,701,702,709,710,711,715,736,741,757,762,778,799,804,820,825
0050_00024	10,11,12,19,20,21,179,180,256,284,285,287,309,333,334,342,345,353,356,357,371,372,381,382,383,385,407,417,421,431,435,441,442,444,447,453,471,491,499,517,521,525,536,542,543,545,549,553,557,565,568,571,574,575,579,580,583,585,591,596,600,604,607,609,618,619,620,632,635,638,641,642,652,656,661,664,665,668,669,678,679,680,681,685,689,690,693,697,699,700,705,709,710,711,715,736,762,778,799,825
0050_00025	10,11,19,20,21,179,180,256,284,285,287,309,333,334,342,345,353,356,357,371,372,381,382,383,385,407,417,421,431,435,441,442,444,447,453,471,491,494,499,517,521,525,536,542,543,549,553,554,557,565,571,574,575,576,579,580,582,583,585,591,596,598,600,604,607,609,618,619,620,624,626,635,638,640,641,642,643,652,656,661,665,668,669,672,673,678,679,680,681,682,685,687,689,690,693,699,700,705,709,710,711,720,736,757,783,799,820
0050_00026	10,11,12,13,19,20,21,22,179,180,185,186,187,192,193,194,200,201,207,256,258,260,262,284,285,287,309,333,334,336,340,342,345,347,353,356,357,367,371,372,382,383,385,406,407,417,431,435,442,447,471,477,491,499,517,521,525,542,543,545,549,553,557,565,566,568,571,572,574,575,576,579,583,585,590,591,595,596,600,604,605,607,609,615,618,619,620,621,627,632,633,635,638,640,641,642,652,654,656,661,663,664,665,667,668,669,678,679,680,681,682,689,690,691,697,698,699,700,701,702,709,710,711,713,715,735,736,741,757,762,778,798,799,804,820,825
0050_00027	10,11,12,19,20,179,180,256,284,285,287,309,333,334,342,345,353,356,357,371,372,381,382,383,385,407,417,421,431,435,441,442,444,447,453,471,491,499,517,521,525,536,542,543,549,553,557,565,571,574,575,579,580,583,585,591,596,598,600,604,607,609,618,619,620,635,638,641,642,652,656,661,665,668,669,678,679,680,681,685,689,690,693,697,699,705,709,710,711,715,778
0050_00028	10,11,12,15,19,20,179,180,256,284,285,286,287,300,309,333,334,345,346,352,353,356,357,366,371,372,381,385,391,393,394,407,417,421,431,435,440,441,442,444,447,452,453,465,471,491,494,517,521,525,529,536,537,541,550,553,554,557,565,567,571,579,580,583,585,593,596,598,600,603,604,608,609,614,619,624,629,634,635,641,646,647,657,660,661,665,669,672,673,678,679,680,684,685,689,693,705,709,710,711
0050_00029	10,11,12,19,20,21,179,180,256,284,285,287,309,333,334,342,345,353,356,357,371,372,381,382,383,385,407,417,421,431,435,441,442,444,447,453,471,491,499,517,521,525,542,543,545,549,553,554,557,565,568,571,574,575,579,583,585,591,596,600,604,607,609,618,619,620,632,635,638,641,642,652,656,661,664,665,668,669,672,673,678,679,680,681,689,690,700,709,710,711,715,736,762,778,799,825
0050_00030	10,11,12,19,20,21,179,180,256,284,285,287,309,333,334,342,345,353,356,357,367,371,372,375,381,382,383,385,406,407,417,421,431,435,441,442,444,447,453,471,477,491,494,499,517,521,525,536,542,543,545,549,553,554,557,565,566,568,571,574,575,579,580,583,585,590,591,595,596,598,600,604,605,607,609,618,619,620,624,627,631,632,635,638,641,642,652,656,661,663,664,665,667,668,669,672,673,678,679,680,681,682,685,687,689,690,691,693,694,699,700,702,705,706,709,710,711,715,736,762,778,799,825
0050_00031	10,11,12,19,20,21,179,180,185,186,187,193,256,258,284,285,287,309,333,334,340,342,345,347,353,356,357,367,371,372,382,383,385,406,407,417,431,435,442,447,471,477,491,499,517,521,525,542,543,545,549,553,557,565,566,568,571,572,574,575,576,579,583,585,590,591,595,596,600,604,605,607,609,615,618,619,620,621,627,632,633,635,638,640,641,642,652,654,656,661,663,664,665,667,668,669,678,679,680,681,682,689,690,691,697,698,699,700,701,702,709,710,711,715,736,741,757,762,778,799,804,820,825
0050_00032	10,11,12,19,20,21,179,180,182,186,256,257,258,284,285,287,309,333,334,342,345,353,356,357,371,372,381,382,383,385,386,406,407,410,417,421,431,433,435,441,442,444,447,453,471,477,491,494,499,517,521,525,536,542,543,545,549,553,554,557,565,566,568,571,574,575,576,579,580,582,583,585,590,591,595,596,598,600,604,605,607,609,615,618,619,620,621,623,624,626,627,632,633,635,638,640,641,642,643,652,654,656,661,664,665,667,668,669,672,673,678,679,680,681,682,685,687,689,690,691,693,694,695,697,699,700,701,702,705,706,707,709,710,711,715,720,736,741,757,762,778,783,799,804,820,825
0050_00033	10,11,12,19,20,21,179,180,256,284,285,287,309,333,334,342,345,353,356,357,367,371,372,375,381,382,383,385,406,407,417,421,431,435,441,442,444,447,453,471,477,491,499,517,521,525,536,542,543,545,549,553,557,565,566,568,571,574,575,579,580,583,585,590,591,595,596,598,600,604,605,607,609,618,619,620,627,631,632,635,638,641,642,652,656,661,663,664,665,667,668,669,678,679,680,681,685,689,690,691,693,694,697,699,700,701,702,705,706,709,710,711,715,736,762,778,799,825
0050_00034	10,11,12,13,19,20,21,22,179,180,182,186,187,189,193,200,256,258,284,285,287,309,333,334,340,342,345,347,348,353,356,357,367,368,371,372,375,381,382,383,385,406,407,417,421,431,435,441,442,444,447,453,471,491,499,517,521,525,542,543,545,549,553,554,557,564,565,568,571,572,574,575,579,583,585,591,595,596,600,604,607,609,611,615,618,619,620,632,635,638,640,641,642,652,656,661,662,663,664,665,667,668,669,672,673,678,679,680,681,682,689,690,691,697,699,700,701,702,709,710,711,715,736,762,778,799,825
0050_00035	10,11,12,13,19,20,21,22,179,180,182,186,187,189,193,200,256,257,258,260,284,285,287,309,333,334,340,342,345,347,353,356,357,367,371,372,382,383,385,386,406,407,410,417,421,431,433,435,442,444,447,471,477,491,494,499,517,521,525,536,542,543,549,553,554,557,565,566,568,571,572,574,575,576,579,580,582,583,585,589,590,591,595,596,598,600,604,605,607,609,615,618,619,620,621,624,626,627,633,635,638,640,641,642,643,652,654,656,661,663,664,665,667,668,669,672,673,678,679,680,681,682,685,687,689,690,691,693,694,697,698,699,700,701,702,705,706,709,710,711,715,735,741,757,778,798,804,820
0050_00036	10,11,12,19,20,179,180,256,284,285,287,309,333,334,342,345,353,356,357,371,372,381,382,383,385,407,417,421,431,435,441,442,444,447,453,471,491,499,517,521,525,536,542,543,549,553,557,565,571,574,575,579,580,583,585,591,596,598,600,604,607,609,618,619,620,635,638,641,642,652,656,661,665,668,669,678,679,680,681,682,685,687,689,690,693,697,699,705,709,710,711,757,820
0050_00037	10,11,12,19,20,179,180,256,284,285,287,309,333,334,342,345,353,356,357,371,372,381,382,383,385,407,417,421,431,435,441,442,444,447,453,471,491,499,517,521,525,536,542,543,549,553,557,565,571,574,575,579,580,583,585,591,596,600,604,607,609,618,619,620,635,638,641,642,652,656,661,665,668,669,678,679,680,681,685,689,690,693,697,699,700,705,709,710,711,736,799
0050_00038	10,11,12,19,20,179,180,256,284,285,287,309,333,334,342,345,353,356,357,371,372,381,382,383,385,407,417,421,431,435,441,442,444,447,453,471,491,499,517,521,525,536,542,543,549,553,557,565,571,574,575,579,580,583,585,591,596,600,604,607,609,618,619,620,635,638,641,642,652,656,661,665,668,669,678,679,680,681,685,689,690,693,697,699,705,709,710,711,715,778
0050_00039	10,11,12,15,16,19,20,144,146,147,179,181,182,284,285,286,287,300,333,334,336,339,341,345,346,352,353,366,375,391,392,393,394,421,440,444,452,529,536,537,541,570,580,583,593,603,612,614,644,646,647,657,684,685,696,709,710
0050_00040	10,11,12,19,20,179,180,256,284,285,287,309,333,334,342,345,353,356,357,371,372,381,382,383,385,407,417,421,431,435,441,442,444,447,453,471,491,499,517,521,525,542,543,549,553,554,557,565,571,574,575,579,583,585,591,596,600,604,607,609,618,619,620,635,638,641,642,652,656,661,665,668,669,672,673,678,679,680,681,689,690,709,710,711,715,778
0050_00041	10,11,12,19,20,179,180,256,284,285,287,309,333,334,342,345,347,353,356,357,367,371,372,375,382,383,385,406,407,417,421,431,435,437,442,444,447,449,471,477,491,494,499,517,521,525,536,542,543,545,549,553,554,557,565,566,568,571,574,575,579,580,583,585,590,591,595,596,598,600,604,605,607,609,618,619,620,624,627,631,632,635,638,641,642,652,656,661,663,664,665,667,668,669,672,673,678,679,680,681,685,687,689,690,693,694,700,705,706,709,710,711,715,736,762,778,799,825
0050_00042	10,11,12,13,19,20,21,22,179,180,185,186,187,193,194,200,256,258,260,284,285,287,309,333,334,340,342,345,347,353,356,357,367,371,372,381,382,383,385,406,407,417,421,431,435,441,442,444,447,453,471,477,491,494,499,517,521,525,536,542,543,545,549,553,554,557,565,566,568,571,574,575,576,579,580,583,585,590,591,595,596,598,600,604,605,607,609,615,618,619,620,621,624,627,632,633,635,638,640,641,642,652,654,656,661,663,664,665,667,668,669,672,673,678,679,680,681,682,685,687,689,690,691,693,694,697,698,699,700,701,702,705,706,709,710,711,715,736,741,757,762,778,799,804,820,825
0050_00043	10,11,12,19,20,21,179,180,256,284,285,287,309,333,334,342,345,353,356,357,367,371,372,375,381,382,383,385,406,407,417,421,431,435,441,442,444,447,453,471,477,491,499,517,521,525,536,542,543,545,549,553,557,565,566,568,571,574,575,579,580,583,585,590,591,595,596,600,604,605,607,609,618,619,620,627,631,632,635,638,641,642,652,656,661,663,664,665,667,668,669,678,679,680,681,685,689,690,693,697,699,700,705,709,710,711,715,736,762,778,799,825
0050_00044	10,11,12,13,19,20,21,22,179,180,185,186,187,192,193,194,199,200,201,207,256,258,260,262,284,285,287,309,333,334,336,340,342,345,347,353,356,357,367,371,372,381,382,383,385,406,407,417,431,435,442,447,471,477,491,499,517,521,525,542,543,545,549,553,557,564,565,566,568,571,572,574,575,576,579,583,585,590,591,595,596,600,604,605,607,609,611,615,618,619,620,621,627,632,633,635,638,640,641,642,652,654,656,661,662,663,664,665,667,668,669,678,679,680,681,682,689,690,691,697,698,699,700,701,702,709,710,711,713,715,735,736,741,757,762,778,798,799,804,820,825
0050_00045	10,11,12,19,20,21,179,180,256,284,285,287,309,333,334,342,345,353,356,357,367,371,372,375,381,382,383,385,406,407,417,421,431,435,441,442,444,447,453,471,477,491,499,517,521,525,542,543,545,549,553,554,557,565,566,568,571,574,575,576,579,583,585,590,591,595,596,600,604,605,607,609,618,619,620,627,631,632,635,638,640,641,642,652,654,656,661,663,664,665,667,668,669,672,673,678,679,680,681,689,690,691,700,701,702,709,710,711,715,736,741,762,778,799,804,825
0050_00046	10,11,12,13,19,20,21,22,179,180,182,185,186,187,189,193,200,207,256,258,284,285,287,309,333,334,340,342,345,347,348,353,356,357,367,368,371,372,375,381,382,383,385,406,407,417,421,431,433,435,442,444,447,471,477,491,494,499,517,521,525,536,542,543,549,553,554,557,564,565,566,568,571,572,574,575,576,579,580,582,583,585,590,591,595,596,598,600,604,605,607,609,611,615,618,619,620,621,624,626,627,633,635,638,640,641,642,643,652,654,656,661,662,663,664,665,667,668,669,672,678,679,680,681,682,685,689,690,691,693,694,697,698,699,701,702,705,706,709,710,711,715,741,757,778,804,820
0050_00047	10,11,12,19,20,21,179,180,256,284,285,287,309,333,334,342,345,353,356,357,367,371,372,375,381,382,383,385,406,407,417,421,431,435,441,442,444,447,453,471,477,491,499,517,521,525,542,543,545,549,553,554,557,565,566,568,571,574,575,579,583,585,590,591,595,596,600,604,605,607,609,618,619,620,627,631,632,635,638,641,642,652,656,661,663,664,665,667,668,669,672,673,678,679,680,681,689,690,700,709,710,711,715,736,762,778,799,825
0050_00048	10,11,12,13,19,20,21,22,179,180,182,186,187,189,193,200,256,257,258,260,284,285,287,309,333,334,340,342,345,347,348,353,356,357,367,368,371,372,381,382,383,385,386,406,407,410,417,421,431,433,435,441,442,444,447,453,463,471,477,491,494,499,517,521,525,536,538,542,543,545,549,553,554,557,564,565,566,568,571,572,574,575,576,579,580,582,583,585,589,590,591,595,596,598,600,604,605,606,607,609,611,615,618,619,620,621,624,626,627,631,633,635,638,640,641,642,643,652,654,656,661,662,663,664,665,667,668,669,672,673,678,679,680,681,682,685,687,689,690,691,693,694,697,698,699,701,702,705,706,709,710,711,715,741,757,778,804,820
0050_00049	10,11,12,13,19,20,21,22,179,180,182,186,187,189,193,200,256,257,258,260,284,285,287,309,333,334,340,342,345,347,348,353,356,357,367,368,371,372,381,382,383,385,386,406,407,410,417,421,431,433,435,442,444,447,471,477,491,494,499,517,521,525,536,542,543,549,553,554,557,564,565,566,568,571,572,574,575,576,579,580,582,583,585,589,590,591,595,596,598,600,604,605,607,609,611,615,618,619,620,621,624,626,627,633,635,638,640,641,642,643,652,654,656,661,662,663,664,665,667,668,669,672,673,678,679,680,681,682,685,689,690,691,693,694,697,698,699,701,702,705,706,709,710,711,715,741,757,778,804,820
0050_00050	10,11,12,13,19,20,21,22,179,180,182,185,186,187,189,193,200,207,256,258,284,285,287,309,333,334,340,342,345,347,348,353,356,357,367,368,371,372,375,381,382,383,385,406,407,417,421,431,433,435,442,444,447,471,477,491,494,499,517,521,525,536,542,543,545,549,553,554,557,564,565,566,568,571,572,574,575,576,579,580,582,583,585,590,591,595,596,598,600,604,605,607,609,611,615,618,619,620,621,624,626,627,631,632,633,635,638,640,641,642,643,652,654,656,661,662,663,664,665,667,668,669,672,678,679,680,681,682,685,689,690,691,693,694,697,698,699,700,701,702,705,706,709,710,711,715,736,741,757,762,778,799,804,820,825
0050_00051	10,11,12,19,20,179,180,182,186,256,257,258,284,285,287,309,333,334,342,345,353,356,357,371,372,381,382,383,385,386,406,407,410,417,421,431,433,435,441,442,444,447,453,471,477,491,494,499,517,521,525,536,542,543,549,553,554,557,565,566,571,574,575,576,579,580,582,583,585,590,591,595,596,598,600,604,605,607,609,615,618,619,620,621,623,624,626,627,633,635,638,640,641,642,643,652,654,656,661,665,667,668,669,672,673,678,679,680,681,685,689,690,691,693,694,695,697,699,701,702,705,706,707,709,710,711,715,741,757,778,804,820
0050_00052	10,11,12,19,20,21,179,180,256,284,285,287,309,333,334,342,345,353,356,357,367,371,372,375,381,382,383,385,406,407,417,421,431,435,441,442,444,447,453,471,477,491,494,499,517,521,525,536,542,543,545,549,553,554,557,565,566,568,571,574,575,579,580,583,585,590,595,596,598,600,604,605,607,609,618,619,620,624,627,631,635,638,641,642,652,656,661,663,665,667,668,669,672,673,678,679,680,681,682,685,687,689,690,691,693,694,699,700,701,702,705,706,709,710,711,715,736,762,778,799,825
0050_00053	10,11,12,19,20,21,179,180,185,186,187,193,256,258,284,285,287,309,333,334,340,342,345,347,353,356,357,367,371,372,382,383,385,406,407,417,421,431,433,435,442,444,447,463,471,477,491,494,499,517,521,525,536,538,542,543,545,549,553,554,557,565,566,568,571,572,574,575,576,579,580,582,583,585,590,591,595,596,598,600,604,605,607,609,615,618,619,620,621,624,626,627,632,633,635,638,640,641,642,643,652,654,656,661,663,664,665,667,668,669,672,678,679,680,681,682,685,689,690,691,693,694,697,698,699,700,701,702,705,706,709,710,711,715,736,741,757,762,778,799,804,820,825
0050_00054	10,11,12,19,20,21,179,180,256,284,285,287,309,333,334,342,345,353,356,357,371,372,381,382,383,385,407,417,421,431,435,441,442,444,447,453,471,491,499,517,521,525,536,542,543,545,549,553,557,565,568,571,574,575,579,580,583,585,591,596,600,604,607,609,618,619,620,632,635,638,641,642,652,656,661,664,665,668,669,678,679,680,681,685,689,690,693,697,698,699,700,705,709,710,711,715,736,762,778,799,825
0050_00055	10,11,12,13,19,20,21,22,179,180,186,187,256,258,284,285,287,309,333,334,340,342,345,347,353,356,357,367,371,372,381,382,383,385,406,407,417,421,431,435,441,442,444,447,453,463,471,491,499,517,521,525,536,538,542,543,545,549,553,554,557,565,568,571,574,575,579,580,583,585,591,595,596,600,604,606,607,609,615,618,619,620,632,635,638,641,642,652,656,661,663,664,665,667,668,669,672,673,678,679,680,681,685,689,690,691,693,697,699,700,701,702,705,709,710,711,715,736,762,778,799,825
0050_00056	10,11,12,13,19,20,21,22,179,180,182,186,187,193,256,258,284,285,287,309,333,334,340,342,345,347,348,353,356,357,367,368,371,372,381,382,383,385,406,407,417,421,431,433,435,442,444,447,471,477,491,494,499,517,521,525,536,542,543,549,553,554,557,564,565,566,568,571,572,574,575,576,579,580,582,583,585,590,591,595,596,598,600,604,605,607,609,611,615,618,619,620,621,624,626,627,633,635,638,640,641,642,643,652,654,656,661,662,663,664,665,667,668,669,672,678,679,680,681,682,685,689,690,691,693,694,697,698,699,701,702,705,706,709,710,711,715,741,757,778,804,820
0050_00057	10,11,12,19,20,21,22,179,180,182,186,187,193,256,257,258,260,284,285,287,309,333,334,342,345,353,356,357,371,372,382,383,385,386,406,407,410,417,421,431,433,435,442,444,447,463,471,477,491,494,499,521,525,536,538,542,543,545,549,553,554,557,565,566,568,571,574,575,576,579,580,582,583,585,589,590,591,595,596,598,600,604,605,607,609,615,618,619,620,621,624,626,627,631,632,633,635,638,640,641,642,643,652,654,656,661,663,664,665,667,668,669,672,673,678,679,680,681,682,685,687,689,690,691,693,694,697,698,699,700,701,702,705,706,709,710,711,715,736,741,757,762,778,799,804,820,825
0050_00058	10,11,12,19,20,21,179,180,182,186,187,193,256,257,258,260,284,285,287,309,333,334,342,345,353,356,357,371,372,382,383,385,386,406,407,410,417,421,431,433,435,442,444,447,463,471,477,491,494,499,517,521,525,536,538,542,543,545,549,553,554,557,565,566,568,571,574,575,576,579,580,582,583,585,589,590,591,595,596,598,600,604,605,607,609,615,618,619,620,621,624,626,627,631,632,633,635,638,640,641,642,643,652,654,656,661,663,664,665,667,668,669,672,673,678,679,680,681,682,685,687,689,690,691,693,694,697,698,699,700,701,702,705,706,709,710,711,715,736,741,757,762,778,799,804,820,825
0050_00059	10,11,12,13,19,20,21,144,147,179,180,186,187,256,258,284,285,287,309,333,334,336,340,342,345,347,353,356,357,367,371,372,375,382,383,385,406,407,417,431,435,442,447,471,477,491,499,517,521,525,542,543,545,549,553,557,565,566,568,571,572,574,575,579,583,585,590,591,595,596,600,604,605,607,609,615,618,619,620,627,631,632,635,638,640,641,642,652,656,661,663,664,665,667,668,669,678,679,680,681,682,689,690,691,697,698,699,700,701,702,709,710,711,713,715,736,762,778,799,825
0050_00060	10,11,12,19,20,179,180,186,187,256,258,284,285,287,309,333,334,342,345,353,356,357,371,372,382,383,385,407,417,431,435,442,447,471,491,499,517,521,525,542,543,549,553,557,565,571,574,575,576,579,583,585,591,596,600,604,607,609,618,619,620,635,638,640,641,642,652,654,656,661,665,668,669,678,679,680,681,689,690,691,700,702,709,710,711,715,736,741,778,799,804
0050_00061	10,11,12,19,20,21,22,34,179,180,182,186,187,193,256,257,258,260,284,285,287,309,333,334,342,345,353,356,357,371,372,382,383,385,386,406,407,409,410,417,421,431,433,435,442,444,447,459,460,463,471,477,491,494,499,517,521,525,536,538,542,543,545,549,553,554,557,565,566,568,571,574,575,576,579,580,582,583,585,589,590,591,595,596,598,600,604,605,607,609,615,618,619,620,621,624,626,627,631,632,633,635,638,640,641,642,643,652,654,656,661,663,664,665,667,668,669,672,673,678,679,680,681,682,685,687,689,690,691,693,694,697,698,699,700,701,702,705,706,709,710,711,715,736,741,757,762,778,799,804,820,825
0050_00062	10,11,19,20,179,180,256,284,285,287,309,333,334,342,345,353,356,357,371,372,381,382,383,385,407,417,421,431,435,441,442,444,447,453,471,491,494,499,517,521,525,536,542,543,549,553,554,557,565,571,574,575,576,579,580,582,583,585,591,596,598,600,604,607,609,618,619,620,624,626,635,638,640,641,642,643,652,656,661,665,668,669,672,673,678,679,680,681,685,689,690,693,699,705,709,710,711,757,820
0050_00063	10,11,12,19,20,21,179,180,182,186,187,193,256,257,258,260,284,285,287,309,333,334,342,345,353,356,357,371,372,381,382,383,385,386,406,407,410,417,421,431,433,435,441,442,444,447,453,471,477,491,494,499,517,521,525,536,542,543,549,553,554,557,565,566,571,574,575,576,579,580,582,583,585,590,591,595,596,598,600,604,605,607,609,615,618,619,620,621,623,624,626,627,633,635,638,640,641,642,643,652,654,656,661,665,667,668,669,672,673,678,679,680,681,682,685,687,689,690,691,693,694,695,697,698,699,700,701,702,705,706,707,709,710,711,713,715,736,741,756,757,778,799,804,819,820
0050_00064	10,11,12,13,19,20,21,179,180,186,187,256,258,284,285,287,309,333,334,336,342,345,347,353,356,357,367,371,372,382,383,385,407,417,431,435,442,447,471,491,499,517,521,525,542,543,549,553,557,565,571,572,574,575,579,583,585,591,596,600,604,607,609,618,619,620,635,638,641,642,652,656,661,665,668,669,678,679,680,681,682,689,690,697,698,699,700,709,710,711,713,736,799
0050_00065	10,11,12,19,20,21,22,34,179,180,182,186,187,193,256,257,258,260,284,285,287,309,333,334,342,345,353,356,357,371,372,382,383,385,386,406,407,409,410,417,421,431,433,435,442,444,447,459,460,463,471,477,491,494,499,517,521,525,536,538,542,543,545,549,553,554,557,565,566,568,571,574,575,576,579,580,582,583,585,589,590,591,595,596,598,600,604,605,607,609,615,618,619,620,621,624,626,627,631,632,633,635,638,640,641,642,643,652,654,656,661,663,664,665,667,668,669,672,673,678,679,680,681,682,685,687,689,690,691,693,694,697,698,699,700,701,702,705,706,709,710,711,715,736,741,757,762,778,799,804,820,825
0050_00066	10,11,12,19,20,21,179,180,182,186,187,193,256,257,258,260,284,285,287,309,333,334,342,345,347,353,356,357,367,371,372,382,383,385,386,406,407,410,417,421,431,433,435,437,442,444,447,449,471,477,491,494,499,517,521,525,536,542,543,549,553,554,557,565,566,571,574,575,576,579,580,582,583,585,589,590,591,595,596,598,600,604,605,607,609,615,618,619,620,621,624,626,627,633,635,638,640,641,642,643,652,654,656,661,665,667,668,669,672,673,678,679,680,681,685,689,690,691,693,694,697,698,699,700,701,702,705,706,709,710,711,713,715,741,757,778,804,820
0050_00067	10,11,12,19,20,21,179,180,182,186,187,193,256,257,258,260,284,285,287,309,333,334,342,345,353,356,357,371,372,382,383,385,386,406,407,410,417,421,431,433,435,442,444,447,471,477,491,494,499,517,521,525,536,542,543,545,549,553,554,557,565,566,568,571,574,575,576,579,580,582,583,585,589,590,591,595,596,598,600,604,605,607,609,615,618,619,620,621,624,626,627,632,633,635,638,640,641,642,643,652,654,656,661,664,665,667,668,669,672,673,678,679,680,681,682,685,687,689,690,691,693,694,697,698,699,700,701,702,705,706,709,710,711,715,736,741,757,762,778,799,804,820,825
0050_00068	10,11,12,19,20,179,180,256,284,285,287,309,333,334,336,342,345,353,356,357,371,372,375,381,382,383,385,407,417,421,431,435,441,442,444,447,453,471,491,499,517,521,525,536,542,543,549,553,557,565,571,574,575,579,580,583,585,591,596,598,600,604,607,609,618,619,620,635,638,641,642,652,656,661,665,668,669,678,679,680,681,685,689,690,691,693,694,697,698,699,700,702,705,706,709,710,711,713,736,799
0050_00069	10,11,12,19,20,21,179,180,185,186,187,193,256,258,284,285,287,309,333,334,340,342,345,347,353,356,357,367,371,372,382,383,385,406,407,417,421,431,433,435,442,444,447,471,477,491,494,499,517,521,525,536,542,543,545,549,553,554,557,565,566,568,571,574,575,576,579,580,582,583,585,590,591,595,596,598,600,604,605,607,609,615,618,619,620,621,624,626,627,632,633,635,638,640,641,642,643,652,654,656,661,664,665,667,668,669,672,678,679,680,681,682,685,689,690,691,693,694,697,698,699,700,701,702,705,706,709,710,711,715,736,741,757,762,778,799,804,820,825
0050_00070	10,11,12,19,20,21,179,180,182,186,187,193,256,257,258,260,284,285,287,309,333,334,342,345,353,356,357,371,372,382,383,385,386,406,407,410,417,421,431,433,435,442,444,447,463,471,477,491,494,499,517,521,525,536,538,542,543,545,549,553,554,557,565,566,568,571,574,575,576,579,580,582,583,585,589,590,591,595,596,598,600,604,605,607,609,615,618,619,620,621,624,626,627,631,632,633,635,638,640,641,642,643,652,654,656,661,663,664,665,667,668,669,672,673,678,679,680,681,682,685,687,689,690,691,693,694,697,698,699,700,701,702,705,706,709,710,711,715,736,741,757,762,778,799,804,820,825
0050_00071	10,11,12,19,20,21,144,147,179,180,182,186,256,257,258,259,260,284,285,287,309,333,334,342,345,347,353,356,357,367,371,372,381,382,383,385,386,406,407,410,417,421,431,433,435,437,441,442,444,447,449,453,471,477,491,494,499,517,521,525,536,542,543,549,553,554,557,565,566,571,574,575,576,579,580,582,583,585,589,590,591,595,596,598,604,605,607,609,615,618,619,620,621,623,624,626,627,633,635,638,640,641,642,643,652,654,656,661,665,667,668,669,672,673,678,679,680,681,682,685,687,689,690,691,693,694,695,697,698,699,700,701,702,705,706,707,709,710,711,715,735,741,757,778,798,804,820
0050_00072	10,11,12,19,20,21,179,180,186,187,256,258,284,285,287,309,333,334,342,345,353,356,357,371,372,382,383,385,407,417,421,431,433,435,442,444,447,471,491,494,499,517,521,525,536,542,543,549,553,554,557,565,571,574,575,576,579,580,582,583,585,591,596,598,600,604,607,609,618,619,620,624,626,635,638,640,641,642,643,652,654,656,661,665,668,669,672,678,679,680,681,685,689,690,691,693,694,697,698,699,702,705,706,709,710,711,715,741,757,778,804,820
0050_00073	10,11,12,19,20,21,179,180,182,186,187,193,256,257,258,260,284,285,287,309,333,334,342,345,347,353,356,357,367,371,372,382,383,385,386,406,407,410,417,421,431,433,435,437,442,444,447,449,471,477,491,494,499,517,521,525,536,542,543,549,553,554,557,565,566,571,574,575,576,579,580,582,583,585,589,590,591,595,596,598,600,604,605,607,609,615,618,619,620,621,624,626,627,633,635,638,640,641,642,643,652,654,656,661,665,667,668,669,672,673,678,679,680,681,685,689,690,691,693,694,697,698,699,700,701,702,705,706,709,710,711,713,715,741,757,778,804,820
0050_00074	10,11,12,19,20,21,179,180,185,186,187,193,256,258,284,285,287,309,333,334,340,342,345,347,353,356,357,367,371,372,382,383,385,406,407,417,421,431,433,435,442,444,447,471,477,491,494,499,517,521,525,536,542,543,549,553,554,557,565,566,571,574,575,576,579,580,582,583,585,590,591,595,596,598,600,604,605,607,609,615,618,619,620,621,624,626,627,633,635,638,640,641,642,643,652,654,656,661,665,667,668,669,672,678,679,680,681,685,689,690,691,693,694,697,698,699,701,702,705,706,709,710,711,715,741,757,778,804,820
0050_00075	10,11,12,19,20,21,179,180,182,186,187,193,256,257,258,260,284,285,287,309,333,334,342,345,353,356,357,371,372,382,383,385,386,406,407,410,417,421,431,433,435,442,444,447,463,471,477,491,494,499,517,521,525,536,538,542,543,545,549,553,554,557,565,566,568,571,574,575,576,579,580,582,583,585,589,590,591,595,596,598,600,604,605,607,609,615,618,619,620,621,624,626,627,631,632,633,635,638,640,641,642,643,652,654,656,661,663,664,665,667,668,669,672,673,678,679,680,681,682,685,687,689,690,691,693,694,697,698,699,701,702,705,706,709,710,711,715,741,757,778,804,820
0050_00076	10,11,12,13,19,20,21,179,180,185,186,187,193,256,258,284,285,287,309,333,334,340,342,345,347,353,356,357,367,371,372,375,382,383,385,406,407,417,421,431,433,435,442,444,447,471,477,491,494,499,517,521,525,536,542,543,545,549,553,554,557,565,566,568,571,574,575,576,579,580,582,583,585,590,591,595,596,598,600,604,605,607,609,615,618,619,620,621,624,626,627,631,632,633,635,638,640,641,642,643,652,654,656,661,663,664,665,667,668,669,672,678,679,680,681,682,685,689,690,691,693,694,697,698,699,700,701,702,705,706,709,710,711,715,736,741,757,762,778,799,804,820,825
0050_00077	10,11,12,13,19,20,21,179,180,185,186,187,193,256,258,284,285,287,309,333,334,340,342,345,347,353,356,357,367,371,372,375,382,383,385,406,407,417,421,431,433,435,442,444,447,471,477,491,494,499,517,521,525,536,542,543,545,549,553,554,557,565,566,568,571,574,575,576,579,580,582,583,585,590,591,595,596,598,600,604,605,607,609,615,618,619,620,621,624,626,627,631,632,633,635,638,640,641,642,643,652,654,656,661,663,664,665,667,668,669,672,678,679,680,681,682,685,689,690,691,693,694,697,698,699,700,701,702,705,706,709,710,711,715,736,741,757,762,778,799,804,820,825
0050_00078	10,11,12,13,19,20,21,179,180,182,186,187,193,256,257,258,260,284,285,287,309,333,334,342,345,353,356,357,367,371,372,375,382,383,385,386,406,407,410,417,421,431,433,435,442,444,447,463,471,477,491,494,499,517,521,525,536,538,542,543,545,549,553,554,557,565,566,568,571,574,575,576,579,580,582,583,585,589,590,591,595,596,598,600,604,605,607,609,615,618,619,620,621,624,626,627,631,632,633,635,638,640,641,642,643,652,654,656,661,663,664,665,667,668,669,672,673,678,679,680,681,682,685,687,689,690,691,693,694,697,698,699,700,701,702,705,706,709,710,711,715,736,741,757,762,778,799,804,820,825
0050_00079	10,11,12,13,19,20,21,179,180,182,186,187,193,256,257,258,260,284,285,287,309,333,334,342,345,353,356,357,367,371,372,375,382,383,385,386,406,407,410,417,421,431,433,435,442,444,447,471,477,491,494,499,517,521,525,536,542,543,545,549,553,554,557,565,566,568,571,574,575,576,579,580,582,583,585,589,590,591,595,596,598,600,604,605,607,609,615,618,619,620,621,624,626,627,631,632,633,635,638,640,641,642,643,652,654,656,661,663,664,665,667,668,669,672,673,678,679,680,681,682,685,687,689,690,691,693,694,697,698,699,700,701,702,705,706,709,710,711,715,736,741,757,762,778,799,804,820,825
0050_00080	10,11,12,13,15,19,20,144,145,147,151,179,180,181,182,186,187,193,194,200,284,285,286,287,300,309,333,334,335,336,340,341,342,345,346,347,352,353,366,367,375,391,393,394,406,407,529,541,560,572,583,593,613,614,615,618,638,644,657,680,681,683,684,689,690,692,697,698,699,700,709,710,711,712,713,777,778,798,799,819,840,841,861,862
0050_00081	10,11,12,13,19,20,21,179,180,182,186,187,193,256,257,258,260,284,285,287,309,333,334,342,345,353,356,357,367,371,372,375,382,383,385,386,406,407,410,417,421,431,433,435,442,444,447,463,471,477,491,494,499,517,521,525,536,538,542,543,545,549,553,554,557,565,566,568,571,574,575,576,579,580,582,583,585,589,590,591,595,596,598,600,604,605,607,609,615,618,619,620,621,624,626,627,631,632,633,635,638,640,641,642,643,652,654,656,661,663,664,665,667,668,669,672,673,678,679,680,681,682,685,687,689,690,691,693,694,697,698,699,700,701,702,705,706,709,710,711,715,736,741,757,762,778,799,804,820,825
0050_00082	10,11,12,19,20,179,180,182,186,187,193,256,257,258,260,284,285,287,309,333,334,342,345,353,356,357,371,372,381,382,383,385,386,406,407,410,417,421,431,433,435,441,442,444,447,453,471,477,491,494,499,517,521,525,536,542,543,549,553,554,557,565,566,571,574,575,576,579,580,582,583,585,590,591,595,596,598,600,604,605,607,609,615,618,619,620,621,623,624,626,627,633,635,638,640,641,642,643,652,654,656,661,665,667,668,669,672,673,678,679,680,681,685,689,690,691,693,694,695,697,698,699,700,701,702,705,706,707,709,710,711,713,715,741,756,757,778,804,819,820
0050_00083	10,11,12,13,19,20,21,179,180,182,186,187,193,256,257,258,260,284,285,287,309,333,334,342,345,347,353,356,357,367,371,372,375,382,383,385,386,406,407,410,417,421,431,433,435,437,442,444,447,449,471,477,491,494,499,517,521,525,536,542,543,549,553,554,557,565,566,571,574,575,576,579,580,582,583,585,589,590,591,595,596,598,600,604,605,607,609,615,618,619,620,621,624,626,627,633,635,638,640,641,642,643,652,654,656,661,665,667,668,669,672,673,678,679,680,681,685,689,690,691,693,694,697,698,699,700,701,702,705,706,709,710,711,713,715,741,757,778,804,820
0050_00084	10,11,12,13,19,20,21,179,180,182,186,187,193,256,257,258,260,284,285,287,309,333,334,342,345,353,356,357,367,371,372,375,382,383,385,386,406,407,410,417,421,431,433,435,442,444,447,463,471,477,491,494,499,517,521,525,536,538,542,543,545,549,553,554,557,565,566,568,571,574,575,576,579,580,582,583,585,589,590,591,595,596,598,600,604,605,607,609,615,618,619,620,621,624,626,627,631,632,633,635,638,640,641,642,643,652,654,656,661,663,664,665,667,668,669,672,673,678,679,680,681,682,685,687,689,690,691,693,694,697,698,699,700,701,702,705,706,709,710,711,715,736,741,757,762,778,799,804,820,825
0050_00085	10,11,12,19,20,21,144,147,179,180,182,186,256,257,258,259,260,284,285,287,333,334,342,345,347,353,356,357,367,371,372,375,381,382,383,385,386,406,410,417,421,431,433,435,437,441,442,444,447,449,453,471,477,491,494,499,517,521,525,536,542,543,549,553,554,557,565,566,571,574,575,576,579,580,582,583,585,589,590,595,596,598,604,605,607,609,615,619,620,621,623,624,626,627,633,635,638,640,641,642,643,652,654,656,661,665,667,669,672,673,678,679,680,681,682,685,687,689,690,691,693,694,695,697,698,699,700,701,702,705,706,707,709,710,711,715,735,741,757,778,798,804,820
0050_00086	10,11,12,13,19,20,21,179,180,182,186,187,193,256,257,258,260,284,285,287,333,334,342,345,353,356,357,367,371,372,375,382,383,385,386,406,410,417,421,431,433,435,442,444,447,471,477,491,494,499,517,521,525,536,542,543,545,549,553,554,557,565,566,568,571,574,575,576,579,580,582,583,585,589,590,595,596,598,600,604,605,607,609,615,619,620,621,624,626,627,631,633,635,638,640,641,642,643,652,654,656,661,663,665,667,669,672,673,678,679,680,681,682,685,687,689,690,691,693,694,697,698,699,700,701,702,705,706,709,710,711,715,720,736,741,757,762,778,783,799,804,820,825
0050_00087	10,11,12,13,19,20,21,22,179,180,182,186,187,193,256,257,258,260,284,285,287,333,334,342,345,353,356,357,367,371,372,375,382,383,385,386,406,410,417,421,431,433,435,442,444,447,463,471,477,491,494,499,517,521,525,536,538,542,543,545,549,553,554,557,565,566,568,571,574,575,576,579,580,582,583,585,589,590,595,596,598,600,604,605,606,607,609,615,619,620,621,624,626,627,631,633,635,638,640,641,642,643,652,654,656,661,663,665,667,669,672,673,678,679,680,681,682,685,687,689,690,691,693,694,697,698,699,700,701,702,705,706,709,710,711,715,720,736,741,757,762,778,783,799,804,820,825
0050_00088	10,11,12,13,19,20,21,179,180,185,186,187,193,256,258,284,285,287,309,333,334,340,342,345,347,353,356,357,367,371,372,375,382,383,385,406,407,417,421,431,433,435,442,444,447,471,477,491,494,499,517,521,525,536,542,543,549,553,554,557,565,566,571,574,575,576,579,580,582,583,585,590,591,595,596,598,600,604,605,607,609,615,618,619,620,621,624,626,627,633,635,638,640,641,642,643,652,654,656,661,665,667,668,669,672,678,679,680,681,685,689,690,691,693,694,697,698,699,701,702,705,706,709,710,711,715,741,757,778,804,820
0050_00089	10,11,12,13,19,20,21,179,180,182,186,187,193,256,257,258,260,284,285,287,309,333,334,342,345,353,356,357,367,371,372,375,382,383,385,386,406,407,410,417,421,431,433,435,442,444,447,463,471,477,491,494,499,517,521,525,536,538,542,543,545,549,553,554,557,565,566,568,571,574,575,576,579,580,582,583,585,589,590,591,595,596,598,600,604,605,607,609,615,618,619,620,621,624,626,627,631,632,633,635,638,640,641,642,643,652,654,656,661,663,664,665,667,668,669,672,673,678,679,680,681,682,685,687,689,690,691,693,694,697,698,699,701,702,705,706,709,710,711,715,741,757,778,804,820
0050_00090	10,11,12,13,19,20,21,179,180,182,186,187,193,256,257,258,260,284,285,287,309,333,334,342,345,347,353,356,357,367,371,372,375,382,383,385,386,406,407,410,417,421,431,433,435,437,442,444,447,449,471,477,491,494,499,517,521,525,536,542,543,549,553,554,557,565,566,571,574,575,576,579,580,582,583,585,589,590,591,595,596,598,600,604,605,607,609,615,618,619,620,621,624,626,627,633,635,638,640,641,642,643,652,654,656,661,665,667,668,669,672,673,678,679,680,681,685,689,690,691,693,694,697,698,699,700,701,702,705,706,709,710,711,713,715,741,757,778,804,820
0050_00091	10,11,12,13,19,20,21,179,180,186,187,256,258,284,285,287,309,333,334,342,345,353,356,357,367,371,372,375,382,383,385,406,407,417,421,431,433,435,442,444,447,471,477,491,499,517,521,525,536,542,543,545,549,553,554,557,565,566,568,571,574,575,579,580,583,585,589,590,591,595,596,600,604,605,607,609,618,619,620,627,631,632,635,638,641,642,652,656,661,663,664,665,667,668,669,672,673,678,679,680,681,689,690,700,709,710,711,715,736,762,778,799,825
0050_00092	10,11,12,13,15,19,20,144,150,179,180,181,182,186,256,284,285,286,287,333,334,342,345,346,352,353,356,357,366,367,368,371,372,381,382,383,385,391,392,406,417,421,431,435,440,442,444,447,452,465,471,477,491,499,517,521,525,541,542,543,545,549,553,554,557,564,565,566,568,571,574,575,579,583,585,590,593,595,596,600,604,605,607,609,611,614,619,620,627,631,635,638,641,642,646,647,652,656,657,661,662,663,665,667,669,672,673,678,679,680,681,684,689,690,700,709,710,711,715,736,762,778,799,825
0050_00093	10,11,12,13,19,20,21,179,180,182,186,187,193,256,257,258,260,284,285,287,333,334,342,345,353,356,357,367,371,372,375,382,383,385,386,406,410,417,421,431,433,435,442,444,447,463,471,477,491,494,499,517,521,525,536,538,542,543,545,549,553,554,557,565,566,568,571,574,575,576,579,580,582,583,585,589,590,595,596,598,600,604,605,606,607,609,615,619,620,621,624,626,627,631,633,635,638,640,641,642,643,652,654,656,661,663,665,667,669,672,673,678,679,680,681,682,685,687,689,690,691,693,694,697,698,699,700,701,702,705,706,709,710,711,715,720,736,741,757,762,778,783,799,804,820,825
0050_00094	10,11,12,13,15,19,20,179,180,256,284,285,286,287,300,309,333,334,336,342,345,346,352,353,356,357,366,367,371,372,375,382,383,385,391,393,394,406,407,417,421,431,435,440,442,444,447,452,465,471,477,491,499,517,521,525,529,536,541,542,543,545,549,550,553,557,565,566,568,571,574,575,579,580,583,585,590,591,593,595,596,600,604,605,607,608,609,614,618,619,620,627,629,631,632,634,635,638,641,642,644,646,647,652,656,657,661,663,664,665,667,668,669,678,679,680,681,683,684,685,689,690,692,693,700,703,709,710,711,715,736,762,778,799,825
0050_00095	10,11,12,13,19,20,144,145,147,151,179,180,183,186,187,193,256,257,284,285,287,309,333,334,335,336,338,342,345,347,353,356,357,367,371,372,375,382,385,406,407,410,417,421,431,433,435,437,442,444,447,449,471,477,491,494,499,517,521,525,536,542,543,549,553,554,557,565,566,568,571,572,574,575,579,580,583,585,590,595,596,598,600,604,605,607,609,615,618,620,621,624,627,633,635,638,641,642,652,656,661,664,665,667,669,672,673,678,679,680,681,685,689,690,693,697,698,699,700,705,709,710,711,712,713,777,778,798,799,819,820,840,841,861,862
0050_00096	10,11,12,13,19,20,179,180,185,186,256,284,285,287,309,333,334,336,338,342,345,353,356,357,375,382,383,385,406,407,417,431,442,471,477,491,499,521,525,542,549,553,557,565,566,571,574,575,579,583,585,590,591,595,596,604,605,607,609,615,618,619,620,621,627,633,635,638,641,642,652,656,661,665,667,668,669,678,679,680,681,682,689,690,697,698,699,700,709,710,711,713,714,720,735,736,756,757,777,783,798,799,819,820
0050_00097	10,11,12,13,19,20,21,144,147,179,180,182,186,256,257,258,259,260,284,285,287,333,334,342,345,347,353,356,357,367,371,372,375,381,382,383,385,386,406,410,417,421,431,433,435,437,441,442,444,447,449,453,471,477,491,494,499,517,521,525,536,542,543,549,553,554,557,565,566,571,574,575,576,579,580,582,583,585,589,590,595,596,598,600,604,605,607,609,615,619,620,621,623,624,626,627,633,635,638,640,641,642,643,652,654,656,661,665,667,669,672,673,678,679,680,681,682,685,687,689,690,691,693,694,695,697,698,699,700,701,702,705,706,707,709,710,711,715,735,741,757,778,798,804,820
0050_00098	10,11,12,13,19,20,179,180,183,186,187,193,194,200,201,207,284,285,287,309,333,334,335,336,340,342,345,347,353,367,375,381,407,417,421,431,435,441,442,444,447,453,491,525,536,557,572,580,583,600,618,638,641,661,679,680,681,685,689,690,693,697,698,699,700,705,709,710,711,712,713,777,778,798,799,819,820
0050_00099	10,11,12,13,19,20,179,180,256,284,285,287,309,333,334,342,345,353,356,357,371,372,375,382,383,385,407,417,431,435,442,447,471,491,499,521,525,542,543,549,553,557,565,571,574,575,576,579,583,585,591,596,600,604,607,609,618,619,620,635,638,640,641,642,652,654,656,661,665,668,669,678,679,680,681,689,690,691,697,698,699,700,702,709,710,711,736,741,799,804
0050_00100	10,11,19,20,21,179,180,284,285,287,309,333,340,342,345,347,353,367,407,568,572,583,618,638,640,664,680,681,682,690,691,702,783,804,825
0050_00101	10,11,15,19,20,179,181,182,256,257,284,285,286,287,333,334,345,346,352,353,356,357,359,366,371,372,373,374,375,377,381,385,388,391,392,397,398,404,417,419,421,431,435,436,441,442,443,444,446,447,448,450,453,454,465,471,473,483,491,492,494,496,503,507,517,521,522,524,525,531,536,539,540,541,546,547,549,550,553,554,556,557,565,571,574,575,577,578,579,580,581,583,585,586,593,596,598,600,601,604,608,609,614,619,620,624,625,629,634,635,638,639,641,642,656,657,658,661,665,666,669,672,673,674,678,679,681,684,685,692,696,703,709,710
0050_00102	10,11,15,19,20,144,146,147,284,285,286,287,333,339,341,345,346,352,353,366,375,381,391,392,421,441,444,453,536,537,541,567,580,583,593,603,614,638,657,660,681,684,685,692,696,703
0050_00103	10,11,19,20,21,179,180,284,285,287,309,333,334,338,340,342,345,347,353,367,381,407,421,441,444,453,463,536,538,568,572,580,583,618,638,640,664,680,681,682,685,687,689,690,691,693,694,699,700,702,705,706,709,710,711,778,783,799,804,825
0050_00104	10,11,15,19,20,179,181,182,284,285,286,287,309,333,339,341,345,346,352,353,366,375,381,391,392,407,421,441,444,453,536,537,541,567,580,583,593,603,614,618,638,657,660,680,681,684,685,690,693
0050_00105	10,11,12,15,19,20,179,180,256,284,285,286,287,300,309,333,334,342,345,346,352,353,356,357,366,371,372,382,383,385,394,407,417,431,435,442,447,471,491,499,517,521,525,529,542,543,545,549,553,557,565,568,571,574,575,579,583,585,591,593,596,600,604,607,608,609,618,619,620,632,635,638,641,642,644,652,656,661,664,665,668,669,678,679,680,681,684,689,690,692,697,699,700,709,710,711,715,736,762,778,799,825
0050_00106	10,11,12,19,20,21,179,180,182,186,256,284,285,287,309,333,340,342,345,347,348,353,356,367,368,371,372,381,382,383,385,406,407,417,435,442,447,471,477,491,499,517,521,525,542,543,549,553,557,564,565,566,568,571,572,574,575,579,583,585,590,591,595,596,600,604,605,607,609,611,615,618,619,620,621,627,633,635,638,640,641,642,652,656,661,662,663,664,665,667,668,669,678,679,680,681,682,690,691,701,702,720,783
0050_00107	10,11,19,20,21,179,180,256,284,285,287,309,333,334,342,345,353,356,357,371,372,381,382,383,385,407,417,421,431,435,441,442,444,447,453,471,491,494,499,521,525,536,542,543,545,549,553,554,557,565,568,571,574,575,576,579,580,583,585,591,596,598,600,604,607,609,618,619,620,624,632,635,638,640,641,642,652,654,656,661,664,665,668,669,672,673,678,679,680,681,682,685,687,689,690,691,693,694,699,700,702,705,706,709,710,711,715,736,741,762,778,799,804,825
0050_00108	10,11,19,20,21,34,179,180,256,284,285,287,309,333,342,345,353,356,371,372,382,383,385,407,409,417,435,442,447,459,460,471,491,499,517,521,525,542,543,545,549,553,557,565,568,571,574,575,576,579,583,585,591,596,600,604,607,609,618,619,620,632,635,638,640,641,642,652,654,656,661,664,665,668,669,678,679,680,681,690,691,702,741,762,804,825
0050_00109	10,11,15,16,17,19,20,144,146,147,179,181,182,256,257,258,259,284,285,286,287,300,333,341,352,353,356,358,359,360,366,374,375,376,377,378,379,380,382,385,387,388,389,390,391,392,393,394,397,398,400,401,404,417,419,421,432,438,439,440,442,443,444,448,450,451,452,454,465,473,483,485,486,488,489,492,494,495,496,500,505,507,520,522,524,528,529,531,536,537,539,541,546,548,550,554,556,561,570,573,581,586,594,597,602,603,612,614,622,625,629,637,646,647,648,651,655,658,674,675
0050_00110	10,11,15,16,17,19,20,144,146,147,179,181,182,256,257,258,259,284,285,286,287,300,333,341,352,353,356,358,359,360,366,375,376,377,378,379,380,382,385,387,388,389,390,391,392,393,394,397,398,400,401,404,417,419,421,432,438,439,440,442,443,444,450,451,452,454,465,473,483,485,486,488,489,494,495,496,500,505,507,520,522,524,528,531,536,537,539,541,546,548,550,554,556,561,570,573,581,586,594,597,602,603,612,614,622,625,629,637,646,647,648,651,655,658,674,675
0050_00111	10,11,15,16,17,19,20,144,146,147,179,181,182,256,257,258,259,284,285,286,287,300,333,341,352,353,356,358,359,360,366,374,375,376,377,378,379,380,382,385,387,388,389,390,391,392,393,394,397,398,400,401,404,417,419,421,432,438,439,440,442,443,444,448,450,451,452,454,465,473,483,485,486,488,489,492,494,495,496,500,505,507,520,522,524,528,531,536,537,539,541,546,548,550,554,556,561,570,573,581,586,594,597,602,603,612,614,622,625,629,637,646,647,648,651,655,658,674,675
0050_00112	10,11,19,20,21,179,180,256,284,285,287,309,333,334,342,345,353,356,357,371,372,381,382,383,385,407,417,421,431,435,441,442,444,447,453,471,491,494,499,517,521,525,536,542,543,545,549,553,554,557,565,568,571,574,575,579,580,583,585,591,596,598,600,604,607,609,618,619,620,624,632,635,638,641,642,652,656,661,664,665,668,669,672,673,678,679,680,681,682,685,687,689,690,691,693,694,699,700,702,705,706,709,710,711,715,736,762,778,799,825
0050_00113	10,11,12,19,20,179,180,256,284,285,287,309,333,334,342,345,347,353,356,357,367,371,372,382,383,385,407,417,431,435,442,447,471,491,499,517,521,525,542,543,545,549,553,557,565,568,571,572,574,575,579,583,585,591,596,600,604,607,609,618,619,620,632,635,638,641,642,652,656,661,664,665,668,669,678,679,680,681,689,690,691,697,699,700,702,709,710,711,715,736,762,778,799,825
0050_00114	10,11,12,19,20,21,22,34,179,180,256,284,285,287,309,333,334,342,345,353,356,357,367,371,372,375,381,382,383,385,406,407,409,417,421,431,435,441,442,444,447,453,459,460,471,477,491,494,499,521,525,536,542,543,545,549,553,554,557,565,566,568,571,574,575,576,579,580,583,585,590,591,595,596,598,600,604,605,607,609,618,619,620,624,627,631,632,635,638,640,641,642,652,654,656,661,663,664,665,667,668,669,672,673,678,679,680,681,682,685,687,689,690,691,693,694,699,700,701,702,705,706,709,710,711,715,736,741,762,778,799,804,825
0050_00115	10,11,15,16,17,19,20,144,146,147,179,181,182,256,257,258,259,284,285,286,287,300,333,341,352,353,356,358,359,360,366,374,375,376,377,378,379,380,382,385,387,388,389,390,391,392,393,394,397,398,400,401,404,417,419,421,432,438,439,440,442,443,444,448,450,451,452,454,465,473,483,485,486,488,489,492,494,495,496,500,505,507,520,522,524,528,531,536,537,539,541,546,548,550,554,556,561,570,573,581,586,594,597,602,603,612,614,622,625,629,637,646,647,648,651,655,658,674,675
0050_00116	10,11,15,19,144,146,147,256,257,284,285,286,287,300,333,341,345,346,347,352,353,356,358,359,366,367,371,372,373,374,377,385,388,391,393,394,397,400,401,404,417,419,421,432,435,436,437,438,442,443,444,446,447,448,449,450,454,465,471,473,483,491,492,494,495,496,503,507,517,521,522,524,525,528,529,531,536,537,539,540,541,546,547,550,553,554,556,557,565,571,577,578,579,580,583,585,586,593,596,598,600,601,603,604,608,609,614,624,629,634,635,641,644,657,658,661,665,666,669,672,673,678,679,684,685,696
0050_00117	10,11,12,13,19,20,21,22,179,180,182,186,187,189,193,200,256,257,258,260,284,285,287,309,333,334,340,342,345,347,348,353,356,357,367,368,371,372,381,382,383,385,386,406,407,410,417,421,431,433,435,442,444,447,463,471,477,491,494,499,517,521,525,536,538,542,543,545,549,553,554,557,564,565,566,568,571,572,574,575,576,579,580,582,583,585,590,591,595,596,598,600,604,605,606,607,609,611,615,618,619,620,621,624,626,627,631,632,633,635,638,640,641,642,643,652,654,656,661,662,663,664,665,667,668,669,672,673,678,679,680,681,682,685,687,689,690,691,693,694,697,698,699,700,701,702,705,706,709,710,711,715,736,741,757,762,778,799,804,820,825
0050_00118	10,11,12,19,20,21,179,180,185,186,187,193,256,258,284,285,287,309,333,334,340,342,345,347,353,356,357,367,371,372,382,383,385,406,407,417,431,435,442,447,471,477,491,499,521,525,542,543,545,549,553,557,565,566,568,571,572,574,575,576,579,583,585,590,591,595,596,600,604,605,607,609,615,618,619,620,621,627,632,633,635,638,640,641,642,652,654,656,661,663,664,665,667,668,669,678,679,680,681,682,689,690,691,697,698,699,700,701,702,709,710,711,715,736,741,757,762,778,799,804,820,825
0050_00119	10,11,12,13,19,20,21,22,179,180,186,187,256,284,285,287,309,333,334,338,340,342,345,347,353,356,357,367,371,372,381,382,383,385,406,407,417,421,431,435,441,442,444,447,453,463,471,491,499,517,521,525,536,538,542,543,545,549,553,554,557,565,568,571,572,574,575,579,580,583,585,591,595,596,600,604,607,609,615,618,619,620,632,635,638,640,641,642,652,656,661,663,664,665,667,668,669,672,673,678,679,680,681,682,685,687,689,690,691,693,694,699,700,701,702,705,706,709,710,711,715,736,762,778,783,799,804,825
0050_00120	10,11,12,15,16,19,20,144,146,147,179,181,182,284,285,286,287,300,333,334,336,339,341,345,346,352,353,366,375,391,392,393,394,421,440,444,452,529,536,537,541,570,580,583,593,603,612,614,644,646,647,657,684,685,696,709
0050_00121	10,11,12,15,16,17,19,20,144,146,147,179,181,182,256,257,258,259,284,285,286,287,333,341,352,353,356,358,359,360,366,374,375,376,377,378,379,380,382,385,387,388,389,390,391,392,397,398,404,417,419,421,432,438,439,440,442,443,444,448,450,451,452,454,465,473,483,485,486,488,492,494,495,496,500,505,507,520,522,524,531,536,537,539,541,546,548,550,554,556,561,570,573,581,586,594,597,602,603,612,614,622,625,629,637,646,647,648,651,655,658,674,675
0050_00122	10,11,12,19,20,21,179,180,185,186,187,193,256,258,284,285,287,309,333,334,340,342,345,347,353,356,357,367,371,372,382,383,385,406,407,417,431,435,442,447,471,477,491,499,517,521,525,542,543,545,549,553,557,565,566,568,571,572,574,575,576,579,583,585,590,591,595,596,600,604,605,607,609,615,618,619,620,621,627,632,633,635,638,640,641,642,652,654,656,661,663,664,665,667,668,669,678,679,680,681,682,689,690,691,697,698,699,700,701,702,709,710,711,715,736,741,757,762,778,799,804,820,825
0050_00123	10,11,12,19,20,21,179,180,256,284,285,287,309,333,334,342,345,353,356,357,371,372,381,382,383,385,407,417,421,431,435,441,442,444,447,453,471,491,499,517,521,525,536,542,543,545,549,553,557,565,568,571,574,575,579,580,583,585,591,596,600,604,607,609,618,619,620,632,635,638,641,642,652,656,661,664,665,668,669,678,679,680,681,685,689,690,693,697,699,700,705,709,710,711,715,736,762,778,799,825
0050_00124	10,11,19,20,21,179,180,256,284,285,287,309,333,334,342,345,353,356,357,371,372,381,382,383,385,407,417,421,431,435,441,442,444,447,453,471,491,494,499,517,521,525,536,542,543,549,553,554,557,565,571,574,575,576,579,580,582,583,585,591,596,598,600,604,607,609,618,619,620,624,626,635,638,640,641,642,643,652,656,661,665,668,669,672,673,678,679,680,681,682,685,687,689,690,693,699,700,705,709,710,711,720,736,757,783,799,820
0050_00125	10,11,12,13,19,20,21,22,179,180,185,186,187,192,193,194,200,201,207,256,258,260,262,284,285,287,309,333,334,336,340,342,345,347,353,356,357,367,371,372,382,383,385,406,407,417,431,435,442,447,471,477,491,499,517,521,525,542,543,545,549,553,557,565,566,568,571,572,574,575,576,579,583,585,590,591,595,596,600,604,605,607,609,615,618,619,620,621,627,632,633,635,638,640,641,642,652,654,656,661,663,664,665,667,668,669,678,679,680,681,682,689,690,691,697,698,699,700,701,702,709,710,711,713,715,735,736,741,757,762,778,798,799,804,820,825
0050_00126	10,11,12,19,20,179,180,256,284,285,287,309,333,334,342,345,353,356,357,371,372,381,382,383,385,407,417,421,431,435,441,442,444,447,453,471,491,499,517,521,525,536,542,543,549,553,557,565,571,574,575,579,580,583,585,591,596,598,600,604,607,609,618,619,620,635,638,641,642,652,656,661,665,668,669,678,679,680,681,685,689,690,693,697,699,705,709,710,711,715,778
0050_00127	10,11,12,15,19,20,179,180,256,284,285,286,287,300,309,333,334,345,346,352,353,356,357,366,371,372,381,385,391,393,394,407,417,421,431,435,440,441,442,444,447,452,453,465,471,491,494,517,521,525,529,536,537,541,550,553,554,557,565,567,571,579,580,583,585,593,596,598,600,603,604,608,609,614,619,624,629,634,635,641,646,647,657,660,661,665,669,672,673,678,679,680,684,685,689,693,705,709,710,711
0050_00128	10,11,12,19,20,21,179,180,256,284,285,287,309,333,334,342,345,353,356,357,371,372,381,382,383,385,407,417,421,431,435,441,442,444,447,453,471,491,499,517,521,525,542,543,545,549,553,554,557,565,568,571,574,575,579,583,585,591,596,600,604,607,609,618,619,620,632,635,638,641,642,652,656,661,664,665,668,669,672,673,678,679,680,681,689,690,700,709,710,711,715,736,762,778,799,825
0050_00129	10,11,12,19,20,21,179,180,256,284,285,287,309,333,334,342,345,353,356,357,367,371,372,375,381,382,383,385,406,407,417,421,431,435,441,442,444,447,453,471,477,491,494,499,517,521,525,536,542,543,545,549,553,554,557,565,566,568,571,574,575,579,580,583,585,590,591,595,596,598,600,604,605,607,609,618,619,620,624,627,631,632,635,638,641,642,652,656,661,663,664,665,667,668,669,672,673,678,679,680,681,682,685,687,689,690,691,693,694,699,700,702,705,706,709,710,711,715,736,762,778,799,825
0050_00130	10,11,12,19,20,21,179,180,185,186,187,193,256,258,284,285,287,309,333,334,340,342,345,347,353,356,357,367,371,372,382,383,385,406,407,417,431,435,442,447,471,477,491,499,517,521,525,542,543,545,549,553,557,565,566,568,571,572,574,575,576,579,583,585,590,591,595,596,600,604,605,607,609,615,618,619,620,621,627,632,633,635,638,640,641,642,652,654,656,661,663,664,665,667,668,669,678,679,680,681,682,689,690,691,697,698,699,700,701,702,709,710,711,715,736,741,757,762,778,799,804,820,825
0050_00131	10,11,12,19,20,21,179,180,182,186,256,257,258,284,285,287,309,333,334,342,345,353,356,357,371,372,381,382,383,385,386,406,407,410,417,421,431,433,435,441,442,444,447,453,471,477,491,494,499,517,521,525,536,542,543,545,549,553,554,557,565,566,568,571,574,575,576,579,580,582,583,585,590,591,595,596,598,600,604,605,607,609,615,618,619,620,621,623,624,626,627,632,633,635,638,640,641,642,643,652,654,656,661,664,665,667,668,669,672,673,678,679,680,681,682,685,687,689,690,691,693,694,695,697,699,700,701,702,705,706,707,709,710,711,715,720,736,741,757,762,778,783,799,804,820,825
0050_00132	10,11,12,19,20,21,179,180,256,284,285,287,309,333,334,342,345,353,356,357,367,371,372,375,381,382,383,385,406,407,417,421,431,435,441,442,444,447,453,471,477,491,499,517,521,525,536,542,543,545,549,553,557,565,566,568,571,574,575,579,580,583,585,590,591,595,596,598,600,604,605,607,609,618,619,620,627,631,632,635,638,641,642,652,656,661,663,664,665,667,668,669,678,679,680,681,685,689,690,691,693,694,697,699,700,701,702,705,706,709,710,711,715,736,762,778,799,825
0050_00133	10,11,12,13,19,20,21,22,179,180,182,186,187,189,193,200,256,258,284,285,287,309,333,334,340,342,345,347,348,353,356,357,367,368,371,372,375,381,382,383,385,406,407,417,421,431,435,441,442,444,447,453,471,491,499,517,521,525,542,543,545,549,553,554,557,564,565,568,571,572,574,575,579,583,585,591,595,596,600,604,607,609,611,615,618,619,620,632,635,638,640,641,642,652,656,661,662,663,664,665,667,668,669,672,673,678,679,680,681,682,689,690,691,697,699,700,701,702,709,710,711,715,736,762,778,799,825
0050_00134	10,11,12,13,19,20,21,22,179,180,182,186,187,189,193,200,256,257,258,260,284,285,287,309,333,334,340,342,345,347,353,356,357,367,371,372,382,383,385,386,406,407,410,417,421,431,433,435,442,444,447,471,477,491,494,499,517,521,525,536,542,543,549,553,554,557,565,566,568,571,572,574,575,576,579,580,582,583,585,589,590,591,595,596,598,600,604,605,607,609,615,618,619,620,621,624,626,627,633,635,638,640,641,642,643,652,654,656,661,663,664,665,667,668,669,672,673,678,679,680,681,682,685,687,689,690,691,693,694,697,698,699,700,701,702,705,706,709,710,711,715,735,741,757,778,798,804,820
0050_00135	10,11,12,19,20,179,180,256,284,285,287,309,333,334,342,345,353,356,357,371,372,381,382,383,385,407,417,421,431,435,441,442,444,447,453,471,491,499,517,521,525,536,542,543,549,553,557,565,571,574,575,579,580,583,585,591,596,598,600,604,607,609,618,619,620,635,638,641,642,652,656,661,665,668,669,678,679,680,681,682,685,687,689,690,693,697,699,705,709,710,711,757,820
0050_00136	10,11,12,19,20,179,180,256,284,285,287,309,333,334,342,345,353,356,357,371,372,381,382,383,385,407,417,421,431,435,441,442,444,447,453,471,491,499,517,521,525,536,542,543,549,553,557,565,571,574,575,579,580,583,585,591,596,600,604,607,609,618,619,620,635,638,641,642,652,656,661,665,668,669,678,679,680,681,685,689,690,693,697,699,700,705,709,710,711,736,799
0050_00137	10,11,12,19,20,179,180,256,284,285,287,309,333,334,342,345,353,356,357,371,372,381,382,383,385,407,417,421,431,435,441,442,444,447,453,471,491,499,517,521,525,536,542,543,549,553,557,565,571,574,575,579,580,583,585,591,596,600,604,607,609,618,619,620,635,638,641,642,652,656,661,665,668,669,678,679,680,681,685,689,690,693,697,699,705,709,710,711,715,778
0050_00138	10,11,12,15,16,19,20,144,146,147,179,181,182,284,285,286,287,300,333,334,336,339,341,345,346,352,353,366,375,391,392,393,394,421,440,444,452,529,536,537,541,570,580,583,593,603,612,614,644,646,647,657,684,685,696,709,710
0050_00139	10,11,12,19,20,179,180,256,284,285,287,309,333,334,342,345,353,356,357,371,372,381,382,383,385,407,417,421,431,435,441,442,444,447,453,471,491,499,517,521,525,542,543,549,553,554,557,565,571,574,575,579,583,585,591,596,600,604,607,609,618,619,620,635,638,641,642,652,656,661,665,668,669,672,673,678,679,680,681,689,690,709,710,711,715,778
0050_00140	10,11,12,19,20,179,180,256,284,285,287,309,333,334,342,345,347,353,356,357,367,371,372,375,382,383,385,406,407,417,421,431,435,437,442,444,447,449,471,477,491,494,499,517,521,525,536,542,543,545,549,553,554,557,565,566,568,571,574,575,579,580,583,585,590,591,595,596,598,600,604,605,607,609,618,619,620,624,627,631,632,635,638,641,642,652,656,661,663,664,665,667,668,669,672,673,678,679,680,681,685,687,689,690,693,694,700,705,706,709,710,711,715,736,762,778,799,825
0050_00141	10,11,12,13,19,20,21,22,179,180,185,186,187,193,194,200,256,258,260,284,285,287,309,333,334,340,342,345,347,353,356,357,367,371,372,381,382,383,385,406,407,417,421,431,435,441,442,444,447,453,471,477,491,494,499,517,521,525,536,542,543,545,549,553,554,557,565,566,568,571,574,575,576,579,580,583,585,590,591,595,596,598,600,604,605,607,609,615,618,619,620,621,624,627,632,633,635,638,640,641,642,652,654,656,661,663,664,665,667,668,669,672,673,678,679,680,681,682,685,687,689,690,691,693,694,697,698,699,700,701,702,705,706,709,710,711,715,736,741,757,762,778,799,804,820,825
0050_00142	10,11,12,19,20,21,179,180,256,284,285,287,309,333,334,342,345,353,356,357,367,371,372,375,381,382,383,385,406,407,417,421,431,435,441,442,444,447,453,471,477,491,499,517,521,525,536,542,543,545,549,553,557,565,566,568,571,574,575,579,580,583,585,590,591,595,596,600,604,605,607,609,618,619,620,627,631,632,635,638,641,642,652,656,661,663,664,665,667,668,669,678,679,680,681,685,689,690,693,697,699,700,705,709,710,711,715,736,762,778,799,825
0050_00143	10,11,12,13,19,20,21,22,179,180,185,186,187,192,193,194,199,200,201,207,256,258,260,262,284,285,287,309,333,334,336,340,342,345,347,353,356,357,367,371,372,381,382,383,385,406,407,417,431,435,442,447,471,477,491,499,517,521,525,542,543,545,549,553,557,564,565,566,568,571,572,574,575,576,579,583,585,590,591,595,596,600,604,605,607,609,611,615,618,619,620,621,627,632,633,635,638,640,641,642,652,654,656,661,662,663,664,665,667,668,669,678,679,680,681,682,689,690,691,697,698,699,700,701,702,709,710,711,713,715,735,736,741,757,762,778,798,799,804,820,825
0050_00144	10,11,12,19,20,21,179,180,256,284,285,287,309,333,334,342,345,353,356,357,367,371,372,375,381,382,383,385,406,407,417,421,431,435,441,442,444,447,453,471,477,491,499,517,521,525,542,543,545,549,553,554,557,565,566,568,571,574,575,576,579,583,585,590,591,595,596,600,604,605,607,609,618,619,620,627,631,632,635,638,640,641,642,652,654,656,661,663,664,665,667,668,669,672,673,678,679,680,681,689,690,691,700,701,702,709,710,711,715,736,741,762,778,799,804,825
0050_00145	10,11,12,13,19,20,21,22,179,180,182,185,186,187,189,193,200,207,256,258,284,285,287,309,333,334,340,342,345,347,348,353,356,357,367,368,371,372,375,381,382,383,385,406,407,417,421,431,433,435,442,444,447,471,477,491,494,499,517,521,525,536,542,543,549,553,554,557,564,565,566,568,571,572,574,575,576,579,580,582,583,585,590,591,595,596,598,600,604,605,607,609,611,615,618,619,620,621,624,626,627,633,635,638,640,641,642,643,652,654,656,661,662,663,664,665,667,668,669,672,678,679,680,681,682,685,689,690,691,693,694,697,698,699,701,702,705,706,709,710,711,715,741,757,778,804,820
0050_00146	10,11,12,19,20,21,179,180,256,284,285,287,309,333,334,342,345,353,356,357,367,371,372,375,381,382,383,385,406,407,417,421,431,435,441,442,444,447,453,471,477,491,499,517,521,525,542,543,545,549,553,554,557,565,566,568,571,574,575,579,583,585,590,591,595,596,600,604,605,607,609,618,619,620,627,631,632,635,638,641,642,652,656,661,663,664,665,667,668,669,672,673,678,679,680,681,689,690,700,709,710,711,715,736,762,778,799,825
0050_00147	10,11,12,13,19,20,21,22,179,180,182,186,187,189,193,200,256,257,258,260,284,285,287,309,333,334,340,342,345,347,348,353,356,357,367,368,371,372,381,382,383,385,386,406,407,410,417,421,431,433,435,441,442,444,447,453,463,471,477,491,494,499,517,521,525,536,538,542,543,545,549,553,554,557,564,565,566,568,571,572,574,575,576,579,580,582,583,585,589,590,591,595,596,598,600,604,605,606,607,609,611,615,618,619,620,621,624,626,627,631,633,635,638,640,641,642,643,652,654,656,661,662,663,664,665,667,668,669,672,673,678,679,680,681,682,685,687,689,690,691,693,694,697,698,699,701,702,705,706,709,710,711,715,741,757,778,804,820
0050_00148	10,11,12,13,19,20,21,22,179,180,182,186,187,189,193,200,256,257,258,260,284,285,287,309,333,334,340,342,345,347,348,353,356,357,367,368,371,372,381,382,383,385,386,406,407,410,417,421,431,433,435,442,444,447,471,477,491,494,499,517,521,525,536,542,543,549,553,554,557,564,565,566,568,571,572,574,575,576,579,580,582,583,585,589,590,591,595,596,598,600,604,605,607,609,611,615,618,619,620,621,624,626,627,633,635,638,640,641,642,643,652,654,656,661,662,663,664,665,667,668,669,672,673,678,679,680,681,682,685,689,690,691,693,694,697,698,699,701,702,705,706,709,710,711,715,741,757,778,804,820
0050_00149	10,11,12,13,19,20,21,22,179,180,182,185,186,187,189,193,200,207,256,258,284,285,287,309,333,334,340,342,345,347,348,353,356,357,367,368,371,372,375,381,382,383,385,406,407,417,421,431,433,435,442,444,447,471,477,491,494,499,517,521,525,536,542,543,545,549,553,554,557,564,565,566,568,571,572,574,575,576,579,580,582,583,585,590,591,595,596,598,600,604,605,607,609,611,615,618,619,620,621,624,626,627,631,632,633,635,638,640,641,642,643,652,654,656,661,662,663,664,665,667,668,669,672,678,679,680,681,682,685,689,690,691,693,694,697,698,699,700,701,702,705,706,709,710,711,715,736,741,757,762,778,799,804,820,825
0050_00150	10,11,12,19,20,179,180,182,186,256,257,258,284,285,287,309,333,334,342,345,353,356,357,371,372,381,382,383,385,386,406,407,410,417,421,431,433,435,441,442,444,447,453,471,477,491,494,499,517,521,525,536,542,543,549,553,554,557,565,566,571,574,575,576,579,580,582,583,585,590,591,595,596,598,600,604,605,607,609,615,618,619,620,621,623,624,626,627,633,635,638,640,641,642,643,652,654,656,661,665,667,668,669,672,673,678,679,680,681,685,689,690,691,693,694,695,697,699,701,702,705,706,707,709,710,711,715,741,757,778,804,820
0050_00151	10,11,12,19,20,21,179,180,256,284,285,287,309,333,334,342,345,353,356,357,367,371,372,375,381,382,383,385,406,407,417,421,431,435,441,442,444,447,453,471,477,491,494,499,517,521,525,536,542,543,545,549,553,554,557,565,566,568,571,574,575,579,580,583,585,590,595,596,598,600,604,605,607,609,618,619,620,624,627,631,635,638,641,642,652,656,661,663,665,667,668,669,672,673,678,679,680,681,682,685,687,689,690,691,693,694,699,700,701,702,705,706,709,710,711,715,736,762,778,799,825
0050_00152	10,11,12,19,20,21,179,180,185,186,187,193,256,258,284,285,287,309,333,334,340,342,345,347,353,356,357,367,371,372,382,383,385,406,407,417,421,431,433,435,442,444,447,463,471,477,491,494,499,517,521,525,536,538,542,543,545,549,553,554,557,565,566,568,571,572,574,575,576,579,580,582,583,585,590,591,595,596,598,600,604,605,607,609,615,618,619,620,621,624,626,627,632,633,635,638,640,641,642,643,652,654,656,661,663,664,665,667,668,669,672,678,679,680,681,682,685,689,690,691,693,694,697,698,699,700,701,702,705,706,709,710,711,715,736,741,757,762,778,799,804,820,825
0050_00153	10,11,12,19,20,21,179,180,256,284,285,287,309,333,334,342,345,353,356,357,371,372,381,382,383,385,407,417,421,431,435,441,442,444,447,453,471,491,499,517,521,525,536,542,543,545,549,553,557,565,568,571,574,575,579,580,583,585,591,596,600,604,607,609,618,619,620,632,635,638,641,642,652,656,661,664,665,668,669,678,679,680,681,685,689,690,693,697,698,699,700,705,709,710,711,715,736,762,778,799,825
0050_00154	10,11,12,13,19,20,21,22,179,180,186,187,256,258,284,285,287,309,333,334,340,342,345,347,353,356,357,367,371,372,381,382,383,385,406,407,417,421,431,435,441,442,444,447,453,463,471,491,499,517,521,525,536,538,542,543,545,549,553,554,557,565,568,571,574,575,579,580,583,585,591,595,596,600,604,606,607,609,615,618,619,620,632,635,638,641,642,652,656,661,663,664,665,667,668,669,672,673,678,679,680,681,685,689,690,691,693,697,699,700,701,702,705,709,710,711,715,736,762,778,799,825
0050_00155	10,11,12,13,19,20,21,22,179,180,182,186,187,193,256,258,284,285,287,309,333,334,340,342,345,347,348,353,356,357,367,368,371,372,381,382,383,385,406,407,417,421,431,433,435,442,444,447,471,477,491,494,499,517,521,525,536,542,543,549,553,554,557,564,565,566,568,571,572,574,575,576,579,580,582,583,585,590,591,595,596,598,600,604,605,607,609,611,615,618,619,620,621,624,626,627,633,635,638,640,641,642,643,652,654,656,661,662,663,664,665,667,668,669,672,678,679,680,681,682,685,689,690,691,693,694,697,698,699,701,702,705,706,709,710,711,715,741,757,778,804,820
0050_00156	10,11,12,19,20,21,22,179,180,182,186,187,193,256,257,258,260,284,285,287,309,333,334,342,345,353,356,357,371,372,382,383,385,386,406,407,410,417,421,431,433,435,442,444,447,463,471,477,491,494,499,521,525,536,538,542,543,545,549,553,554,557,565,566,568,571,574,575,576,579,580,582,583,585,589,590,591,595,596,598,600,604,605,607,609,615,618,619,620,621,624,626,627,631,632,633,635,638,640,641,642,643,652,654,656,661,663,664,665,667,668,669,672,673,678,679,680,681,682,685,687,689,690,691,693,694,697,698,699,700,701,702,705,706,709,710,711,715,736,741,757,762,778,799,804,820,825
0050_00157	10,11,12,19,20,21,179,180,182,186,187,193,256,257,258,260,284,285,287,309,333,334,342,345,353,356,357,371,372,382,383,385,386,406,407,410,417,421,431,433,435,442,444,447,463,471,477,491,494,499,517,521,525,536,538,542,543,545,549,553,554,557,565,566,568,571,574,575,576,579,580,582,583,585,589,590,591,595,596,598,600,604,605,607,609,615,618,619,620,621,624,626,627,631,632,633,635,638,640,641,642,643,652,654,656,661,663,664,665,667,668,669,672,673,678,679,680,681,682,685,687,689,690,691,693,694,697,698,699,700,701,702,705,706,709,710,711,715,736,741,757,762,778,799,804,820,825
0050_00158	10,11,12,13,19,20,21,144,147,179,180,186,187,256,258,284,285,287,309,333,334,336,340,342,345,347,353,356,357,367,371,372,375,382,383,385,406,407,417,431,435,442,447,471,477,491,499,517,521,525,542,543,545,549,553,557,565,566,568,571,572,574,575,579,583,585,590,591,595,596,600,604,605,607,609,615,618,619,620,627,631,632,635,638,640,641,642,652,656,661,663,664,665,667,668,669,678,679,680,681,682,689,690,691,697,698,699,700,701,702,709,710,711,713,715,736,762,778,799,825
0050_00159	10,11,12,19,20,179,180,186,187,256,258,284,285,287,309,333,334,342,345,353,356,357,371,372,382,383,385,407,417,431,435,442,447,471,491,499,517,521,525,542,543,549,553,557,565,571,574,575,576,579,583,585,591,596,600,604,607,609,618,619,620,635,638,640,641,642,652,654,656,661,665,668,669,678,679,680,681,689,690,691,700,702,709,710,711,715,736,741,778,799,804
0050_00160	10,11,12,19,20,21,22,34,179,180,182,186,187,193,256,257,258,260,284,285,287,309,333,334,342,345,353,356,357,371,372,382,383,385,386,406,407,409,410,417,421,431,433,435,442,444,447,459,460,463,471,477,491,494,499,517,521,525,536,538,542,543,545,549,553,554,557,565,566,568,571,574,575,576,579,580,582,583,585,589,590,591,595,596,598,600,604,605,607,609,615,618,619,620,621,624,626,627,631,632,633,635,638,640,641,642,643,652,654,656,661,663,664,665,667,668,669,672,673,678,679,680,681,682,685,687,689,690,691,693,694,697,698,699,700,701,702,705,706,709,710,711,715,736,741,757,762,778,799,804,820,825
0050_00161	10,11,19,20,179,180,256,284,285,287,309,333,334,342,345,353,356,357,371,372,381,382,383,385,407,417,421,431,435,441,442,444,447,453,471,491,494,499,517,521,525,536,542,543,549,553,554,557,565,571,574,575,576,579,580,582,583,585,591,596,598,600,604,607,609,618,619,620,624,626,635,638,640,641,642,643,652,656,661,665,668,669,672,673,678,679,680,681,685,689,690,693,699,705,709,710,711,757,820
0050_00162	10,11,12,19,20,21,179,180,182,186,187,193,256,257,258,260,284,285,287,309,333,334,342,345,353,356,357,371,372,381,382,383,385,386,406,407,410,417,421,431,433,435,441,442,444,447,453,471,477,491,494,499,517,521,525,536,542,543,549,553,554,557,565,566,571,574,575,576,579,580,582,583,585,590,591,595,596,598,600,604,605,607,609,615,618,619,620,621,623,624,626,627,633,635,638,640,641,642,643,652,654,656,661,665,667,668,669,672,673,678,679,680,681,682,685,687,689,690,691,693,694,695,697,698,699,700,701,702,705,706,707,709,710,711,713,715,736,741,756,757,778,799,804,819,820
0050_00163	10,11,12,13,19,20,21,179,180,186,187,256,258,284,285,287,309,333,334,336,342,345,347,353,356,357,367,371,372,382,383,385,407,417,431,435,442,447,471,491,499,517,521,525,542,543,549,553,557,565,571,572,574,575,579,583,585,591,596,600,604,607,609,618,619,620,635,638,641,642,652,656,661,665,668,669,678,679,680,681,682,689,690,697,698,699,700,709,710,711,713,736,799
0050_00164	10,11,12,19,20,21,22,34,179,180,182,186,187,193,256,257,258,260,284,285,287,309,333,334,342,345,353,356,357,371,372,382,383,385,386,406,407,409,410,417,421,431,433,435,442,444,447,459,460,463,471,477,491,494,499,517,521,525,536,538,542,543,545,549,553,554,557,565,566,568,571,574,575,576,579,580,582,583,585,589,590,591,595,596,598,600,604,605,607,609,615,618,619,620,621,624,626,627,631,632,633,635,638,640,641,642,643,652,654,656,661,663,664,665,667,668,669,672,673,678,679,680,681,682,685,687,689,690,691,693,694,697,698,699,700,701,702,705,706,709,710,711,715,736,741,757,762,778,799,804,820,825
0050_00165	10,11,12,19,20,21,179,180,182,186,187,193,256,257,258,260,284,285,287,309,333,334,342,345,347,353,356,357,367,371,372,382,383,385,386,406,407,410,417,421,431,433,435,437,442,444,447,449,471,477,491,494,499,517,521,525,536,542,543,549,553,554,557,565,566,571,574,575,576,579,580,582,583,585,589,590,591,595,596,598,600,604,605,607,609,615,618,619,620,621,624,626,627,633,635,638,640,641,642,643,652,654,656,661,665,667,668,669,672,673,678,679,680,681,685,689,690,691,693,694,697,698,699,700,701,702,705,706,709,710,711,713,715,741,757,778,804,820
0050_00166	10,11,12,19,20,21,179,180,182,186,187,193,256,257,258,260,284,285,287,309,333,334,342,345,353,356,357,371,372,382,383,385,386,406,407,410,417,421,431,433,435,442,444,447,471,477,491,494,499,517,521,525,536,542,543,545,549,553,554,557,565,566,568,571,574,575,576,579,580,582,583,585,589,590,591,595,596,598,600,604,605,607,609,615,618,619,620,621,624,626,627,632,633,635,638,640,641,642,643,652,654,656,661,664,665,667,668,669,672,673,678,679,680,681,682,685,687,689,690,691,693,694,697,698,699,700,701,702,705,706,709,710,711,715,736,741,757,762,778,799,804,820,825
0050_00167	10,11,12,19,20,179,180,256,284,285,287,309,333,334,336,342,345,353,356,357,371,372,375,381,382,383,385,407,417,421,431,435,441,442,444,447,453,471,491,499,517,521,525,536,542,543,549,553,557,565,571,574,575,579,580,583,585,591,596,598,600,604,607,609,618,619,620,635,638,641,642,652,656,661,665,668,669,678,679,680,681,685,689,690,691,693,694,697,698,699,700,702,705,706,709,710,711,713,736,799
0050_00168	10,11,12,19,20,21,179,180,185,186,187,193,256,258,284,285,287,309,333,334,340,342,345,347,353,356,357,367,371,372,382,383,385,406,407,417,421,431,433,435,442,444,447,471,477,491,494,499,517,521,525,536,542,543,545,549,553,554,557,565,566,568,571,574,575,576,579,580,582,583,585,590,591,595,596,598,600,604,605,607,609,615,618,619,620,621,624,626,627,632,633,635,638,640,641,642,643,652,654,656,661,664,665,667,668,669,672,678,679,680,681,682,685,689,690,691,693,694,697,698,699,700,701,702,705,706,709,710,711,715,736,741,757,762,778,799,804,820,825
0050_00169	10,11,12,19,20,21,179,180,182,186,187,193,256,257,258,260,284,285,287,309,333,334,342,345,353,356,357,371,372,382,383,385,386,406,407,410,417,421,431,433,435,442,444,447,463,471,477,491,494,499,517,521,525,536,538,542,543,545,549,553,554,557,565,566,568,571,574,575,576,579,580,582,583,585,589,590,591,595,596,598,600,604,605,607,609,615,618,619,620,621,624,626,627,631,632,633,635,638,640,641,642,643,652,654,656,661,663,664,665,667,668,669,672,673,678,679,680,681,682,685,687,689,690,691,693,694,697,698,699,700,701,702,705,706,709,710,711,715,736,741,757,762,778,799,804,820,825
0050_00170	10,11,12,19,20,21,144,147,179,180,182,186,256,257,258,259,260,284,285,287,309,333,334,342,345,347,353,356,357,367,371,372,381,382,383,385,386,406,407,410,417,421,431,433,435,437,441,442,444,447,449,453,471,477,491,494,499,517,521,525,536,542,543,549,553,554,557,565,566,571,574,575,576,579,580,582,583,585,589,590,591,595,596,598,604,605,607,609,615,618,619,620,621,623,624,626,627,633,635,638,640,641,642,643,652,654,656,661,665,667,668,669,672,673,678,679,680,681,682,685,687,689,690,691,693,694,695,697,698,699,700,701,702,705,706,707,709,710,711,715,735,741,757,778,798,804,820
0050_00171	10,11,12,19,20,21,179,180,186,187,256,258,284,285,287,309,333,334,342,345,353,356,357,371,372,382,383,385,407,417,421,431,433,435,442,444,447,471,491,494,499,517,521,525,536,542,543,549,553,554,557,565,571,574,575,576,579,580,582,583,585,591,596,598,600,604,607,609,618,619,620,624,626,635,638,640,641,642,643,652,654,656,661,665,668,669,672,678,679,680,681,685,689,690,691,693,694,697,698,699,702,705,706,709,710,711,715,741,757,778,804,820
0050_00172	10,11,12,19,20,21,179,180,182,186,187,193,256,257,258,260,284,285,287,309,333,334,342,345,347,353,356,357,367,371,372,382,383,385,386,406,407,410,417,421,431,433,435,437,442,444,447,449,471,477,491,494,499,517,521,525,536,542,543,549,553,554,557,565,566,571,574,575,576,579,580,582,583,585,589,590,591,595,596,598,600,604,605,607,609,615,618,619,620,621,624,626,627,633,635,638,640,641,642,643,652,654,656,661,665,667,668,669,672,673,678,679,680,681,685,689,690,691,693,694,697,698,699,700,701,702,705,706,709,710,711,713,715,741,757,778,804,820
0050_00173	10,11,12,19,20,21,179,180,185,186,187,193,256,258,284,285,287,309,333,334,340,342,345,347,353,356,357,367,371,372,382,383,385,406,407,417,421,431,433,435,442,444,447,471,477,491,494,499,517,521,525,536,542,543,549,553,554,557,565,566,571,574,575,576,579,580,582,583,585,590,591,595,596,598,600,604,605,607,609,615,618,619,620,621,624,626,627,633,635,638,640,641,642,643,652,654,656,661,665,667,668,669,672,678,679,680,681,685,689,690,691,693,694,697,698,699,701,702,705,706,709,710,711,715,741,757,778,804,820
0050_00174	10,11,12,19,20,21,179,180,182,186,187,193,256,257,258,260,284,285,287,309,333,334,342,345,353,356,357,371,372,382,383,385,386,406,407,410,417,421,431,433,435,442,444,447,463,471,477,491,494,499,517,521,525,536,538,542,543,545,549,553,554,557,565,566,568,571,574,575,576,579,580,582,583,585,589,590,591,595,596,598,600,604,605,607,609,615,618,619,620,621,624,626,627,631,632,633,635,638,640,641,642,643,652,654,656,661,663,664,665,667,668,669,672,673,678,679,680,681,682,685,687,689,690,691,693,694,697,698,699,701,702,705,706,709,710,711,715,741,757,778,804,820
0050_00175	10,11,12,13,19,20,21,179,180,185,186,187,193,256,258,284,285,287,309,333,334,340,342,345,347,353,356,357,367,371,372,375,382,383,385,406,407,417,421,431,433,435,442,444,447,471,477,491,494,499,517,521,525,536,542,543,545,549,553,554,557,565,566,568,571,574,575,576,579,580,582,583,585,590,591,595,596,598,600,604,605,607,609,615,618,619,620,621,624,626,627,631,632,633,635,638,640,641,642,643,652,654,656,661,663,664,665,667,668,669,672,678,679,680,681,682,685,689,690,691,693,694,697,698,699,700,701,702,705,706,709,710,711,715,736,741,757,762,778,799,804,820,825
0050_00176	10,11,12,13,19,20,21,179,180,185,186,187,193,256,258,284,285,287,309,333,334,340,342,345,347,353,356,357,367,371,372,375,382,383,385,406,407,417,421,431,433,435,442,444,447,471,477,491,494,499,517,521,525,536,542,543,545,549,553,554,557,565,566,568,571,574,575,576,579,580,582,583,585,590,591,595,596,598,600,604,605,607,609,615,618,619,620,621,624,626,627,631,632,633,635,638,640,641,642,643,652,654,656,661,663,664,665,667,668,669,672,678,679,680,681,682,685,689,690,691,693,694,697,698,699,700,701,702,705,706,709,710,711,715,736,741,757,762,778,799,804,820,825
0050_00177	10,11,12,13,19,20,21,179,180,182,186,187,193,256,257,258,260,284,285,287,309,333,334,342,345,353,356,357,367,371,372,375,382,383,385,386,406,407,410,417,421,431,433,435,442,444,447,463,471,477,491,494,499,517,521,525,536,538,542,543,545,549,553,554,557,565,566,568,571,574,575,576,579,580,582,583,585,589,590,591,595,596,598,600,604,605,607,609,615,618,619,620,621,624,626,627,631,632,633,635,638,640,641,642,643,652,654,656,661,663,664,665,667,668,669,672,673,678,679,680,681,682,685,687,689,690,691,693,694,697,698,699,700,701,702,705,706,709,710,711,715,736,741,757,762,778,799,804,820,825
0050_00178	10,11,12,13,19,20,21,179,180,182,186,187,193,256,257,258,260,284,285,287,309,333,334,342,345,353,356,357,367,371,372,375,382,383,385,386,406,407,410,417,421,431,433,435,442,444,447,471,477,491,494,499,517,521,525,536,542,543,545,549,553,554,557,565,566,568,571,574,575,576,579,580,582,583,585,589,590,591,595,596,598,600,604,605,607,609,615,618,619,620,621,624,626,627,631,632,633,635,638,640,641,642,643,652,654,656,661,663,664,665,667,668,669,672,673,678,679,680,681,682,685,687,689,690,691,693,694,697,698,699,700,701,702,705,706,709,710,711,715,736,741,757,762,778,799,804,820,825
0050_00179	10,11,12,13,15,19,20,144,145,147,151,179,180,181,182,186,187,193,194,200,284,285,286,287,300,309,333,334,335,336,340,341,342,345,346,347,352,353,366,367,375,391,393,394,406,407,529,541,560,572,583,593,613,614,615,618,638,644,657,680,681,683,684,689,690,692,697,698,699,700,709,710,711,712,713,777,778,798,799,819,840,841,861,862
0050_00180	10,11,12,13,19,20,21,179,180,182,186,187,193,256,257,258,260,284,285,287,309,333,334,342,345,353,356,357,367,371,372,375,382,383,385,386,406,407,410,417,421,431,433,435,442,444,447,463,471,477,491,494,499,517,521,525,536,538,542,543,545,549,553,554,557,565,566,568,571,574,575,576,579,580,582,583,585,589,590,591,595,596,598,600,604,605,607,609,615,618,619,620,621,624,626,627,631,632,633,635,638,640,641,642,643,652,654,656,661,663,664,665,667,668,669,672,673,678,679,680,681,682,685,687,689,690,691,693,694,697,698,699,700,701,702,705,706,709,710,711,715,736,741,757,762,778,799,804,820,825
0050_00181	10,11,12,19,20,179,180,182,186,187,193,256,257,258,260,284,285,287,309,333,334,342,345,353,356,357,371,372,381,382,383,385,386,406,407,410,417,421,431,433,435,441,442,444,447,453,471,477,491,494,499,517,521,525,536,542,543,549,553,554,557,565,566,571,574,575,576,579,580,582,583,585,590,591,595,596,598,600,604,605,607,609,615,618,619,620,621,623,624,626,627,633,635,638,640,641,642,643,652,654,656,661,665,667,668,669,672,673,678,679,680,681,685,689,690,691,693,694,695,697,698,699,700,701,702,705,706,707,709,710,711,713,715,741,756,757,778,804,819,820
0050_00182	10,11,12,13,19,20,21,179,180,182,186,187,193,256,257,258,260,284,285,287,309,333,334,342,345,347,353,356,357,367,371,372,375,382,383,385,386,406,407,410,417,421,431,433,435,437,442,444,447,449,471,477,491,494,499,517,521,525,536,542,543,549,553,554,557,565,566,571,574,575,576,579,580,582,583,585,589,590,591,595,596,598,600,604,605,607,609,615,618,619,620,621,624,626,627,633,635,638,640,641,642,643,652,654,656,661,665,667,668,669,672,673,678,679,680,681,685,689,690,691,693,694,697,698,699,700,701,702,705,706,709,710,711,713,715,741,757,778,804,820
0050_00183	10,11,12,13,19,20,21,179,180,182,186,187,193,256,257,258,260,284,285,287,309,333,334,342,345,353,356,357,367,371,372,375,382,383,385,386,406,407,410,417,421,431,433,435,442,444,447,463,471,477,491,494,499,517,521,525,536,538,542,543,545,549,553,554,557,565,566,568,571,574,575,576,579,580,582,583,585,589,590,591,595,596,598,600,604,605,607,609,615,618,619,620,621,624,626,627,631,632,633,635,638,640,641,642,643,652,654,656,661,663,664,665,667,668,669,672,673,678,679,680,681,682,685,687,689,690,691,693,694,697,698,699,700,701,702,705,706,709,710,711,715,736,741,757,762,778,799,804,820,825
0050_00184	10,11,12,19,20,21,144,147,179,180,182,186,256,257,258,259,260,284,285,287,333,334,342,345,347,353,356,357,367,371,372,375,381,382,383,385,386,406,410,417,421,431,433,435,437,441,442,444,447,449,453,471,477,491,494,499,517,521,525,536,542,543,549,553,554,557,565,566,571,574,575,576,579,580,582,583,585,589,590,595,596,598,604,605,607,609,615,619,620,621,623,624,626,627,633,635,638,640,641,642,643,652,654,656,661,665,667,669,672,673,678,679,680,681,682,685,687,689,690,691,693,694,695,697,698,699,700,701,702,705,706,707,709,710,711,715,735,741,757,778,798,804,820
0050_00185	10,11,12,13,19,20,21,179,180,182,186,187,193,256,257,258,260,284,285,287,333,334,342,345,353,356,357,367,371,372,375,382,383,385,386,406,410,417,421,431,433,435,442,444,447,471,477,491,494,499,517,521,525,536,542,543,545,549,553,554,557,565,566,568,571,574,575,576,579,580,582,583,585,589,590,595,596,598,600,604,605,607,609,615,619,620,621,624,626,627,631,633,635,638,640,641,642,643,652,654,656,661,663,665,667,669,672,673,678,679,680,681,682,685,687,689,690,691,693,694,697,698,699,700,701,702,705,706,709,710,711,715,720,736,741,757,762,778,783,799,804,820,825
0050_00186	10,11,12,13,19,20,21,22,179,180,182,186,187,193,256,257,258,260,284,285,287,333,334,342,345,353,356,357,367,371,372,375,382,383,385,386,406,410,417,421,431,433,435,442,444,447,463,471,477,491,494,499,517,521,525,536,538,542,543,545,549,553,554,557,565,566,568,571,574,575,576,579,580,582,583,585,589,590,595,596,598,600,604,605,606,607,609,615,619,620,621,624,626,627,631,633,635,638,640,641,642,643,652,654,656,661,663,665,667,669,672,673,678,679,680,681,682,685,687,689,690,691,693,694,697,698,699,700,701,702,705,706,709,710,711,715,720,736,741,757,762,778,783,799,804,820,825
0050_00187	10,11,12,13,19,20,21,179,180,185,186,187,193,256,258,284,285,287,309,333,334,340,342,345,347,353,356,357,367,371,372,375,382,383,385,406,407,417,421,431,433,435,442,444,447,471,477,491,494,499,517,521,525,536,542,543,549,553,554,557,565,566,571,574,575,576,579,580,582,583,585,590,591,595,596,598,600,604,605,607,609,615,618,619,620,621,624,626,627,633,635,638,640,641,642,643,652,654,656,661,665,667,668,669,672,678,679,680,681,685,689,690,691,693,694,697,698,699,701,702,705,706,709,710,711,715,741,757,778,804,820
0050_00188	10,11,12,13,19,20,21,179,180,182,186,187,193,256,257,258,260,284,285,287,309,333,334,342,345,353,356,357,367,371,372,375,382,383,385,386,406,407,410,417,421,431,433,435,442,444,447,463,471,477,491,494,499,517,521,525,536,538,542,543,545,549,553,554,557,565,566,568,571,574,575,576,579,580,582,583,585,589,590,591,595,596,598,600,604,605,607,609,615,618,619,620,621,624,626,627,631,632,633,635,638,640,641,642,643,652,654,656,661,663,664,665,667,668,669,672,673,678,679,680,681,682,685,687,689,690,691,693,694,697,698,699,701,702,705,706,709,710,711,715,741,757,778,804,820
0050_00189	10,11,12,13,19,20,21,179,180,182,186,187,193,256,257,258,260,284,285,287,309,333,334,342,345,347,353,356,357,367,371,372,375,382,383,385,386,406,407,410,417,421,431,433,435,437,442,444,447,449,471,477,491,494,499,517,521,525,536,542,543,549,553,554,557,565,566,571,574,575,576,579,580,582,583,585,589,590,591,595,596,598,600,604,605,607,609,615,618,619,620,621,624,626,627,633,635,638,640,641,642,643,652,654,656,661,665,667,668,669,672,673,678,679,680,681,685,689,690,691,693,694,697,698,699,700,701,702,705,706,709,710,711,713,715,741,757,778,804,820
0050_00190	10,11,12,13,19,20,21,179,180,186,187,256,258,284,285,287,309,333,334,342,345,353,356,357,367,371,372,375,382,383,385,406,407,417,421,431,433,435,442,444,447,471,477,491,499,517,521,525,536,542,543,545,549,553,554,557,565,566,568,571,574,575,579,580,583,585,589,590,591,595,596,600,604,605,607,609,618,619,620,627,631,632,635,638,641,642,652,656,661,663,664,665,667,668,669,672,673,678,679,680,681,689,690,700,709,710,711,715,736,762,778,799,825
0050_00191	10,11,12,13,15,19,20,144,150,179,180,181,182,186,256,284,285,286,287,333,334,342,345,346,352,353,356,357,366,367,368,371,372,381,382,383,385,391,392,406,417,421,431,435,440,442,444,447,452,465,471,477,491,499,517,521,525,541,542,543,545,549,553,554,557,564,565,566,568,571,574,575,579,583,585,590,593,595,596,600,604,605,607,609,611,614,619,620,627,631,635,638,641,642,646,647,652,656,657,661,662,663,665,667,669,672,673,678,679,680,681,684,689,690,700,709,710,711,715,736,762,778,799,825
0050_00192	10,11,12,13,19,20,21,179,180,182,186,187,193,256,257,258,260,284,285,287,333,334,342,345,353,356,357,367,371,372,375,382,383,385,386,406,410,417,421,431,433,435,442,444,447,463,471,477,491,494,499,517,521,525,536,538,542,543,545,549,553,554,557,565,566,568,571,574,575,576,579,580,582,583,585,589,590,595,596,598,600,604,605,606,607,609,615,619,620,621,624,626,627,631,633,635,638,640,641,642,643,652,654,656,661,663,665,667,669,672,673,678,679,680,681,682,685,687,689,690,691,693,694,697,698,699,700,701,702,705,706,709,710,711,715,720,736,741,757,762,778,783,799,804,820,825
0050_00193	10,11,12,13,15,19,20,179,180,256,284,285,286,287,300,309,333,334,336,342,345,346,352,353,356,357,366,367,371,372,375,382,383,385,391,393,394,406,407,417,421,431,435,440,442,444,447,452,465,471,477,491,499,517,521,525,529,536,541,542,543,545,549,550,553,557,565,566,568,571,574,575,579,580,583,585,590,591,593,595,596,600,604,605,607,608,609,614,618,619,620,627,629,631,632,634,635,638,641,642,644,646,647,652,656,657,661,663,664,665,667,668,669,678,679,680,681,683,684,685,689,690,692,693,700,703,709,710,711,715,736,762,778,799,825
0050_00194	10,11,12,13,19,20,144,145,147,151,179,180,183,186,187,193,256,257,284,285,287,309,333,334,335,336,338,342,345,347,353,356,357,367,371,372,375,382,385,406,407,410,417,421,431,433,435,437,442,444,447,449,471,477,491,494,499,517,521,525,536,542,543,549,553,554,557,565,566,568,571,572,574,575,579,580,583,585,590,595,596,598,600,604,605,607,609,615,618,620,621,624,627,633,635,638,641,642,652,656,661,664,665,667,669,672,673,678,679,680,681,685,689,690,693,697,698,699,700,705,709,710,711,712,713,777,778,798,799,819,820,840,841,861,862
0050_00195	10,11,12,13,19,20,179,180,185,186,256,284,285,287,309,333,334,336,338,342,345,353,356,357,375,382,383,385,406,407,417,431,442,471,477,491,499,521,525,542,549,553,557,565,566,571,574,575,579,583,585,590,591,595,596,604,605,607,609,615,618,619,620,621,627,633,635,638,641,642,652,656,661,665,667,668,669,678,679,680,681,682,689,690,697,698,699,700,709,710,711,713,714,720,735,736,756,757,777,783,798,799,819,820
0050_00196	10,11,12,13,19,20,21,144,147,179,180,182,186,256,257,258,259,260,284,285,287,333,334,342,345,347,353,356,357,367,371,372,375,381,382,383,385,386,406,410,417,421,431,433,435,437,441,442,444,447,449,453,471,477,491,494,499,517,521,525,536,542,543,549,553,554,557,565,566,571,574,575,576,579,580,582,583,585,589,590,595,596,598,600,604,605,607,609,615,619,620,621,623,624,626,627,633,635,638,640,641,642,643,652,654,656,661,665,667,669,672,673,678,679,680,681,682,685,687,689,690,691,693,694,695,697,698,699,700,701,702,705,706,707,709,710,711,715,735,741,757,778,798,804,820
0050_00197	10,11,12,13,19,20,179,180,183,186,187,193,194,200,201,207,284,285,287,309,333,334,335,336,340,342,345,347,353,367,375,381,407,417,421,431,435,441,442,444,447,453,491,525,536,557,572,580,583,600,618,638,641,661,679,680,681,685,689,690,693,697,698,699,700,705,709,710,711,712,713,777,778,798,799,819,820
0050_00198	10,11,12,13,19,20,179,180,256,284,285,287,309,333,334,342,345,353,356,357,371,372,375,382,383,385,407,417,431,435,442,447,471,491,499,521,525,542,543,549,553,557,565,571,574,575,576,579,583,585,591,596,600,604,607,609,618,619,620,635,638,640,641,642,652,654,656,661,665,668,669,678,679,680,681,689,690,691,697,698,699,700,702,709,710,711,736,741,799,804
