id	bits.on
0198_0001	29,38,48,49,54,57,62,65,69,72,75,77,79,80,83,84,85,89,90,91,92,95,96,97,98,102,105,106,109,110,112,117,120,121,122,124,125,126,127,130,131,132,133,135,136,137,138,139,140,142,143,145,146,148,150,151,152,153,154,155,156,157,158,159,161,162,163,164,165
0198_0002	54,84,90,91,92,95,104,110,111,117,123,131,132,136,139,142,146,147,151,154,155,156,157,158,159,161,164
0198_0004	29,38,43,48,54,57,62,65,69,72,75,77,79,80,83,85,89,90,91,92,95,96,97,98,102,105,106,109,110,112,113,117,120,121,122,124,126,127,130,131,132,133,136,137,139,140,142,143,146,148,150,151,152,153,154,155,156,157,158,159,161,162,163,164,165
0198_0005	53,54,66,72,89,90,91,104,112,123,131,132,136,139,140,146,152,154,155,157,159,164
0198_0006	53,54,84,89,95,123,131,139,146,151,152,154,156,157,158,159,160,161,164
0198_0007	38,65,77,79,80,83,96,98,105,120,121,137,142,151,156,161,162,163,165
0198_0008	53,54,57,72,82,89,90,92,95,97,98,104,109,110,112,117,123,127,131,132,133,136,137,139,140,143,146,150,151,152,153,154,155,156,157,158,159,160,161,163,164,165
0198_0009	54,84,90,91,95,97,104,111,123,131,132,133,135,136,139,142,144,146,150,151,152,154,155,156,157,158,159,161,162,163,164,165
0198_0011	53,54,84,90,95,97,104,111,123,131,132,136,139,140,146,151,154,155,156,157,158,159,161,164
0198_0012	37,38,43,53,54,65,77,79,80,83,89,92,95,96,97,98,105,106,110,113,117,120,121,127,131,136,137,142,143,146,151,154,156,159,161,162,163,164,165
0198_0013	37,38,53,54,57,62,65,72,75,77,80,82,83,84,85,89,90,91,92,95,96,97,98,106,109,110,113,117,120,121,122,127,131,132,133,135,137,139,140,142,143,144,146,148,150,151,152,153,154,155,156,157,158,159,161,162,163,164,165
0198_0015	53,54,82,84,88,90,95,104,111,123,131,139,151,153,154,155,156,157,158,159,161,164
0198_0016	37,43,54,77,82,84,90,91,95,100,104,106,110,111,117,118,123,131,136,139,142,146,147,151,153,154,155,156,157,158,159,161,164
0198_0017	39,40,48,51,53,55,58,60,61,67,69,73,82,84,88,90,97,100,102,104,106,111,112,124,130,131,132,136,138,139,146,147,148,151,153,155,158,159,161,164
0198_0019	65,97,98,121,123,137,139,154,157,159,161,162,163,164,165
0198_0020	38,53,54,57,62,65,72,75,77,79,80,82,83,85,89,90,91,92,95,96,97,98,105,109,110,113,117,120,121,122,127,131,132,133,137,139,140,142,143,146,148,150,151,152,153,154,155,156,157,158,159,161,162,163,164,165
0198_0023	54,84,90,91,95,114,115,123,131,139,149,151,154,155,156,157,158,159,160,161,164
0198_0025	54,84,90,91,95,104,111,123,131,132,136,139,140,146,147,151,154,155,156,157,158,159,161,164
0198_0027	104,113,123,127,131,132,139,143,146,152,154,155,157,159,162,163,164,165
0198_0028	53,54,57,72,82,89,90,91,92,95,97,98,109,110,117,123,127,131,132,133,137,139,140,143,146,150,151,152,153,154,155,156,157,158,159,160,161,163,164,165
0198_0031	53,54,72,82,89,90,91,104,109,123,131,132,139,140,146,152,153,154,155,157,159,164
0198_0032	53,54,66,72,89,90,91,104,112,123,127,131,132,139,140,143,146,150,152,154,157,159,163,164,165
0198_0033	37,43,53,54,77,80,89,90,91,92,95,97,98,104,106,110,111,117,120,121,123,127,131,132,136,137,139,140,142,143,146,151,154,156,157,158,159,161,163,164,165
0198_0035	54,82,90,91,95,98,100,104,111,118,121,123,129,131,137,139,147,151,153,154,156,157,158,159,161,163,164,165
0198_0038	54,84,86,88,90,91,93,95,104,111,115,116,123,131,139,147,151,153,154,155,156,157,158,159,160,161,164
0198_0040	38,54,65,77,79,80,83,84,96,98,105,120,121,131,133,135,137,142,151,156,158,161,162,163,165
0198_0041	38,54,57,62,65,72,75,77,79,80,83,84,85,86,88,89,90,91,92,93,95,96,97,98,105,110,115,117,120,121,122,127,131,132,133,135,137,139,142,143,146,148,150,151,152,153,155,156,157,158,159,160,161,162,163,164,165
0198_0042	37,53,57,62,65,72,75,77,80,82,83,85,89,90,91,92,96,97,98,104,106,109,110,111,113,117,120,121,122,127,128,129,131,132,133,136,137,139,140,142,143,144,146,148,150,151,152,153,154,155,156,157,158,159,160,161,162,163,164,165
0198_0043	53,54,72,82,89,90,104,109,123,131,132,139,140,146,152,153,154,155,157,159,164
0198_0044	37,43,53,54,65,77,80,89,92,95,97,98,106,110,113,117,120,121,123,127,131,136,137,139,140,142,143,146,151,154,156,157,159,161,162,163,164,165
0198_0045	29,43,48,69,82,84,90,91,95,100,102,104,106,109,111,112,124,126,130,131,132,138,139,140,146,147,148,151,153,155,157,158,159,161,164
0198_0046	37,38,43,53,54,65,77,79,80,83,89,92,95,96,97,98,105,106,110,113,117,120,121,127,131,136,137,142,143,151,154,156,159,161,162,163,164,165
0198_0048	14,54,67,84,88,90,95,104,111,123,124,129,131,136,138,139,140,142,146,151,153,154,155,156,157,158,159,161,164
0198_0050	54,65,83,84,90,91,95,96,104,105,111,121,123,131,137,139,142,151,154,155,156,157,158,159,161,162,163,164,165
0198_0051	29,37,43,48,54,57,62,65,69,72,75,77,80,83,85,89,90,91,92,95,96,97,98,102,106,109,110,112,113,117,120,121,122,124,126,127,130,131,132,133,136,137,139,140,142,143,144,146,148,150,151,152,153,154,155,156,157,158,159,161,162,163,164,165
0198_0053	37,43,53,65,77,80,89,92,97,98,106,110,113,117,120,121,127,131,136,137,142,143,144,150,151,154,156,159,160,161,162,163,164,165
0198_0056	37,53,54,57,62,65,72,75,77,80,82,83,85,89,90,91,92,95,96,97,98,106,109,110,113,117,120,121,122,127,131,132,133,136,137,139,140,142,143,144,146,148,150,151,152,153,154,155,156,157,158,159,161,162,163,164,165
0198_0058	53,54,65,77,79,80,82,83,84,90,92,95,96,97,100,104,110,111,117,120,121,123,128,131,132,136,137,139,142,146,147,151,153,154,155,156,157,158,159,161,162,164,165
0198_0060	50,53,54,72,76,89,90,91,99,104,123,127,131,132,139,140,143,146,150,152,154,157,159,163,164,165
0198_0061	90,104,123,131,132,136,139,140,146,147,154,155,157,159,164
0198_0062	54,84,90,95,104,111,123,131,139,151,154,155,156,157,158,159,161,162,163,164,165
0198_0064	53,54,72,89,90,104,123,131,132,136,139,140,146,152,154,155,157,159,164
0198_0065	53,54,84,90,95,97,104,111,123,131,132,136,139,140,146,151,154,155,156,157,158,159,161,164
0198_0066	29,37,38,43,48,57,62,65,69,72,75,77,80,83,84,85,89,90,92,96,97,98,102,104,106,109,110,111,112,113,117,120,121,122,124,126,127,128,129,130,131,132,133,135,136,137,139,140,142,143,144,146,148,150,151,152,153,154,155,156,157,158,159,161,162,163,164,165
0198_0067	38,54,65,77,79,80,83,92,95,96,97,98,105,110,113,117,120,121,127,131,137,142,143,151,154,156,161,162,163,164,165
0198_0068	25,43,77,78,84,85,86,90,93,95,100,104,106,115,119,122,123,131,132,139,142,148,151,153,154,155,156,157,158,159,160,161,164
0198_0069	54,72,84,90,91,95,104,111,113,123,127,131,139,140,143,144,146,150,151,152,154,155,156,157,158,159,161,162,163,164,165
0198_0070	25,38,43,53,54,57,62,65,72,75,77,79,80,82,83,84,85,89,90,91,92,95,96,97,98,105,106,109,110,113,117,120,121,122,127,131,132,133,135,137,139,140,142,143,146,148,150,151,152,153,154,155,156,157,158,159,161,162,163,164,165
0198_0072	53,54,72,89,90,104,123,131,132,136,139,140,146,152,154,155,157,159,164
0198_0073	54,82,84,90,91,95,100,104,111,118,123,129,131,139,142,147,151,153,154,155,156,157,158,159,161,164
0198_0074	54,84,90,95,104,111,113,123,127,131,139,143,146,151,152,154,155,156,157,158,159,161,162,163,164,165
0198_0076	53,54,80,84,90,92,95,97,104,110,111,117,123,131,132,136,139,142,146,151,154,155,156,157,158,159,161,164
0198_0077	54,74,84,95,123,131,139,149,151,154,156,157,158,159,160,161,164
0198_0078	25,38,43,54,65,77,79,80,83,84,92,95,96,97,98,105,106,110,113,117,120,121,127,131,133,135,137,142,143,151,154,156,158,161,162,163,164,165
0198_0079	53,54,82,84,90,91,95,97,104,109,111,123,131,132,139,146,147,151,153,154,155,156,157,158,159,161,164
0198_0080	53,65,82,89,90,91,95,97,98,108,109,113,121,127,129,131,137,138,139,143,144,146,150,152,153,155,156,157,159,160,161,162,163,164,165
0198_0081	29,38,43,48,57,62,65,69,72,75,77,79,80,83,84,85,89,90,92,96,97,98,102,104,105,106,109,110,111,112,117,120,121,122,124,126,127,128,129,130,131,132,133,135,137,139,140,142,143,146,148,150,151,152,153,155,156,157,158,159,161,162,163,164,165
0198_0082	53,54,72,89,123,131,136,139,140,146,152,154,157,159,164
0198_0084	25,38,43,54,65,77,79,80,82,84,90,91,92,95,97,98,100,104,105,106,110,111,113,117,120,121,123,125,127,131,132,133,135,136,137,139,140,142,143,145,146,147,151,153,154,155,156,157,158,159,161,162,163,164,165
0198_0085	53,54,72,89,90,91,104,123,131,132,136,139,140,146,152,154,155,157,159,164
0198_0089	53,54,79,82,84,88,90,91,92,95,100,104,110,111,117,123,128,131,132,136,138,139,142,146,151,153,154,155,156,157,158,159,161,164
0198_0090	29,43,48,53,69,72,82,89,90,91,102,106,109,112,123,124,126,130,131,132,136,139,140,146,148,152,153,154,155,157,159,164
0198_0093	54,65,83,90,91,92,95,96,104,105,108,110,111,117,121,123,131,136,137,139,142,146,151,154,155,156,157,158,159,160,161,162,163,164,165
0198_0094	50,76,90,91,99,104,123,131,132,136,139,140,146,154,155,157,159,164
0198_0095	53,54,57,72,82,89,90,91,92,95,97,98,109,110,117,123,127,131,132,133,137,139,140,143,146,150,151,152,153,154,155,156,157,158,159,160,161,163,164,165
0198_0096	29,43,48,53,54,57,69,72,89,90,91,98,102,106,109,112,123,124,126,127,130,131,132,137,139,140,143,146,148,150,152,153,155,157,159,163,164,165
0198_0097	54,84,90,91,95,104,111,118,123,131,136,139,140,142,146,147,151,154,155,156,157,158,159,161,164
0198_0098	54,84,90,91,95,104,111,118,123,131,132,136,139,140,146,147,151,154,155,156,157,158,159,161,164
0198_0099	37,38,53,57,62,65,72,75,77,80,82,83,84,85,89,90,91,92,96,97,98,104,106,109,110,111,113,117,120,121,122,127,128,129,131,132,133,135,137,139,140,142,143,144,146,148,150,151,152,153,154,155,156,157,158,159,161,162,163,164,165
0198_0100	54,72,82,84,95,100,104,113,127,131,132,139,143,144,146,150,151,152,153,155,157,158,159,161,162,163,164,165
0198_0101	29,43,48,53,54,57,69,72,84,89,90,91,95,97,98,102,106,109,112,123,124,126,127,130,131,132,133,137,139,140,143,146,148,150,151,152,153,155,156,157,158,159,161,163,164,165
0198_0102	53,54,72,89,123,131,136,139,140,146,152,154,157,159,164
0198_0103	50,54,72,76,89,90,99,104,123,127,131,132,136,139,140,143,146,150,152,154,157,159,163,164,165
0198_0105	53,54,82,84,88,90,91,95,104,111,123,131,139,147,151,153,154,155,156,157,158,159,161,164
0198_0106	37,38,65,75,77,79,80,83,85,89,92,93,95,96,97,98,105,106,110,113,117,120,121,122,127,136,137,142,143,144,148,149,150,151,154,156,158,159,160,161,162,163,164,165
0198_0107	54,74,84,90,95,104,111,115,123,131,139,149,151,154,155,156,157,158,159,160,161,164
0198_0108	53,54,57,72,82,89,90,91,98,109,120,123,126,127,131,132,137,138,139,140,143,145,146,150,152,153,155,157,159,163,164,165
0198_0110	54,65,83,84,90,91,95,96,104,105,111,121,123,131,137,139,142,151,154,155,156,157,158,159,161,162,163,164,165
0198_0111	40,49,51,54,55,58,60,61,67,73,84,88,90,95,97,102,104,111,123,124,130,131,132,136,139,140,146,148,151,153,154,155,156,157,158,159,161,164
0198_0112	54,84,90,91,95,97,104,109,111,118,123,126,128,129,131,132,136,139,140,146,147,151,153,154,155,156,157,158,159,161,164
0198_0113	37,38,43,53,54,77,79,80,83,84,89,92,95,96,97,106,110,117,120,121,127,131,133,136,137,142,143,146,150,151,154,156,158,159,161,164,165
0198_0115	53,54,57,72,83,89,96,123,127,131,136,137,139,140,143,146,150,152,154,157,159,164,165
0198_0116	29,43,48,53,69,82,84,90,97,100,102,104,106,111,112,124,130,131,132,138,139,146,147,148,151,153,155,158,159,161,164
0198_0117	3,44,54,84,86,90,91,93,95,104,111,115,116,123,131,139,147,151,153,154,155,156,157,158,159,160,161,164
0198_0119	25,54,74,77,78,84,85,86,90,91,93,95,100,104,106,108,111,118,119,122,123,131,139,142,147,148,149,151,153,154,155,156,157,158,159,160,161,164
0198_0120	53,54,57,72,82,84,89,90,91,95,97,98,109,123,127,131,132,133,137,139,140,143,146,150,151,152,153,155,156,157,158,159,161,163,164,165
0198_0121	37,38,65,75,77,79,80,83,85,89,92,93,95,96,97,98,105,106,110,113,117,120,121,122,127,136,137,142,143,144,148,149,150,151,154,156,158,159,160,161,162,163,164,165
0198_0123	53,54,57,72,82,89,90,91,98,104,109,123,127,128,131,132,137,139,140,143,146,150,152,153,155,157,159,163,164,165
0198_0124	54,65,75,77,79,80,83,84,85,90,93,95,96,104,108,111,120,121,122,123,131,137,139,142,148,151,154,155,156,157,158,159,160,161,162,164,165
0198_0125	53,54,72,82,89,90,91,104,109,131,132,138,139,140,146,152,153,155,157,159,164
0198_0126	54,83,90,91,92,95,96,104,110,111,117,121,123,127,131,132,136,137,139,143,146,147,151,154,156,157,158,159,161,164,165
0198_0127	53,65,82,89,91,95,97,98,109,113,121,123,127,131,137,139,140,143,144,146,150,152,153,154,155,156,157,159,160,161,162,163,164,165
0198_0128	65,95,97,98,121,123,131,136,137,139,140,144,146,150,154,156,157,159,161,162,163,164,165
0198_0132	53,54,57,72,89,98,123,127,131,137,139,140,143,146,150,152,154,157,159,163,164,165
0198_0133	38,53,54,57,62,65,72,75,77,78,79,80,82,83,85,89,90,91,92,93,95,96,97,98,105,109,110,117,119,120,121,122,127,131,132,133,135,137,139,140,142,143,144,146,148,150,151,152,153,155,156,157,158,159,160,161,162,163,164,165
0198_0134	37,53,57,62,65,72,75,77,80,82,83,85,89,90,91,92,96,97,98,104,106,109,110,111,113,117,120,121,122,127,128,129,131,132,133,136,137,139,140,142,143,144,146,148,150,151,152,153,154,155,156,157,158,159,161,162,163,164,165
0198_0135	53,54,82,83,90,91,95,96,97,100,104,111,121,123,127,131,132,137,139,143,146,151,152,153,154,156,157,158,159,161,164,165
0198_0136	65,77,79,83,96,99,120,121,123,131,137,139,142,151,154,156,157,159,161,162,164,165
0198_0137	54,84,90,91,95,97,104,111,123,131,132,133,135,136,139,142,144,146,150,151,152,154,155,156,157,158,159,161,162,163,164,165
0198_0138	54,83,90,91,92,95,96,104,110,111,117,121,123,127,131,132,136,137,139,143,146,147,151,154,156,157,158,159,161,164,165
0198_0139	82,90,91,92,100,104,108,110,111,116,117,118,123,131,132,136,139,146,147,151,153,154,155,156,157,158,159,160,161,164
0198_0142	54,72,82,84,91,100,104,111,113,127,131,139,143,144,147,150,151,152,153,155,157,158,159,161,162,163,164,165
0198_0144	54,82,84,90,91,95,100,104,111,118,123,129,131,139,142,147,151,153,154,155,156,157,158,159,161,164
0198_0145	29,30,37,38,48,49,54,57,62,65,69,72,74,75,77,80,83,84,85,86,89,90,91,92,93,95,96,97,98,100,102,106,109,110,111,112,113,115,116,117,120,121,122,124,126,127,130,131,132,133,135,136,137,138,139,140,141,142,143,144,146,147,148,149,150,151,152,153,154,155,156,157,158,159,160,161,162,163,164,165
0198_0147	29,43,48,54,69,84,89,90,95,102,104,106,109,111,112,123,124,126,130,131,136,139,140,146,148,151,153,154,155,156,157,158,159,161,164
0198_0150	54,84,86,88,90,91,95,104,111,123,129,131,136,138,139,140,142,146,147,151,153,154,155,156,157,158,159,161,164
0198_0151	54,84,90,91,95,104,111,114,115,123,131,139,147,151,154,155,156,157,158,159,160,161,164
0198_0152	53,66,89,91,104,112,115,123,131,132,136,139,140,146,152,154,155,157,159,160,164
0198_0153	29,43,48,53,69,89,102,104,106,112,123,124,130,131,132,136,139,140,146,148,153,154,155,157,159,164
0198_0154	49,65,95,98,121,123,137,154,156,157,159,161,162,163,164,165
0198_0156	25,43,54,77,78,84,90,91,95,100,104,106,111,118,119,123,131,139,142,147,151,153,154,155,156,157,158,159,161,164
0198_0158	53,54,57,72,89,98,123,127,131,137,139,140,143,146,150,152,157,159,160,163,164,165
0198_0159	14,54,67,84,88,90,91,95,104,111,118,123,124,128,129,131,136,138,139,140,142,146,147,151,153,154,155,156,157,158,159,161,164
0198_0160	54,90,91,93,95,104,108,111,116,123,131,132,136,139,140,146,147,151,154,155,156,157,158,159,160,161,164
0198_0161	54,82,84,90,91,95,100,104,111,118,123,131,139,142,147,151,153,154,155,156,157,158,159,161,164
0198_0162	37,38,43,53,54,57,62,65,72,75,77,79,80,82,83,85,89,90,91,92,95,96,97,98,105,106,109,110,113,117,120,121,122,127,131,132,133,136,137,139,140,142,143,146,148,150,151,152,153,154,155,156,157,158,159,161,162,163,164,165
0198_0164	53,54,65,75,77,79,80,83,84,85,90,91,92,95,96,100,104,110,111,117,118,120,121,122,127,128,131,132,136,137,140,142,143,146,147,148,150,151,153,154,155,156,158,159,161,162,164,165
0198_0165	29,37,38,43,48,54,57,62,65,69,72,75,77,80,83,84,85,89,90,91,92,95,96,97,98,102,106,109,110,112,113,117,120,121,122,124,126,127,130,131,132,133,135,136,137,139,140,142,143,144,146,148,150,151,152,153,154,155,156,157,158,159,161,162,163,164,165
0198_0166	53,54,90,93,95,97,104,111,116,123,131,132,136,139,140,146,151,154,155,156,157,158,159,160,161,164
0198_0167	53,54,72,89,123,131,136,139,140,146,152,154,157,159,164
0198_0168	53,54,65,77,79,80,83,84,90,95,96,104,111,120,121,123,131,137,139,142,151,154,155,156,157,158,159,161,162,164,165
0198_0170	53,54,80,84,90,92,95,97,104,108,110,111,117,123,131,132,136,139,140,142,146,151,154,155,156,157,158,159,160,161,164
0198_0171	54,82,90,91,95,98,100,104,111,118,121,123,129,131,137,139,147,151,153,154,156,157,158,159,161,163,164,165
0198_0172	29,43,48,53,54,57,69,72,89,90,91,98,102,106,109,112,123,124,126,127,130,131,132,137,139,140,143,146,148,150,152,153,155,157,159,163,164,165
0198_0173	29,38,43,48,49,54,57,62,65,69,72,75,77,79,80,83,84,85,89,90,91,92,95,96,97,98,102,105,106,109,110,112,117,120,121,122,124,125,126,127,130,131,132,133,135,136,137,138,139,140,142,143,145,146,148,150,151,152,153,154,155,156,157,158,159,161,162,163,164,165
0198_0177	29,37,48,53,54,57,62,65,69,72,75,77,80,82,83,85,89,90,91,92,96,97,98,102,104,106,109,110,111,112,113,117,120,121,122,123,124,126,127,128,129,130,131,132,133,136,137,138,139,140,142,143,144,145,146,148,150,151,152,153,154,155,156,157,158,159,160,161,162,163,164,165
0198_0181	54,82,92,95,100,104,110,116,117,123,131,132,136,139,146,151,153,154,155,156,157,158,159,160,161,164
0198_0182	53,54,90,92,95,97,104,108,110,111,117,123,131,132,136,139,140,146,151,154,155,156,157,158,159,160,161,164
0198_0185	25,29,38,43,48,57,62,65,69,72,75,77,79,80,83,84,85,89,90,92,95,96,97,98,102,104,105,106,109,110,111,112,113,117,120,121,122,124,126,127,128,129,130,131,132,133,135,136,137,139,140,142,143,146,148,150,151,152,153,154,155,156,157,158,159,161,162,163,164,165
0198_0186	29,38,48,49,53,54,57,62,65,69,72,75,77,79,80,83,84,85,89,90,91,92,95,96,97,98,102,105,106,109,110,112,113,117,120,121,122,124,125,126,127,130,131,132,133,136,137,138,139,140,142,143,145,146,148,150,151,152,153,154,155,156,157,158,159,161,162,163,164,165
0198_0188	29,43,48,53,54,69,72,89,90,91,102,104,106,109,112,123,124,126,130,131,132,136,139,140,146,148,152,153,154,155,157,159,164
0198_0190	39,40,48,51,53,54,55,58,60,61,67,69,73,84,88,90,95,97,102,104,106,111,112,123,124,130,131,132,136,139,140,146,148,151,153,154,155,156,157,158,159,161,164
0198_0191	29,38,43,48,54,57,62,65,69,72,75,77,79,80,83,84,85,89,90,91,92,95,96,97,98,102,105,106,109,110,112,117,120,121,122,124,126,127,130,131,132,133,135,137,139,140,142,143,146,148,150,151,152,153,155,156,157,158,159,161,162,163,164,165
0198_0194	30,49,74,85,86,93,100,108,111,112,115,116,118,122,123,132,141,147,148,149,153,154,155,157,158,159,160,161,164
0198_0195	29,38,48,57,62,65,69,72,75,77,79,80,82,83,84,85,89,92,95,96,97,98,101,102,105,106,109,110,112,117,120,121,122,124,127,130,131,132,133,135,137,139,140,142,143,146,148,151,152,153,155,156,157,158,159,161,162,163,164,165
0198_0197	29,37,48,53,54,57,62,65,69,72,75,77,80,82,83,85,89,90,91,92,95,96,97,98,102,106,109,110,112,113,117,120,121,122,123,124,126,127,130,131,132,133,136,137,138,139,140,142,143,144,145,146,148,150,151,152,153,154,155,156,157,158,159,161,162,163,164,165
0198_0200	29,30,43,48,49,69,74,85,86,90,91,93,95,100,102,106,109,111,112,115,116,122,124,126,130,131,132,138,139,140,141,146,147,148,149,153,155,157,158,159,160,161,164
0198_0203	36,38,47,49,65,75,77,80,81,82,83,84,85,88,90,96,98,100,104,108,109,116,120,121,122,128,131,132,133,135,137,138,139,142,144,147,148,149,150,151,153,155,156,157,158,160,161,162,163,164,165
0198_0204	25,29,38,43,48,53,57,62,65,69,72,75,77,79,80,83,84,85,89,90,92,95,96,97,98,102,104,105,106,109,110,111,112,113,117,120,121,122,124,126,127,128,129,130,131,132,133,135,136,137,139,140,142,143,146,148,150,151,152,153,154,155,156,157,158,159,161,162,163,164,165
0198_0208	30,49,54,74,84,85,86,90,91,93,95,100,104,108,111,112,115,116,118,122,123,129,131,139,141,142,147,148,149,151,153,154,155,156,157,158,159,160,161,164
0198_0209	29,34,43,48,69,72,76,99,102,106,112,123,124,126,130,131,136,139,140,146,148,152,154,157,159,164
0198_0211	29,43,48,53,54,57,69,72,82,89,90,91,98,102,106,109,112,123,124,126,127,130,131,132,137,139,140,143,146,148,150,152,153,155,157,159,163,164,165
0198_0212	29,43,48,65,69,89,90,91,95,97,98,102,106,109,112,113,121,124,126,127,130,131,136,137,139,140,143,144,146,148,150,152,153,154,155,156,157,159,160,161,162,163,164,165
0198_0213	29,48,49,72,82,89,90,102,106,109,112,124,126,130,132,136,138,139,140,146,148,152,153,154,155,157,159,164
0198_0215	29,43,48,53,54,57,69,72,89,90,91,98,102,106,109,112,123,124,126,127,130,131,132,137,139,140,143,146,148,150,152,153,155,157,159,163,164,165
0198_0216	29,43,48,54,69,72,89,90,102,104,106,109,112,123,124,126,130,131,132,136,139,140,146,148,152,153,154,155,157,159,164
0198_0217	30,49,74,85,86,89,93,95,100,104,108,112,115,122,123,132,139,141,146,148,149,152,153,154,155,157,158,159,160,161,164
0198_0218	29,43,48,69,82,84,90,91,95,100,102,104,106,109,111,112,124,126,130,131,132,138,139,140,146,147,148,151,153,155,157,158,159,161,164
0198_0219	54,84,89,90,95,104,109,111,116,123,126,131,136,139,140,146,151,153,154,155,156,157,158,159,160,161,164
0198_0220	29,37,43,48,57,62,65,69,72,75,77,80,83,85,89,90,91,92,96,97,98,102,104,106,109,110,111,112,113,117,120,121,122,124,126,127,128,129,130,131,132,133,136,137,139,140,142,143,144,146,148,150,151,152,153,154,155,156,157,158,159,160,161,162,163,164,165
0198_0221	29,38,48,57,62,65,69,72,75,77,79,80,83,84,85,89,90,91,92,95,96,97,98,102,105,106,109,110,112,117,120,121,122,124,127,130,131,132,133,135,137,139,140,142,143,145,146,148,150,151,152,153,156,157,158,159,161,162,163,164,165
0198_0222	29,38,48,53,54,57,62,65,69,72,75,77,79,80,82,83,84,85,89,90,91,92,95,96,97,98,102,105,106,109,110,112,117,120,121,122,123,124,126,127,130,131,132,133,135,136,137,138,139,140,142,143,145,146,148,150,151,152,153,155,156,157,158,159,161,162,163,164,165
0198_0223	29,43,48,53,54,69,72,82,89,90,91,102,104,106,109,112,124,126,130,131,132,136,138,139,140,146,148,152,153,154,155,157,159,164
0198_0224	29,38,43,48,57,62,65,69,72,75,77,79,80,83,84,85,89,90,91,92,95,96,97,98,102,105,106,109,110,112,117,120,121,122,124,126,127,130,131,132,133,135,136,137,139,140,142,143,146,148,150,151,152,153,155,156,157,158,159,161,162,163,164,165
0198_0225	24,49,54,56,63,70,71,84,89,90,94,95,102,104,111,113,119,122,123,124,127,130,131,133,135,136,139,140,142,143,144,146,148,150,151,152,154,155,156,157,158,159,161,162,163,164,165
0198_0226	54,82,84,95,100,104,113,127,131,132,139,143,151,152,153,155,157,158,159,161,162,163,164,165
0198_0227	54,82,84,90,91,92,95,100,104,108,110,111,117,118,123,129,131,136,139,142,146,147,151,153,154,155,156,157,158,159,160,161,164
0198_0228	29,37,48,53,54,57,62,65,69,72,75,77,80,82,83,85,89,90,91,92,95,96,97,98,102,106,109,110,112,113,117,120,121,122,123,124,126,127,130,131,132,133,136,137,138,139,140,142,143,144,145,146,148,150,151,152,153,154,155,156,157,158,159,161,162,163,164,165
0198_0230	53,65,82,84,90,91,95,97,98,100,108,109,113,121,127,129,131,137,138,139,142,143,144,150,151,152,153,155,156,157,158,159,160,161,162,163,164,165
0198_0231	82,84,90,91,95,100,104,123,129,131,132,136,139,146,147,151,152,153,154,155,157,158,159,161,164
0198_0232	29,37,43,48,57,62,65,69,72,75,77,80,83,85,89,90,91,92,96,97,98,102,104,106,109,110,111,112,113,117,120,121,122,124,126,127,128,129,130,131,132,133,136,137,139,140,142,143,144,146,148,150,151,152,153,154,155,156,157,158,159,161,162,163,164,165
0198_0235	29,37,38,43,48,53,54,57,62,65,69,72,75,77,79,80,83,85,89,90,91,92,95,96,97,98,102,105,106,109,110,112,113,117,120,121,122,124,126,127,130,131,132,133,136,137,139,140,142,143,146,148,150,151,152,153,154,155,156,157,158,159,161,162,163,164,165
0198_0236	29,37,38,48,53,54,57,62,65,69,72,75,77,79,80,83,84,85,89,90,91,92,95,96,97,98,100,102,104,105,106,109,110,112,113,117,120,121,122,124,125,126,127,128,130,131,132,133,135,136,137,138,139,140,142,143,144,145,146,148,149,150,151,152,153,154,155,156,157,158,159,160,161,162,163,164,165
0198_0237	25,38,43,53,57,62,65,72,75,77,79,80,82,83,84,85,89,90,91,92,95,96,97,98,104,105,106,109,110,111,113,117,120,121,122,127,128,129,131,132,133,135,137,139,140,142,143,146,148,150,151,152,153,154,155,156,157,158,159,161,162,163,164,165
0198_0238	37,43,53,54,65,77,80,89,92,95,97,98,106,110,113,117,120,121,123,127,131,136,137,139,140,142,143,146,151,154,156,157,159,161,162,163,164,165
0198_0239	30,49,74,85,86,89,93,95,100,108,112,114,115,116,118,122,123,126,128,129,132,136,140,141,146,147,148,149,152,153,154,155,157,158,159,160,161,164
0198_0245	29,38,43,48,53,54,57,62,65,69,72,75,77,79,80,83,84,85,89,90,91,92,95,96,97,102,106,109,110,112,117,120,121,122,124,126,127,130,131,132,133,135,136,137,139,140,142,143,144,146,148,150,151,152,153,154,155,156,157,158,159,161,162,164,165
0198_0246	29,37,48,53,54,57,62,65,69,72,75,77,80,82,83,85,89,90,91,92,95,96,97,98,102,106,109,110,112,113,117,120,121,122,123,124,126,127,130,131,132,133,136,137,138,139,140,142,143,144,145,146,148,150,151,152,153,154,155,156,157,158,159,160,161,162,163,164,165
0198_0248	25,29,38,43,48,57,62,65,69,72,75,77,79,80,83,84,85,89,90,91,92,95,96,97,98,102,105,106,109,110,112,113,117,120,121,122,124,127,130,131,132,133,135,136,137,139,140,142,143,145,146,148,150,151,152,153,154,156,157,158,159,161,162,163,164,165
0198_0250	29,43,48,54,69,84,89,90,95,102,104,106,109,111,112,123,124,126,130,131,136,139,140,146,148,151,153,154,155,156,157,158,159,161,164
0198_0251	38,54,57,62,65,72,75,77,79,80,83,84,85,86,88,89,90,91,92,95,96,97,98,104,105,110,111,117,120,121,122,123,127,129,131,132,133,135,137,138,139,140,142,143,146,147,148,150,151,152,153,154,155,156,157,158,159,161,162,163,164,165
0198_0252	54,82,84,90,91,95,100,104,111,118,123,131,139,142,147,151,153,154,155,156,157,158,159,161,164
0198_0253	38,54,65,77,79,80,83,84,96,98,105,120,121,131,133,135,137,142,151,156,158,161,162,163,165
0198_0255	29,37,48,53,54,57,62,65,69,72,75,77,80,82,83,85,89,90,91,92,95,96,97,98,102,106,109,110,112,113,117,120,121,122,123,124,126,127,130,131,132,133,136,137,138,139,140,142,143,144,145,146,148,150,151,152,153,154,155,156,157,158,159,160,161,162,163,164,165
0198_0257	25,29,43,48,53,69,77,78,84,85,86,90,93,94,95,97,100,102,104,106,112,115,117,119,122,123,124,130,131,132,136,139,140,142,146,148,151,153,154,155,156,157,158,159,160,161,164
0198_0259	25,54,74,77,78,84,85,86,90,91,93,95,100,104,106,108,111,118,119,122,123,131,139,142,147,148,149,151,153,154,155,156,157,158,159,160,161,164
0198_0262	53,65,77,79,80,82,83,84,90,96,100,104,111,120,121,131,137,142,147,151,153,155,156,158,161,162,165
0198_0267	29,36,38,43,47,48,49,65,69,75,77,80,81,83,84,85,88,90,91,96,98,100,102,106,108,109,112,116,120,121,122,124,126,128,130,131,132,133,135,137,138,139,140,142,144,146,147,148,149,150,151,153,155,156,157,158,159,160,161,162,163,164,165
0198_0268	37,43,49,53,65,77,80,89,92,97,98,106,110,113,117,120,121,123,127,131,136,137,140,142,143,144,146,150,151,154,156,157,159,161,162,163,164,165
0198_0269	54,79,82,84,86,88,90,91,92,95,100,104,108,110,111,114,115,116,117,118,123,128,129,131,132,136,138,139,140,142,146,147,151,153,154,155,156,157,158,159,160,161,164
0198_0271	25,29,38,43,48,54,57,62,65,69,72,75,77,79,80,83,84,85,89,90,91,92,95,96,97,98,102,105,106,109,110,112,113,117,120,121,122,124,126,127,130,131,132,133,135,136,137,139,140,142,143,146,148,150,151,152,153,154,155,156,157,158,159,161,162,163,164,165
0198_0272	54,92,95,110,117,123,131,136,139,146,149,151,154,156,157,158,159,160,161,164
0198_0273	25,43,77,78,84,90,91,100,104,106,111,118,119,123,131,132,139,142,147,151,153,154,155,156,157,158,159,161,164
0198_0275	53,54,57,72,82,84,89,90,91,95,97,98,109,123,127,131,132,133,137,139,140,143,146,150,151,152,153,155,156,157,158,159,161,163,164,165
0198_0277	30,49,74,85,86,89,91,93,95,100,104,108,112,115,122,123,126,132,136,139,140,141,146,148,149,152,153,154,155,157,158,159,160,161,164
0198_0278	37,38,53,54,65,72,75,77,79,80,82,85,89,90,91,92,95,97,98,100,104,105,106,109,110,113,117,120,121,122,127,128,131,132,136,137,138,139,140,142,143,144,145,146,148,149,150,151,152,153,154,155,156,157,158,159,160,161,162,163,164,165
0198_0279	53,54,57,72,82,89,90,91,93,98,109,123,126,127,131,132,137,139,140,143,146,150,152,153,155,157,159,160,163,164,165
0198_0280	90,91,104,118,123,131,132,136,139,140,146,147,154,155,157,159,164
0198_0282	29,37,38,43,48,54,57,62,65,69,72,75,77,80,83,84,85,89,90,91,92,95,96,97,98,102,106,109,110,112,113,117,120,121,122,124,126,127,130,131,132,133,135,136,137,139,140,142,143,144,146,148,150,151,152,153,154,155,156,157,158,159,161,162,163,164,165
0198_0284	38,54,57,62,65,72,75,77,79,80,83,84,85,89,92,95,96,97,98,105,110,117,120,121,122,127,131,133,135,137,139,142,143,146,148,150,151,152,156,157,158,159,160,161,162,163,164,165
0198_0285	53,54,79,82,84,88,90,91,92,95,100,104,110,111,117,123,128,131,132,136,138,139,140,142,146,147,151,153,154,155,156,157,158,159,161,164
0198_0287	53,54,72,82,84,89,90,91,95,97,104,109,123,131,132,139,140,146,151,152,153,154,155,156,157,158,159,161,164
0198_0291	53,54,57,72,82,89,90,91,92,95,97,98,109,110,117,123,127,131,132,133,137,139,140,143,146,150,151,152,153,154,155,156,157,158,159,160,161,163,164,165
0198_0292	54,90,91,92,95,104,108,110,111,117,123,131,132,136,139,140,146,147,151,154,155,156,157,158,159,160,161,164
0198_0293	37,38,43,53,65,77,79,80,89,92,95,97,98,105,106,110,113,117,120,121,125,127,131,136,137,142,143,145,151,154,156,159,161,162,163,164,165
0198_0294	53,65,92,97,98,110,113,117,121,123,127,131,136,137,139,143,146,151,154,156,157,159,161,162,163,164,165
0198_0295	53,54,82,88,90,92,95,104,108,110,111,117,123,131,136,139,146,151,153,154,155,156,157,158,159,160,161,164
0198_0296	29,38,43,48,54,57,62,65,69,72,75,77,79,80,83,85,89,90,91,92,95,96,97,98,102,105,106,109,110,112,113,117,120,121,122,124,126,127,130,131,132,133,136,137,139,140,142,143,146,148,150,151,152,153,154,155,156,157,158,159,161,162,163,164,165
0198_0297	53,54,66,72,74,82,89,90,91,92,95,97,100,104,109,110,111,112,115,117,123,131,132,136,138,139,140,146,147,149,151,152,153,154,155,156,157,158,159,160,161,164
0198_0299	39,40,48,51,53,55,58,59,60,61,64,67,69,73,81,84,88,97,102,106,112,124,130,131,133,135,136,139,144,146,148,150,151,156,158,159,161,162,163,164,165
0198_0300	54,84,86,88,90,91,95,104,111,123,131,132,136,138,139,140,146,151,153,154,155,156,157,158,159,161,164
0198_0301	53,54,57,72,89,98,123,127,131,137,139,140,143,146,150,152,157,159,160,163,164,165
0198_0302	29,36,38,43,47,48,49,65,69,75,77,80,81,83,84,85,88,89,90,96,98,100,102,106,108,109,112,116,120,121,122,124,126,128,130,131,132,133,135,136,137,138,139,140,142,144,146,147,148,149,150,151,153,155,156,157,158,159,160,161,162,163,164,165
0198_0303	53,54,65,77,79,80,82,83,84,90,91,95,96,104,109,111,120,121,131,137,139,142,151,153,155,156,157,158,161,162,164,165
0198_0305	37,43,53,77,82,84,90,91,97,100,104,106,110,111,117,123,131,132,136,139,142,146,147,151,153,154,155,156,157,158,159,161,164
0198_0307	54,84,90,91,95,104,111,114,115,116,118,123,131,139,147,151,154,155,156,157,158,159,160,161,164
0198_0309	38,53,54,57,62,65,72,75,77,79,80,82,83,84,85,89,90,91,92,95,96,97,98,105,109,110,117,120,121,122,127,131,132,133,135,137,139,140,142,143,146,148,150,151,152,153,155,156,157,158,159,161,162,163,164,165
0198_0310	53,54,57,72,82,83,89,90,91,96,98,109,112,120,123,126,127,128,131,132,137,138,139,140,143,145,146,150,152,153,155,157,159,163,164,165
0198_0313	53,54,72,89,123,131,136,139,140,146,152,154,157,159,164
0198_0315	54,72,84,90,93,95,104,111,113,123,126,127,131,139,140,143,144,146,150,151,152,154,155,156,157,158,159,160,161,162,163,164,165
0198_0316	53,54,57,72,82,89,90,91,98,109,120,123,126,127,131,132,137,138,139,140,143,145,146,150,152,153,155,157,159,163,164,165
0198_0318	53,65,77,79,83,96,97,104,111,120,121,123,131,132,137,139,142,151,154,155,156,157,159,161,162,164,165
0198_0319	53,54,57,72,89,98,123,127,131,137,139,140,143,146,150,152,154,157,159,163,164,165
0198_0321	29,38,48,57,62,65,69,72,75,77,79,80,83,84,85,89,90,91,92,95,96,97,98,102,105,106,109,110,112,117,120,121,122,124,127,130,131,132,133,135,137,139,140,142,143,145,146,148,150,151,152,153,156,157,158,159,161,162,163,164,165
0198_0322	32,33,51,54,58,60,61,67,69,73,84,86,88,90,91,93,94,95,102,104,111,112,115,116,117,119,123,124,130,131,132,136,139,142,146,147,148,151,153,154,155,156,157,158,159,160,161,164
0198_0323	53,54,82,83,90,91,95,96,97,100,104,111,121,123,127,131,132,137,139,143,146,151,152,153,154,156,157,158,159,161,164,165
0198_0331	54,86,88,90,91,93,95,104,110,111,115,116,117,123,131,136,139,146,147,151,153,154,155,156,157,158,159,160,161,164
0198_0334	54,65,83,84,90,91,95,96,104,105,111,113,121,123,127,131,137,139,142,143,146,151,152,154,155,156,157,158,159,161,162,163,164,165
0198_0337	25,43,77,78,84,90,91,95,97,104,106,111,119,123,131,132,136,139,140,142,146,151,154,155,156,157,158,159,161,164
0198_0338	53,54,65,77,79,80,83,84,90,95,96,104,111,120,121,123,131,137,139,142,151,154,155,156,157,158,159,161,162,164,165
0198_0339	53,54,84,89,95,123,131,139,146,151,152,154,156,157,158,159,160,161,164
0198_0340	25,29,43,48,53,69,77,78,84,85,86,90,93,94,95,97,100,102,104,106,112,115,117,119,122,123,124,130,131,132,136,139,140,142,146,148,151,153,154,155,156,157,158,159,160,161,164
0198_0342	29,38,48,53,54,57,62,65,69,72,75,77,79,80,83,84,85,89,90,91,92,95,96,97,98,102,105,106,109,110,112,117,120,121,122,123,124,126,127,130,131,132,133,135,136,137,138,139,140,142,143,146,148,150,151,152,153,155,156,157,158,159,161,162,163,164,165
0198_0344	53,54,66,72,89,90,104,112,115,123,131,132,136,139,140,146,152,154,155,157,159,160,164
0198_0345	53,54,65,75,77,79,80,82,83,84,85,90,92,93,95,96,97,100,104,110,111,116,117,120,121,122,123,128,131,132,136,137,139,142,144,146,147,148,150,151,153,154,155,156,157,158,159,160,161,162,164,165
0198_0347	54,82,84,90,91,95,100,104,111,123,129,131,132,139,142,146,147,151,152,153,154,155,156,157,158,159,161,164
0198_0349	49,54,79,82,90,91,92,95,100,104,110,111,114,117,123,128,131,132,136,140,142,146,147,151,153,154,155,156,157,158,159,160,161,164
0198_0352	54,72,82,86,93,95,100,104,113,115,127,131,132,139,143,144,146,150,151,152,153,155,157,158,159,160,161,162,163,164,165
0198_0353	54,72,82,104,109,113,127,131,132,139,140,143,144,146,150,152,153,155,157,159,162,163,164,165
0198_0359	29,37,38,48,53,54,57,62,65,69,72,75,77,80,82,83,84,85,89,90,91,92,95,96,97,98,100,102,104,106,109,110,111,112,113,117,120,121,122,124,126,127,130,131,132,133,135,136,137,138,139,140,142,143,144,146,147,148,150,151,152,153,154,155,156,157,158,159,161,162,163,164,165
0198_0361	53,54,57,72,82,83,89,90,91,96,98,109,112,120,123,126,127,128,131,132,137,138,139,140,143,145,146,150,152,153,155,157,159,163,164,165
0198_0362	29,37,38,43,48,53,57,62,65,69,72,75,77,80,83,84,85,89,90,92,96,97,98,102,104,106,109,110,111,112,113,117,120,121,122,124,126,127,128,129,130,131,132,133,135,136,137,139,140,142,143,144,146,148,150,151,152,153,154,155,156,157,158,159,161,162,163,164,165
0198_0364	29,43,48,53,54,57,69,72,83,89,90,91,96,102,106,109,112,123,124,126,127,130,131,132,137,139,140,143,146,148,150,152,153,155,157,159,164,165
0198_0368	29,43,48,54,69,72,82,89,90,102,104,106,109,112,124,126,130,131,132,138,139,140,146,148,152,153,155,157,159,164
0198_0370	54,84,95,113,123,127,131,139,143,146,151,152,154,156,157,158,159,161,162,163,164,165
0198_0371	53,54,82,89,90,92,95,104,108,109,110,111,117,123,131,136,139,140,146,151,153,154,155,156,157,158,159,160,161,164
0198_0373	29,43,48,53,69,72,82,89,90,91,102,106,109,112,124,126,130,131,132,138,139,140,146,148,152,153,155,157,159,164
0198_0374	29,43,48,53,54,57,69,72,82,89,90,91,98,102,106,109,112,123,124,126,127,130,131,132,137,139,140,143,146,148,150,152,153,155,157,159,163,164,165
0198_0375	39,40,48,53,54,55,57,58,60,61,67,69,72,73,84,88,89,90,91,95,97,98,102,106,109,112,123,124,126,127,130,131,132,133,136,137,139,140,143,146,148,150,151,152,153,155,156,157,158,159,161,163,164,165
0198_0376	91,104,115,123,131,132,136,139,140,146,154,155,157,159,160,164
0198_0379	53,54,57,72,82,89,90,91,98,109,123,127,131,132,137,139,140,143,146,150,152,153,154,155,157,159,163,164,165
0198_0380	113,123,127,131,139,143,146,152,154,157,159,162,163,164,165
0198_0382	26,50,53,66,72,76,82,89,90,91,96,99,104,105,108,109,112,115,116,118,127,128,129,131,132,136,139,140,143,145,146,147,149,150,152,153,154,155,157,159,160,163,164,165
0198_0384	113,127,139,143,152,154,157,159,162,163,164,165
0198_0385	54,65,95,97,98,105,113,121,123,125,127,131,136,137,139,140,143,145,146,151,152,154,156,157,159,161,162,163,164,165
0198_0389	65,82,83,90,91,92,93,96,100,104,105,108,110,111,113,116,117,121,126,127,131,137,142,143,147,149,151,152,153,154,155,156,157,158,159,160,161,162,163,164,165
0198_0390	99,123,131,136,139,140,146,154,157,159,164
0198_0395	26,39,40,48,50,55,58,60,61,66,67,69,73,76,88,91,96,99,102,105,106,108,112,115,116,118,124,126,127,128,129,130,132,136,139,140,141,143,145,146,147,148,149,150,152,154,157,159,160,163,164,165
0198_0396	54,65,95,97,98,105,113,121,123,125,127,131,136,137,139,143,145,146,151,152,154,156,157,159,161,162,163,164,165
0198_0398	82,91,109,113,127,131,139,143,152,153,155,157,159,162,163,164,165
0198_0401	27,54,84,87,90,95,104,107,111,113,123,127,131,134,139,143,144,146,150,151,152,154,155,156,157,158,159,161,162,163,164,165
0198_0402	54,72,123,131,139,146,152,154,157,159,162,163,164,165
0198_0405	90,91,104,118,123,131,132,136,139,140,146,147,154,155,157,159,164
0198_0406	65,83,90,91,96,104,105,121,123,131,132,137,139,151,154,155,156,157,159,161,162,163,164,165
0198_0407	54,72,99,113,123,127,131,139,140,143,144,146,150,152,154,157,159,162,163,164,165
0198_0408	37,38,43,53,65,77,79,80,89,92,95,97,98,105,106,110,113,117,120,121,125,127,131,136,137,142,143,144,145,149,150,151,154,156,159,160,161,162,163,164,165
0198_0410	54,90,92,95,104,108,110,111,117,123,131,136,139,146,151,154,155,156,157,158,159,160,161,162,163,164,165
0198_0411	75,83,85,90,91,92,95,96,100,108,110,111,116,117,118,121,122,123,136,137,139,146,147,148,150,153,154,156,157,158,159,160,161,164,165
0198_0412	54,65,79,83,84,90,91,92,95,96,104,105,110,111,117,121,131,137,142,151,154,155,156,158,161,162,163,164,165
0198_0416	53,54,72,89,113,123,127,131,139,140,143,144,146,150,152,154,157,159,162,163,164,165
0198_0418	65,82,83,90,91,96,104,105,109,121,131,132,137,139,147,151,153,155,156,157,161,162,163,164,165
0198_0419	72,93,99,113,123,126,127,131,139,140,143,144,146,150,152,154,157,159,160,162,163,164,165
0198_0420	54,66,82,90,91,92,95,96,100,104,105,108,110,111,112,115,116,117,118,123,127,128,129,131,132,136,139,140,141,143,145,146,147,149,150,151,152,153,154,155,156,157,158,159,160,161,163,164,165
0198_0422	38,47,59,64,65,77,79,80,81,83,88,93,96,98,105,120,121,137,142,151,156,160,161,162,163,165
0198_0423	54,72,86,88,90,91,93,104,115,116,123,131,132,139,146,147,152,153,154,155,157,159,160,164
0198_0424	54,66,82,90,91,92,95,96,100,104,105,108,110,111,112,115,116,117,118,123,127,128,129,131,132,136,139,140,141,143,145,146,147,149,150,151,152,153,154,155,156,157,158,159,160,161,163,164,165
0198_0425	123,139,154,157,159,162,163,164,165
0198_0426	53,84,97,113,123,127,131,133,135,139,143,146,151,152,154,156,157,158,159,161,162,163,164,165
0198_0428	54,72,113,123,127,131,139,140,143,144,146,150,152,154,157,159,162,163,164,165
0198_0432	90,104,113,123,127,131,132,139,143,144,146,150,152,154,155,157,159,162,163,164,165
0198_0433	82,90,91,104,109,118,123,128,129,131,132,139,146,147,153,154,155,157,159,164
0198_0436	54,72,91,104,113,123,127,131,132,139,140,143,144,146,150,152,154,155,157,159,162,163,164,165
0198_0437	38,50,54,65,74,76,77,79,80,82,83,91,96,98,99,100,105,116,120,121,131,133,135,137,142,149,151,153,155,156,158,160,161,162,163,165
0198_0438	72,93,113,123,126,127,139,140,143,144,146,149,150,152,154,157,159,160,162,163,164,165
0198_0441	53,54,84,95,97,113,123,127,131,133,135,139,143,144,146,150,151,152,154,156,157,158,159,161,162,163,164,165
0198_0444	53,89,123,131,136,139,140,146,154,157,159,160,164
0198_0446	26,50,66,72,76,89,90,91,96,99,104,105,108,109,112,115,116,118,123,126,127,128,129,131,132,136,139,140,141,143,145,146,147,149,150,152,153,154,155,157,159,160,163,164,165
0198_0447	65,83,84,90,91,92,96,104,105,110,111,117,121,131,132,137,142,151,154,155,156,158,161,162,163,164,165
0198_0448	54,82,92,95,100,104,110,117,123,131,132,136,139,146,151,153,154,155,156,157,158,159,161,162,163,164,165
0198_0449	53,89,90,114,123,131,136,139,140,146,154,155,157,159,160,164
0198_0450	27,54,84,87,90,95,104,107,111,113,123,125,126,127,131,134,139,140,143,144,145,146,150,151,152,154,155,156,157,158,159,161,162,163,164,165
0198_0451	99,123,131,136,139,140,146,154,157,159,164
0198_0453	113,127,139,143,152,154,157,159,162,163,164,165
0198_0454	90,91,104,113,123,127,131,132,139,143,144,146,147,150,152,154,155,157,159,162,163,164,165
0198_0459	25,38,43,65,77,79,80,84,92,95,97,98,105,106,110,113,117,120,121,125,127,131,133,135,137,142,143,145,151,154,156,158,161,162,163,164,165
0198_0460	84,123,131,133,135,139,151,154,156,157,158,159,161,162,163,164,165
0198_0462	90,91,104,118,123,128,129,131,132,136,139,140,146,147,154,155,157,159,164
0198_0463	65,72,83,90,91,96,105,121,123,131,132,136,137,139,146,151,152,154,155,156,157,159,161,162,163,164,165
0198_0464	54,57,72,82,83,89,96,104,109,123,127,131,132,136,137,139,140,143,146,150,152,153,154,155,157,159,164,165
0198_0465	54,84,95,113,123,127,131,133,135,139,143,144,146,150,151,152,154,156,157,158,159,161,162,163,164,165
0198_0466	54,72,113,123,127,131,139,140,143,144,146,150,152,154,157,159,162,163,164,165
0198_0467	53,84,97,123,131,133,135,139,144,150,151,154,156,157,158,159,161,162,163,164,165
0198_0472	53,89,113,123,127,131,139,140,143,144,146,150,152,154,157,159,162,163,164,165
0198_0473	65,98,105,121,123,125,137,139,145,154,156,157,159,161,162,163,164,165
0198_0475	37,43,54,77,79,83,90,91,96,104,106,108,110,111,116,117,118,120,121,123,127,128,129,131,132,136,137,139,142,143,146,147,150,151,154,155,156,157,158,159,160,161,164,165
0198_0476	72,91,114,115,123,136,139,146,149,152,154,155,157,159,160,164
0198_0477	72,90,91,104,123,131,132,136,139,140,146,147,152,154,155,157,159,164
0198_0478	65,82,83,90,91,92,96,100,104,105,108,110,111,113,116,117,121,127,131,137,139,142,143,147,151,152,153,154,155,156,157,158,159,160,161,162,163,164,165
0198_0480	34,50,76,90,99,104,123,131,132,136,139,140,146,154,155,157,159,164
0198_0481	90,91,104,118,123,128,129,131,132,136,139,140,146,147,154,155,157,159,164
0198_0482	72,90,91,104,118,123,131,132,136,139,140,146,147,152,154,155,157,159,164
0198_0483	90,91,104,115,116,123,131,132,136,139,140,146,147,154,155,157,159,160,164
0198_0486	113,123,126,127,143,152,154,157,159,160,162,163,164,165
0198_0493	49,118,123,128,129,132,136,140,146,147,154,155,157,159,164
0198_0494	90,91,104,118,123,129,131,132,136,139,140,146,147,154,155,157,159,164
0198_0496	54,74,90,92,95,104,108,110,111,115,117,123,131,136,139,141,146,149,151,154,155,156,157,158,159,160,161,164
0198_0497	53,89,113,127,131,139,143,144,146,150,152,154,157,159,160,162,163,164,165
0198_0499	90,91,93,104,108,116,118,123,126,132,136,139,140,146,147,154,155,157,159,160,164
0198_0500	65,83,90,91,93,96,105,116,121,123,126,132,137,151,154,155,156,157,159,160,161,162,163,164,165
0198_0501	49,53,66,82,89,90,91,104,109,112,115,116,123,129,131,132,139,140,146,147,152,153,154,155,157,159,160,164
0198_0502	54,72,93,113,123,126,127,131,139,140,143,144,146,150,152,154,157,159,160,162,163,164,165
0198_0503	72,93,104,113,123,126,127,131,132,139,140,143,144,146,150,152,154,155,157,159,160,162,163,164,165
0198_0504	50,76,99,123,131,136,139,140,146,154,157,159,160,164
0198_0506	54,72,82,91,98,100,104,105,108,111,113,116,121,127,131,137,139,143,144,145,147,150,151,152,153,156,157,158,159,160,161,162,163,164,165
0198_0507	53,84,89,92,97,110,113,117,127,131,139,143,144,150,151,152,154,156,157,158,159,161,162,163,164,165
0198_0509	72,74,90,115,123,132,136,139,146,149,152,154,155,157,159,160,164
0198_0512	90,91,104,113,123,127,131,132,139,140,143,144,146,150,152,154,155,157,159,162,163,164,165
0198_0513	65,83,90,91,96,105,121,132,137,151,154,155,156,161,162,163,164,165
0198_0515	91,104,113,123,127,131,132,139,143,146,152,154,155,157,159,162,163,164,165
0198_0517	65,82,89,91,95,97,98,109,113,121,127,131,137,139,143,144,146,150,152,153,154,155,156,157,159,160,161,162,163,164,165
0198_0518	49,89,113,123,127,139,143,144,146,150,152,154,157,159,162,163,164,165
0198_0519	90,91,104,118,123,128,129,131,132,136,139,140,146,147,154,155,157,159,164
0198_0521	38,54,65,75,77,78,79,80,83,85,93,96,98,105,119,120,121,122,131,133,135,137,142,148,151,156,158,160,161,162,163,165
0198_0522	54,72,90,104,113,123,127,131,132,139,140,143,146,152,154,155,157,159,162,163,164,165
0198_0523	36,37,43,54,77,79,81,83,88,90,91,96,101,104,105,106,110,111,117,118,120,121,123,127,128,129,131,132,136,137,139,142,143,146,147,151,153,154,155,156,157,158,159,161,164,165
0198_0527	65,83,90,91,96,104,105,113,121,123,127,131,132,137,139,143,146,151,152,154,155,156,157,159,161,162,163,164,165
0198_0528	49,123,132,154,155,157,159,162,163,164,165
0198_0529	89,113,123,126,127,139,143,146,152,154,157,159,160,162,163,164,165
0198_0533	54,57,72,82,83,89,96,104,109,123,127,131,132,136,137,139,140,143,146,150,152,153,154,155,157,159,164,165
0198_0534	53,54,57,72,82,83,89,90,91,96,104,109,112,123,127,128,131,132,137,138,139,140,143,146,150,152,153,155,157,159,164,165
0198_0535	53,54,57,72,82,89,90,91,98,104,109,112,123,127,129,131,132,137,138,139,140,143,146,150,152,153,155,157,159,163,164,165
0198_0536	53,54,72,82,89,90,91,104,109,128,131,132,138,139,140,146,152,153,155,157,159,164
0198_0537	53,54,72,82,89,90,91,104,109,128,131,132,138,139,140,146,152,153,155,157,159,164
0198_0538	53,54,72,89,127,131,139,140,143,146,150,152,157,159,163,164,165
0198_0539	53,54,57,72,82,89,90,91,98,109,123,127,131,132,137,139,140,143,146,150,152,153,155,157,159,163,164,165
0198_0540	53,54,57,72,89,90,91,98,104,109,123,127,131,132,137,139,140,143,146,150,152,153,157,159,163,164,165
0198_0541	53,54,57,72,89,90,91,98,104,109,123,127,131,132,137,139,140,143,146,150,152,153,157,159,163,164,165
0198_0542	53,54,57,72,82,83,89,90,91,96,98,109,112,120,123,126,127,128,131,132,137,138,139,140,143,146,150,152,153,155,157,159,163,164,165
0198_0543	53,54,57,72,82,89,90,91,98,109,123,127,131,132,137,139,140,143,146,150,152,153,155,157,159,163,164,165
0198_0544	53,54,57,72,82,89,90,91,98,109,123,127,131,132,137,139,140,143,146,150,152,153,155,157,159,163,164,165
0198_0545	53,54,57,72,82,89,90,91,98,109,123,127,131,132,137,139,140,143,146,150,152,153,155,157,159,163,164,165
0198_0546	53,54,72,82,89,90,91,104,109,131,132,138,139,140,146,152,153,155,157,159,164
0198_0547	53,54,57,72,82,89,90,91,98,109,120,123,126,127,131,132,137,138,139,140,143,145,146,150,152,153,155,157,159,163,164,165
0198_0548	53,54,72,82,89,90,91,104,109,131,132,138,139,140,146,152,153,155,157,159,164
0198_0549	53,54,57,72,82,89,90,91,98,109,120,123,126,127,131,132,137,138,139,140,143,145,146,150,152,153,155,157,159,163,164,165
0198_0550	53,54,57,72,82,89,90,91,98,104,109,112,123,127,129,131,132,137,138,139,140,143,146,150,152,153,155,157,159,163,164,165
0198_0551	53,54,57,72,82,83,89,91,96,104,109,123,127,131,132,137,139,140,143,146,150,152,153,154,155,157,159,164,165
0198_0552	53,54,72,82,89,90,91,104,109,131,132,139,140,146,152,153,154,155,157,159,164
0198_0553	53,54,57,72,82,89,90,91,98,109,120,123,126,127,131,132,137,138,139,140,143,145,146,150,152,153,155,157,159,163,164,165
0198_0554	53,54,57,72,82,89,90,91,98,104,109,112,123,127,129,131,132,137,138,139,140,143,146,150,152,153,155,157,159,163,164,165
0198_0555	53,54,72,82,89,90,91,104,109,128,131,132,138,139,140,146,152,153,155,157,159,164
0198_0556	53,54,57,72,89,90,91,98,104,109,123,127,131,132,137,139,140,143,146,150,152,153,157,159,163,164,165
0198_0557	53,54,57,72,89,90,91,98,104,109,123,127,131,132,137,139,140,143,146,150,152,153,157,159,163,164,165
0198_0558	53,54,57,72,82,83,89,90,91,96,98,104,109,112,120,123,126,127,128,131,132,137,138,139,140,143,146,150,152,153,155,157,159,163,164,165
0198_0561	99,113,123,127,131,139,143,146,152,154,157,159,162,163,164,165
0198_0562	49,108,114,115,116,118,123,128,129,132,147,154,155,157,159,160,164
0198_0565	66,90,91,96,104,105,108,112,115,116,118,123,127,128,129,131,132,139,140,141,143,145,146,147,149,150,152,154,155,157,159,160,163,164,165
0198_0566	49,99,108,114,115,116,118,123,128,129,132,147,154,155,157,159,160,164
0198_0568	66,90,91,96,104,105,108,112,115,116,118,123,127,128,129,131,132,139,140,141,143,145,146,147,149,150,152,154,155,157,159,160,163,164,165
0198_0569	66,90,91,96,104,105,108,112,115,116,118,123,127,128,129,131,132,139,141,143,145,146,147,149,150,152,154,155,157,159,160,163,164,165
0198_0571	90,91,104,108,114,115,116,118,123,128,129,132,139,147,154,155,157,159,160,164
0198_0574	90,91,99,104,108,114,115,116,118,123,128,129,132,139,147,154,155,157,159,160,164
0198_0575	66,90,91,96,104,105,108,112,115,116,118,123,127,128,129,131,132,139,140,141,143,145,146,147,149,150,152,154,155,157,159,160,163,164,165
0198_0576	90,91,104,108,114,115,116,118,123,128,129,132,139,147,154,155,157,159,160,164
0198_0578	54,72,90,91,99,113,123,125,126,127,131,132,136,139,140,143,144,145,146,150,152,154,155,157,159,162,163,164,165
0198_0580	26,50,53,66,72,76,82,89,90,91,96,99,104,105,108,109,112,115,116,118,127,128,129,131,132,136,139,140,143,145,146,147,149,150,152,153,154,155,157,159,160,163,164,165
0198_0581	39,40,48,51,53,55,58,60,61,66,67,69,73,82,88,90,91,92,96,97,100,102,104,105,106,108,110,111,112,115,116,117,118,124,127,128,129,130,131,132,136,138,139,140,141,143,145,146,147,148,149,150,151,152,153,154,155,156,157,158,159,160,161,163,164,165
0198_0582	49,99,108,114,115,116,118,123,128,129,132,147,154,155,157,159,160,164
0198_0583	90,91,104,108,114,115,116,118,123,128,129,132,139,147,154,155,157,159,160,164
0198_0584	27,54,84,87,90,95,104,107,111,113,123,125,126,127,131,134,139,140,143,144,145,146,150,151,152,154,155,156,157,158,159,161,162,163,164,165
0198_0587	90,91,104,108,114,115,116,118,123,128,129,132,139,147,154,155,157,159,160,164
0198_0590	66,90,91,96,104,105,108,112,115,116,118,123,127,128,129,131,132,139,140,141,143,145,146,147,149,150,152,154,155,157,159,160,163,164,165
0198_0592	90,91,99,104,108,114,118,123,128,129,132,139,147,154,155,157,159,160,164
0198_0593	90,91,104,108,114,115,116,118,123,128,129,132,139,147,154,155,157,159,160,164
0198_0595	90,91,99,104,108,114,115,116,118,123,128,129,132,139,147,154,155,157,159,160,164
0198_0598	27,54,84,87,90,95,104,107,111,113,123,125,126,127,131,134,139,140,143,144,145,146,150,151,152,154,155,156,157,158,159,161,162,163,164,165
0198_0600	90,91,99,104,108,114,115,116,118,123,128,129,132,139,147,154,155,157,159,160,164
0198_0601	82,90,91,104,109,118,123,128,129,131,132,139,146,147,153,154,155,157,159,164
0198_0605	65,77,79,83,96,105,120,121,137,142,144,149,150,151,156,160,161,162,163,165
0198_0608	66,90,91,96,104,105,108,112,115,116,118,123,127,128,129,131,132,139,140,141,143,145,146,147,149,150,152,154,155,157,159,160,163,164,165
0198_0612	90,99,104,108,114,123,128,129,132,139,147,154,155,157,159,160,164
0198_0613	72,89,108,109,114,123,126,136,138,140,141,146,149,152,153,154,155,157,159,160,164
0198_0615	108,114,115,116,118,128,129,132,147,149,152,154,155,160,164
0198_0616	53,89,105,113,123,125,127,131,139,143,144,145,146,150,152,154,157,159,162,163,164,165
0198_0618	72,90,123,132,136,139,146,152,154,155,157,159,162,163,164,165
0198_0619	99,123,139,154,157,159,162,163,164,165
0198_0620	90,91,99,104,108,114,115,116,118,123,128,129,132,139,147,154,155,157,159,160,164
0198_0621	49,108,114,115,116,118,123,128,129,132,147,154,155,157,159,160,164
0198_0627	54,72,82,89,90,99,104,108,109,114,115,116,118,123,126,128,129,131,132,138,139,140,146,147,152,153,154,155,157,159,160,164
0198_0629	54,72,82,89,90,104,108,109,114,115,116,118,123,126,128,129,131,132,138,139,140,146,147,152,153,154,155,157,159,160,164
0198_0632	26,50,53,66,72,76,82,89,90,91,96,99,104,105,108,109,112,115,116,118,127,128,129,131,132,136,139,140,143,145,146,147,149,150,152,153,154,155,157,159,160,163,164,165
0198_0633	90,91,104,108,114,115,116,118,123,128,129,132,139,147,154,155,157,159,160,164
