id	bits.on
0066_00001	15,73,81,89,116,134,175,183,237,272,298,371,380,385,393,405,419,487,524,543,550,585,620,651,666,683,686,725,752,772,928,929,937,948,968
0066_00003	4,35,50,63,67,85,89,94,127,132,134,137,139,145,153,159,175,197,209,212,304,311,316,319,326,351,352,387,390,401,405,422,442,461,524,576,626,631,675,686,710,719,743,772,783,801,804,814,924,936,948,968,974,982
0066_00015	20,28,39,58,65,66,73,77,82,94,126,129,134,153,154,180,191,207,220,223,236,245,248,266,293,299,332,356,357,367,391,405,418,457,468,480,490,494,495,506,508,525,530,541,567,571,579,582,592,614,615,620,626,627,662,687,689,727,752,756,772,783,786,802,840,841,850,853,885,911,918,941,942,946,947,948,949,963,997
0066_00016	15,18,20,79,89,94,134,153,190,245,264,356,381,429,480,497,508,510,530,547,553,562,605,623,626,651,662,671,683,719,726,727,752,773,778,789,795,803,827,835,946,972,976,981,1008
0066_00026	20,138,153,207,266,387,390,434,508,511,526,575,615,626,627,682,700,707,725,727,779,833,919,932,948
0066_00027	88,117,134,141,153,195,207,326,365,387,395,405,423,479,481,557,576,625,626,662,787,819,866,867,960,968,989
0066_00031	19,20,94,107,134,141,153,207,213,247,319,326,387,395,405,481,486,508,524,576,626,686,705,727,741,776,789,925,947,948,968,986,989
0066_00033	19,20,138,141,153,202,207,225,231,269,387,438,481,508,547,606,688,700,713,718,727,771,776,778,813,833,919,932,948
0066_00039	7,20,44,50,57,62,64,84,138,153,154,183,207,267,283,292,312,320,347,361,366,374,390,411,418,429,430,481,497,502,508,516,530,540,556,558,559,591,599,600,626,650,662,673,700,718,724,727,729,734,739,755,757,763,778,781,826,833,850,859,864,877,905,911,918,919,921,932,948,954,955,960,993,994,1007
