id	bits.on
0066_00001	10,11,12,15,16,144,146,147,179,181,182,256,257,284,285,286,333,334,339,341,345,346,352,356,357,359,366,371,372,373,374,375,377,385,388,391,392,397,404,417,419,431,435,436,442,443,446,447,448,450,454,465,471,473,483,491,492,496,503,507,517,521,522,524,525,531,539,540,541,546,547,550,553,556,557,565,571,577,578,579,583,585,586,593,594,596,600,601,604,608,609,614,619,629,634,635,641,657,658,661,665,666,669,678,679,680,684,689,697,709,710,711
0066_00002	10,11,12,15,19,20,179,180,184,185,186,256,284,285,286,287,300,309,333,334,339,341,342,345,346,352,353,356,357,366,371,372,375,382,383,385,391,393,394,407,417,431,435,442,447,465,471,491,499,521,525,529,541,542,543,545,549,550,553,557,565,568,571,574,575,579,583,585,591,593,596,600,604,607,608,609,614,618,619,620,629,632,634,635,638,641,642,644,652,656,657,661,664,665,668,669,678,679,680,681,683,684,689,690,692,697,699,700,703,704,709,710,711,713,715,736,756,762,778,799,819,825
0066_00003	10,11,12,15,16,17,19,20,21,144,146,147,151,154,179,181,182,256,257,258,259,284,285,286,287,300,309,333,340,341,342,345,346,347,352,353,356,358,359,360,366,367,374,375,376,377,378,379,380,385,387,388,389,390,391,392,394,397,398,404,406,407,417,419,432,438,439,442,443,448,450,451,454,465,473,483,485,486,488,489,492,496,500,505,507,520,522,524,531,539,541,546,548,550,556,561,567,568,570,572,573,583,586,593,594,597,602,612,613,614,615,618,622,629,637,638,639,640,655,657,658,660,663,664,675,681,682,683,684,691,692,703
0066_00004	10,11,15,16,19,179,181,182,256,257,284,285,286,287,300,333,334,345,346,352,353,356,357,359,366,371,372,373,374,375,377,385,388,391,392,394,397,398,404,417,419,421,431,435,436,440,442,443,444,446,447,448,450,452,454,465,471,473,483,491,492,494,496,503,507,517,521,522,524,525,531,536,539,540,541,546,547,550,553,554,556,557,565,571,577,578,579,580,581,583,585,586,593,594,596,598,600,601,604,608,609,614,619,624,625,629,634,635,641,657,658,661,665,666,669,672,673,674,678,679,684,685,696,709,710
0066_00005	10,11,12,15,179,180,186,187,256,258,284,285,286,300,333,334,341,345,352,356,357,371,372,377,378,385,386,394,417,431,435,438,442,447,450,465,471,491,503,517,521,525,546,547,550,553,557,565,571,579,583,585,593,596,600,601,604,608,609,619,634,635,641,644,661,665,666,669,678,679,680,684,689,697,709,710,711,713,738,756,759,801,819,822
0066_00006	10,11,15,19,179,181,182,256,257,284,285,286,287,300,333,345,346,352,353,356,359,366,371,372,373,374,377,382,385,388,391,393,394,397,400,401,404,417,419,421,435,436,440,442,443,444,446,447,448,450,452,454,465,471,473,483,491,492,494,496,503,507,517,521,522,524,525,528,529,531,536,539,540,541,546,547,550,553,554,556,557,565,571,577,578,579,580,583,585,586,593,596,598,600,601,604,608,609,614,619,624,629,634,635,641,644,646,647,657,658,661,665,666,669,672,673,678,679,684,685,696
0066_00007	10,11,12,15,19,20,179,180,256,284,285,286,287,300,309,333,334,342,345,346,352,353,356,357,366,367,371,372,375,382,383,385,394,406,407,417,431,435,442,447,471,477,491,499,517,521,525,529,542,543,545,549,553,557,565,566,568,571,574,575,579,583,585,590,591,593,595,596,600,604,605,607,608,609,618,619,620,627,631,632,635,638,641,642,644,652,656,661,663,664,665,667,668,669,678,679,680,681,684,689,690,692,697,699,700,709,710,711,715,736,762,778,799,825
0066_00008	10,11,15,16,17,144,146,147,179,181,182,256,257,258,259,284,285,286,300,333,341,352,356,358,359,360,366,374,375,376,377,378,379,380,385,387,388,389,390,391,392,393,394,397,398,400,401,404,417,419,432,438,439,442,443,448,450,451,454,465,473,483,485,486,488,489,492,496,500,505,507,520,522,524,528,529,531,539,541,546,548,550,556,561,570,573,586,594,597,602,612,614,622,629,637,655,658,675
0066_00009	10,11,15,16,144,146,147,256,257,284,285,286,300,333,341,345,346,352,356,358,359,366,371,373,374,375,376,377,380,388,390,391,392,394,397,398,404,417,419,432,436,438,442,443,446,447,448,450,451,454,473,483,485,486,488,491,492,496,500,503,505,507,520,522,524,529,539,540,541,546,547,548,557,561,570,571,573,586,593,594,597,600,608,612,614,637,644,655,658,666,675
0066_00010	10,11,15,16,19,20,284,285,286,287,300,309,333,345,346,352,353,366,376,381,391,394,407,419,421,441,444,451,453,454,488,536,580,593,618,638,683,686
0066_00011	10,11,12,15,19,20,179,180,181,182,186,256,257,258,284,285,286,287,300,309,333,334,341,342,345,352,353,356,357,358,359,371,372,377,378,381,382,383,385,386,387,388,391,393,394,397,400,401,404,407,417,419,421,431,432,433,435,438,441,442,443,444,447,450,453,454,462,465,471,473,483,491,494,495,496,503,507,517,521,524,525,528,531,536,537,539,540,546,547,549,550,553,554,556,557,565,567,571,574,575,577,578,579,580,581,583,585,586,593,596,598,600,601,603,604,608,609,614,618,619,620,624,625,629,634,635,638,641,642,644,656,657,658,660,661,665,666,668,669,672,673,674,678,679,680,681,684,685,687,688,689,690,693,697,699,700,705,709,710,711,759,822
0066_00012	10,11,15,16,19,179,181,182,256,257,284,285,286,287,300,333,334,345,346,352,356,357,359,366,371,373,374,375,376,377,379,380,385,388,390,391,393,394,397,400,401,404,417,419,421,431,436,439,442,443,446,447,448,450,451,452,454,465,473,483,485,488,489,492,496,505,507,520,522,524,528,531,539,541,546,550,556,561,573,577,586,594,597,600,602,614,622,629,637,646,647,648,655,658,675
0066_00013	10,11,15,16,17,144,146,147,179,181,182,256,257,258,259,284,285,286,300,333,341,352,356,358,359,360,366,374,376,377,378,379,380,385,387,388,389,390,391,393,394,397,400,401,404,417,419,432,438,439,442,443,448,450,451,454,465,473,483,485,486,488,489,492,496,500,505,507,520,522,524,528,529,531,539,541,546,548,550,556,561,570,573,586,594,597,602,612,614,622,629,637,655,658,675
0066_00014	10,11,15,16,17,284,285,286,300,333,345,346,352,366,376,391,394,419,451,454,488,529,593,644
0066_00015	10,11,12,13,14,15,16,17,19,20,21,144,146,147,149,150,151,153,154,156,157,158,165,256,257,258,259,284,285,286,287,300,309,333,334,341,345,352,353,356,357,358,359,375,377,381,385,388,391,393,394,397,400,401,404,407,417,419,421,431,432,435,438,440,441,442,443,444,447,450,452,453,454,465,471,473,483,491,496,503,507,517,521,524,525,528,531,536,539,540,546,550,553,554,556,557,565,571,578,579,580,583,585,586,593,596,601,604,608,609,614,618,629,634,635,638,641,644,646,657,658,661,665,666,669,672,678,679,680,681,684,685,689,690,692,693,696,699,700,703,704,705,708,709,710,711,713
0066_00016	10,11,12,15,16,19,20,34,144,146,147,151,154,284,285,286,287,294,300,309,333,339,341,345,346,350,352,353,354,366,369,376,381,391,393,394,407,413,421,441,444,452,453,508,529,536,541,561,570,580,583,587,593,612,614,618,637,638,644,646,647,655,659,680,681,684,685,689,690,693,697,699,705
0066_00017	10,11,12,13,19,20,21,179,180,256,284,285,287,333,334,336,345,347,353,356,357,367,371,372,375,381,385,406,417,421,431,435,441,442,444,447,453,471,491,494,517,521,525,536,549,553,554,557,565,571,574,575,579,580,583,585,595,596,598,600,604,605,609,615,619,620,624,635,638,641,642,656,661,665,667,669,672,673,678,679,680,681,682,685,687,688,689,690,693,697,699,705,709,710,711,713,756,819
0066_00018	10,11,12,15,16,17,19,20,144,146,147,179,181,182,256,257,258,259,284,285,286,287,333,341,352,353,356,358,359,360,366,374,375,376,377,378,379,380,382,385,387,388,389,390,391,392,397,398,404,417,419,421,432,438,439,440,442,443,444,448,450,451,452,454,465,473,483,485,486,488,492,494,495,496,500,505,507,520,522,524,531,536,537,539,541,546,548,550,554,556,561,570,573,581,586,594,597,602,603,612,614,622,625,629,637,646,647,648,651,655,658,674,675
0066_00019	10,11,15,19,284,285,286,287,309,345,346,347,352,353,366,367,375,391,392,407,541,567,572,660
0066_00020	10,11,15,16,19,144,146,147,284,285,286,287,300,345,346,352,353,366,375,376,391,392,393,394,419,421,440,444,451,452,489,520,537,541,561,570,597,603,612,637,644,648,655
0066_00021	10,11,15,16,19,179,181,182,256,257,284,285,286,287,300,333,345,346,352,356,359,366,371,372,373,374,376,377,379,380,385,388,390,391,393,394,397,400,401,404,417,419,421,435,436,439,442,443,446,447,448,450,451,452,454,465,473,483,485,488,489,492,496,503,505,507,517,520,522,524,528,531,539,540,541,546,547,550,556,561,573,577,586,594,597,602,614,622,629,637,644,646,647,648,655,658,675
0066_00022	10,11,15,19,20,284,285,286,287,300,309,345,346,347,352,353,366,367,391,393,394,407,529,541,567,572,644,657,660
0066_00023	10,11,12,15,16,144,146,147,179,180,256,257,258,284,285,286,300,333,334,341,345,352,356,357,358,359,366,371,372,374,375,376,377,378,380,385,387,388,390,391,393,394,397,400,401,404,417,419,431,432,435,438,442,443,447,448,450,451,454,465,471,473,483,485,486,488,489,491,492,496,500,503,505,507,520,521,522,524,525,528,529,531,539,540,541,546,547,548,550,553,556,557,561,565,570,571,573,577,579,583,585,586,593,596,597,600,601,604,608,609,612,614,619,629,634,635,637,641,644,655,658,661,665,666,669,675,678,679,680,684,689,697,709,710,711,713,717,738,756,771,780,801,819,834
0066_00024	10,11,15,16,144,146,147,256,257,284,285,286,300,333,341,345,346,352,356,358,359,366,371,373,374,376,377,380,388,390,391,393,394,397,400,401,404,417,419,432,436,438,442,443,446,447,448,450,451,454,473,483,485,486,488,489,491,492,496,500,503,505,507,520,522,524,528,529,539,540,541,546,547,548,557,561,570,571,573,586,593,594,597,600,608,612,614,637,644,655,658,666,675
0066_00025	10,11,12,15,19,144,146,147,179,180,256,257,258,284,285,286,287,300,333,334,341,345,346,347,352,353,356,357,358,359,366,367,371,372,373,374,377,378,385,386,387,388,391,393,394,397,400,401,404,417,419,421,431,432,435,436,437,438,442,443,444,446,447,448,449,450,454,465,471,473,483,491,492,496,503,507,517,521,522,524,525,528,529,531,536,539,540,541,546,547,550,553,556,557,565,571,577,578,579,580,583,585,586,593,596,598,600,601,604,608,609,614,619,629,634,635,641,644,657,658,661,665,666,669,678,679,680,684,685,686,689,693,696,697,698,705,708,709,710,711,713,759,822
0066_00026	10,11,15,19,20,284,285,286,287,309,333,340,342,345,346,347,352,353,366,367,375,381,391,392,407,421,441,444,453,536,541,567,572,580,582,593,614,618,638,640,643,660,683,686
0066_00027	10,11,15,16,19,144,146,147,256,257,284,285,286,287,300,309,333,339,341,345,346,347,352,353,356,358,359,366,367,371,373,374,376,377,380,388,390,391,393,394,397,400,401,404,407,417,419,432,436,438,442,443,446,447,448,450,451,454,473,483,485,486,488,489,491,492,496,500,503,505,507,520,522,524,528,529,539,540,541,546,547,548,557,561,567,570,571,572,573,583,586,593,594,596,597,600,608,609,612,614,618,637,638,641,644,655,658,666,675,681,683,684,692,703
0066_00028	10,11,12,15,16,17,19,20,179,180,181,182,186,188,189,193,256,257,258,259,260,284,285,286,287,300,333,334,341,345,352,353,356,357,358,359,360,371,372,375,376,377,378,379,380,382,385,387,388,389,390,391,393,394,397,400,401,404,417,419,421,431,432,435,438,439,440,442,443,444,447,450,451,452,454,465,471,473,483,485,486,488,489,491,494,495,496,500,503,505,507,520,521,524,525,528,531,536,537,539,540,546,547,548,550,553,554,556,557,561,565,570,571,573,577,578,579,581,583,585,586,593,594,596,597,600,601,602,603,604,608,609,612,614,619,622,625,629,634,635,637,641,646,648,651,655,657,658,661,665,666,669,674,675,678,679,680,684,689,697,709,710,711,713,717,738,756,771,780,801,819,834
0066_00029	10,11,12,15,16,19,20,144,146,147,179,180,256,257,258,284,285,286,287,300,333,334,341,342,345,346,352,353,356,357,358,359,366,367,371,372,373,374,375,377,378,382,383,385,386,387,388,391,393,394,397,400,401,404,406,417,419,421,431,432,435,436,438,440,442,443,444,446,447,448,450,452,454,465,471,473,477,483,491,492,496,499,503,507,517,521,522,524,525,528,529,531,539,540,541,542,543,546,547,549,550,553,556,557,565,566,571,574,575,577,578,579,583,585,586,590,593,595,596,600,601,604,605,607,608,609,614,619,620,627,629,634,635,638,641,642,644,646,647,652,656,657,658,661,665,666,667,669,678,679,680,681,683,684,689,690,692,697,698,699,700,703,709,710,711,713,722,736,759,785,799,822
0066_00030	10,15,16,284,286,300,366,375,376,391,394,419,451,454,488
0066_00031	10,11,15,16,19,20,144,146,147,256,257,284,285,286,287,300,309,333,339,341,345,346,352,353,356,358,359,366,371,373,374,375,376,377,380,381,388,390,391,392,394,397,398,404,407,417,419,421,432,436,438,441,442,443,444,446,447,448,450,451,453,454,473,483,485,486,488,491,492,496,500,503,505,507,520,522,524,529,536,537,539,540,541,546,547,548,557,561,567,570,571,573,580,583,586,593,594,596,597,600,608,609,612,614,618,637,638,641,644,655,658,666,675,681,683,684,685,686,692,696,703
0066_00032	10,11,15,16,19,284,285,286,287,300,333,345,346,352,353,366,375,391,393,394,421,440,444,452,529,541,593,614,644,646,647,657
0066_00033	10,11,12,15,16,19,20,284,285,286,287,300,333,339,341,345,346,352,353,366,375,381,391,392,394,421,441,444,453,529,536,537,541,567,580,583,593,614,638,644,680,681,684,685,690,693
0066_00034	10,11,15,16,19,179,181,182,256,257,284,285,286,287,300,333,334,345,346,352,353,356,357,359,366,371,372,373,374,377,385,388,391,394,397,404,417,419,421,431,435,436,440,442,443,444,446,447,448,450,452,454,465,471,473,483,491,492,494,496,503,507,517,521,522,524,525,531,536,539,540,541,546,547,550,553,554,556,557,565,571,577,578,579,580,581,583,585,586,593,594,596,598,600,601,604,608,609,614,619,624,625,629,634,635,641,657,658,661,665,666,669,672,673,674,678,679,684,685,696,709,710
0066_00035	10,11,12,15,16,144,146,147,179,180,256,257,258,284,285,286,300,333,334,341,345,346,352,356,357,358,359,366,371,372,373,374,375,377,378,385,386,387,388,391,393,394,397,400,401,404,417,419,431,432,435,436,438,442,443,446,447,448,450,454,465,471,473,483,491,492,496,503,507,517,521,522,524,525,528,529,531,539,540,541,546,547,550,553,556,557,565,571,577,578,579,583,585,586,593,596,600,601,604,608,609,614,619,629,634,635,641,644,657,658,661,665,666,669,678,679,680,684,689,697,698,709,710,711,713,759,822
0066_00036	10,11,12,15,16,19,20,179,181,182,256,257,284,285,286,287,300,309,333,334,341,342,345,346,347,352,353,356,357,358,359,366,367,371,373,374,375,377,382,383,385,388,391,394,397,404,407,417,419,431,432,436,438,442,443,446,447,448,450,454,462,465,471,473,483,491,492,496,498,499,507,521,522,524,525,529,531,539,540,541,542,544,546,549,550,553,556,557,565,567,571,572,574,575,578,579,583,585,586,588,591,593,596,600,601,604,607,608,609,614,618,619,620,629,634,635,638,639,641,642,652,656,657,658,660,661,665,666,668,669,678,679,680,681,682,683,684,690,692,703,704,709,710,711,713
0066_00037	10,11,12,15,179,180,181,182,186,256,257,258,284,285,286,333,334,341,345,346,352,356,357,358,359,366,371,372,373,374,377,378,385,386,387,388,391,397,404,417,419,431,432,435,436,438,442,443,446,447,448,450,454,465,471,473,483,491,492,496,503,507,517,521,522,524,525,531,539,540,541,546,547,550,553,556,557,565,571,577,578,579,583,585,586,593,596,600,601,604,608,609,614,619,629,634,635,641,657,658,661,665,666,669,678,679,680,684,689,697,709,710,711,759,822
0066_00038	10,11,12,15,16,19,144,146,147,179,180,256,257,258,284,285,286,287,300,309,333,334,341,342,345,346,352,353,356,357,358,359,366,371,372,373,374,377,378,382,383,385,386,387,388,391,393,394,397,400,401,404,407,417,419,431,432,435,436,438,442,443,446,447,448,450,454,465,471,473,483,491,492,496,499,503,507,517,521,522,524,525,528,529,531,539,540,541,542,543,546,547,549,550,553,556,557,565,571,574,575,577,578,579,583,585,586,591,593,596,600,601,604,607,608,609,614,618,619,620,629,634,635,638,641,642,644,652,656,657,658,661,665,666,668,669,678,679,680,681,683,684,689,690,692,697,698,699,700,703,709,710,711,713,722,736,759,785,799,822
0066_00039	10,11,12,13,14,15,16,19,20,21,31,284,285,286,287,300,309,315,333,339,340,341,342,345,346,347,352,353,366,367,375,391,392,393,394,407,408,412,417,421,426,435,440,442,444,447,452,457,491,517,525,529,536,541,557,567,572,574,580,583,593,600,614,618,620,638,640,641,644,646,647,657,660,661,668,679,680,684,685,689,693,697,705
0066_00040	10,11,12,15,16,17,19,34,144,146,147,179,181,182,256,257,258,259,284,285,286,287,294,300,309,333,334,341,345,346,347,352,353,354,356,357,358,359,360,366,367,369,371,373,374,375,376,377,379,380,384,385,388,390,391,392,394,397,398,404,407,413,417,419,422,431,432,436,438,439,442,443,446,447,448,450,451,454,465,473,474,475,476,481,483,485,488,490,491,492,496,501,505,507,508,509,520,522,524,525,531,532,534,539,540,541,546,550,556,557,561,571,572,573,577,583,586,587,593,594,597,600,602,614,618,622,629,635,637,638,642,655,656,657,658,661,666,669,675,679,681,683
0066_00041	10,11,15,16,17,34,144,146,147,179,181,182,256,257,258,259,284,285,286,294,300,333,341,352,354,356,358,359,360,366,369,374,375,376,377,378,379,380,384,385,387,388,389,390,391,393,394,397,400,401,404,413,417,419,432,438,439,442,443,448,450,451,454,465,473,474,476,483,485,486,488,489,490,492,496,500,501,505,507,508,520,522,524,528,529,531,532,534,539,541,546,548,550,556,561,570,573,586,587,594,597,602,612,614,622,629,630,637,655,658,675
