id	bits.on
0052_00001	53,54,57,62,72,89,90,98,105,113,123,125,126,127,131,132,137,139,140,143,144,145,146,150,152,154,157,159,162,163,164,165
0052_00002	53,54,72,89,127,131,139,140,143,146,150,152,157,159,163,164,165
0052_00003	49,65,75,85,93,97,98,121,122,123,137,148,154,157,158,159,160,161,162,163,164,165
0052_00004	30,49,74,75,83,85,86,93,95,96,100,108,111,112,115,116,118,121,122,123,137,147,148,149,150,153,154,156,157,158,159,160,161,164,165
0052_00005	53,54,72,89,113,123,127,131,139,140,143,144,146,150,152,154,157,159,162,163,164,165
0052_00006	53,54,57,72,89,98,105,109,113,120,123,125,127,131,132,136,137,139,140,143,144,145,146,150,152,153,154,157,159,162,163,164,165
0052_00007	37,38,65,75,77,79,80,83,85,89,92,93,95,96,97,98,105,106,110,113,117,120,121,122,127,136,137,142,143,144,148,149,150,151,154,156,158,159,160,161,162,163,164,165
0052_00008	53,54,57,62,72,89,90,98,104,105,113,125,127,131,132,137,139,140,143,144,145,146,150,152,157,159,162,163,164,165
0052_00009	39,40,48,55,58,60,61,67,69,72,73,88,89,93,102,106,112,113,123,124,126,127,130,131,136,139,140,143,144,146,148,150,152,154,157,159,160,162,163,164,165
0052_00010	54,72,82,91,104,109,113,127,131,132,139,143,144,146,147,150,152,153,155,157,159,162,163,164,165
0052_00011	53,54,57,72,89,98,105,109,113,120,123,125,127,131,132,136,137,139,140,143,144,145,146,150,152,153,154,157,159,162,163,164,165
0052_00012	54,72,113,123,127,131,139,140,143,144,146,150,152,154,157,159,162,163,164,165
0052_00013	39,40,48,53,55,58,60,61,67,69,72,73,88,89,102,106,112,113,124,126,127,130,131,136,139,140,143,144,146,148,150,152,157,159,162,163,164,165
0052_00014	39,40,48,55,58,60,61,67,69,72,73,88,102,106,112,113,124,126,127,130,131,136,139,140,143,144,146,148,150,152,157,159,162,163,164,165
0052_00015	53,54,57,62,72,89,90,98,104,105,113,125,127,131,132,137,139,140,143,144,145,146,150,152,157,159,162,163,164,165
0052_00016	53,54,57,62,72,89,90,98,104,105,113,125,127,131,132,137,139,140,143,144,145,146,150,152,157,159,162,163,164,165
0052_00017	53,89,113,123,127,131,139,140,143,144,146,150,152,154,157,159,162,163,164,165
0052_00018	53,54,66,72,89,90,91,99,104,112,113,123,126,127,131,132,136,139,140,143,144,145,146,150,152,154,157,159,162,163,164,165
0052_00019	49,53,54,57,62,72,89,98,105,113,125,127,131,137,139,140,143,144,145,146,150,152,157,159,162,163,164,165
0052_00020	49,53,54,57,62,72,82,89,90,91,98,105,109,113,120,123,125,126,127,131,132,137,139,140,143,144,145,146,150,152,153,155,157,159,162,163,164,165
0052_00021	54,57,72,89,98,105,113,123,125,127,131,137,139,140,143,144,145,146,150,152,154,157,159,162,163,164,165
0052_00022	54,72,90,91,104,113,123,127,131,132,139,140,143,144,146,147,150,152,154,155,157,159,162,163,164,165
0052_00023	54,82,92,95,100,104,110,117,123,131,132,136,139,146,151,153,154,155,156,157,158,159,161,162,163,164,165
0052_00024	104,113,123,127,131,132,139,143,146,152,154,155,157,159,162,163,164,165
0052_00025	72,93,113,123,126,127,131,139,140,143,144,146,150,152,154,157,159,160,162,163,164,165
0052_00026	53,89,113,123,127,131,139,140,143,144,146,150,152,154,157,159,162,163,164,165
0052_00027	54,72,99,113,123,127,131,139,140,143,144,146,150,152,154,157,159,162,163,164,165
0052_00028	72,89,93,113,123,126,127,131,139,140,143,144,146,149,150,152,154,157,159,160,162,163,164,165
0052_00029	53,89,113,123,127,131,139,140,143,144,146,150,152,154,157,159,162,163,164,165
0052_00030	39,40,48,55,57,58,60,61,67,69,72,73,83,88,96,102,106,112,113,123,124,126,127,128,129,130,131,132,136,137,139,140,143,144,146,147,148,150,152,154,155,157,159,162,163,164,165
0052_00031	72,93,104,113,123,126,127,131,132,139,140,143,144,146,150,152,154,155,157,159,160,162,163,164,165
0052_00032	53,54,57,62,72,89,90,98,104,105,113,125,127,131,132,137,139,140,143,144,145,146,150,152,157,159,162,163,164,165
0052_00033	53,54,57,62,72,89,90,98,105,113,123,125,126,127,131,132,137,139,140,143,144,145,146,150,152,154,157,159,162,163,164,165
0052_00034	53,54,57,62,72,89,98,105,113,120,123,125,126,127,131,136,137,139,140,143,144,145,146,150,152,154,157,159,162,163,164,165
0052_00035	90,104,113,123,127,131,132,139,143,146,147,152,154,155,157,159,162,163,164,165
0052_00036	53,54,57,72,89,98,105,113,120,123,125,126,127,131,136,137,139,140,143,145,146,150,152,154,157,159,162,163,164,165
0052_00037	72,93,113,126,127,139,143,144,146,150,152,154,157,159,160,162,163,164,165
0052_00038	53,54,57,72,82,89,90,91,93,98,109,113,120,123,125,126,127,129,131,132,137,138,139,140,143,144,145,146,149,150,152,153,155,157,159,160,162,163,164,165
0052_00039	54,57,72,89,98,105,113,123,125,127,131,137,139,140,143,144,145,146,150,152,154,157,159,162,163,164,165
0052_00040	99,113,123,127,131,139,143,146,152,154,157,159,162,163,164,165
0052_00041	53,54,57,72,89,98,105,113,120,123,125,126,127,131,136,137,139,140,143,145,146,150,152,154,157,159,162,163,164,165
0052_00042	53,54,57,62,72,89,90,91,98,105,109,113,120,123,125,126,127,131,132,137,139,140,143,144,145,146,150,152,153,154,155,157,159,160,162,163,164,165
0052_00043	53,54,57,62,72,89,98,105,113,120,123,125,126,127,131,136,137,139,140,143,144,145,146,150,152,154,157,159,162,163,164,165
0052_00044	39,40,48,55,58,60,61,67,69,73,88,89,99,102,106,112,113,124,125,126,127,130,131,136,139,140,143,145,146,148,152,157,159,162,163,164,165
0052_00045	54,57,72,89,98,105,113,120,123,125,127,131,136,137,139,140,143,144,145,146,150,152,154,157,159,162,163,164,165
0052_00046	53,54,57,72,89,98,99,113,123,125,126,127,131,137,139,140,143,145,146,150,152,154,157,159,162,163,164,165
0052_00047	72,93,99,113,123,126,127,131,139,140,143,144,146,150,152,154,157,159,160,162,163,164,165
0052_00048	53,54,57,62,72,89,90,98,105,113,123,125,126,127,131,132,137,139,140,143,144,145,146,150,152,154,157,159,162,163,164,165
0052_00049	53,54,57,62,72,89,90,98,105,113,123,125,126,127,131,132,137,139,140,143,144,145,146,150,152,154,157,159,162,163,164,165
0052_00050	72,93,113,123,126,127,139,140,143,144,146,149,150,152,154,157,159,160,162,163,164,165
0052_00051	53,54,57,62,72,89,98,105,113,120,123,125,126,127,131,136,137,139,140,143,144,145,146,150,152,154,157,159,162,163,164,165
0052_00052	53,54,57,72,89,98,105,113,123,125,127,131,137,139,140,143,144,145,146,150,152,154,157,159,162,163,164,165
0052_00053	39,40,48,55,57,58,60,61,67,69,73,88,89,98,102,105,106,112,113,123,124,125,126,127,130,131,136,137,139,140,143,145,146,148,152,154,157,159,162,163,164,165
0052_00054	53,54,57,62,72,89,90,98,101,104,105,112,113,120,123,125,127,131,132,137,139,140,143,144,145,146,150,152,157,159,162,163,164,165
0052_00055	72,89,93,99,113,123,126,127,131,139,140,143,144,146,149,150,152,154,157,159,160,162,163,164,165
0052_00057	39,40,48,55,57,58,60,61,62,67,69,73,88,89,98,102,105,106,112,113,124,125,126,127,130,131,136,137,139,140,143,144,145,146,148,150,152,154,157,159,162,163,164,165
0052_00058	39,40,48,53,55,58,60,61,67,69,73,88,89,99,102,106,112,113,124,125,126,127,130,131,136,139,140,143,145,146,148,152,157,159,162,163,164,165
0052_00059	53,54,57,72,82,89,91,98,99,109,113,120,123,125,126,127,131,132,137,138,139,140,143,144,145,146,147,150,152,153,154,155,157,159,160,162,163,164,165
0052_00060	54,57,72,89,98,105,113,123,125,127,131,137,139,140,143,144,145,146,150,152,154,157,159,162,163,164,165
0052_00061	53,54,57,62,72,89,98,105,113,120,123,125,126,127,131,136,137,139,140,143,144,145,146,150,152,154,157,159,162,163,164,165
0052_00062	53,54,57,62,72,82,89,90,91,98,105,109,113,120,123,125,126,127,131,132,137,139,140,143,144,145,146,150,152,153,154,155,157,159,160,162,163,164,165
0052_00063	57,83,91,96,113,123,127,128,129,132,137,139,143,146,147,152,154,155,157,159,162,163,164,165
0052_00064	53,54,57,62,72,89,98,105,113,120,123,125,126,127,131,136,137,139,140,143,144,145,146,150,152,154,157,159,162,163,164,165
0052_00065	53,54,57,62,72,82,89,90,91,98,105,109,113,120,123,125,126,127,131,132,137,139,140,143,145,146,150,152,153,154,155,157,159,162,163,164,165
0052_00066	53,54,57,62,72,89,90,91,93,98,105,109,113,120,123,125,126,127,131,132,137,139,140,143,144,145,146,149,150,152,153,154,155,157,159,160,162,163,164,165
0052_00067	53,54,57,72,89,98,99,113,123,125,126,127,131,137,139,140,143,145,146,150,152,154,157,159,162,163,164,165
0052_00068	53,57,89,98,105,113,123,125,127,131,137,139,140,143,145,146,152,154,157,159,162,163,164,165
0052_00069	54,72,90,91,99,113,123,125,126,127,131,132,136,139,140,143,144,145,146,150,152,154,155,157,159,162,163,164,165
0052_00070	72,82,90,91,93,109,113,125,126,127,129,131,138,139,140,143,144,145,146,149,150,152,153,155,157,159,160,162,163,164,165
0052_00071	53,54,57,72,89,98,105,113,120,123,125,126,127,131,136,137,139,140,143,145,146,150,152,154,157,159,162,163,164,165
0052_00072	39,40,48,49,55,57,58,60,61,62,67,73,88,89,98,102,105,106,109,112,113,124,125,126,127,130,136,137,139,140,143,144,145,146,148,152,153,157,159,162,163,164,165
0052_00073	53,54,57,62,72,89,91,93,98,105,109,113,120,123,125,126,127,131,132,137,139,140,143,144,145,146,150,152,153,154,157,159,160,162,163,164,165
0052_00074	57,62,72,82,83,89,91,93,96,109,113,125,126,127,128,129,131,137,138,139,140,143,144,145,146,149,150,152,153,155,157,159,160,162,163,164,165
0052_00075	53,54,57,62,72,89,91,93,98,105,113,120,123,125,126,127,131,132,136,137,139,140,143,144,145,146,150,152,154,157,159,160,162,163,164,165
0052_00076	39,40,48,55,57,58,60,61,62,67,69,72,73,88,89,91,93,98,102,105,106,112,113,124,125,126,127,130,131,132,136,137,139,140,143,144,145,146,148,150,152,154,157,159,160,162,163,164,165
0052_00077	39,40,48,53,54,55,57,58,60,61,62,67,69,72,73,88,89,98,102,105,106,112,113,124,125,126,127,130,131,136,137,139,140,143,144,145,146,148,150,152,154,157,159,162,163,164,165
0052_00078	39,40,48,55,57,58,60,61,67,69,73,88,89,98,102,105,106,112,113,123,124,125,126,127,130,136,137,139,140,143,145,146,148,152,154,157,159,162,163,164,165
0052_00079	57,89,98,105,113,123,125,127,131,137,139,140,143,145,146,152,154,157,159,162,163,164,165
0052_00080	53,89,91,113,125,127,131,139,143,145,146,147,152,155,157,159,162,163,164,165
0052_00081	39,40,48,53,55,57,58,60,61,62,67,69,72,73,88,89,98,102,105,106,112,113,124,125,126,127,130,131,136,137,139,140,143,144,145,146,148,150,152,154,157,159,162,163,164,165
0052_00082	57,62,89,98,105,113,125,127,131,137,139,140,143,144,145,146,150,152,154,157,159,162,163,164,165
0052_00083	57,89,98,105,113,123,125,127,131,137,139,140,143,145,146,152,154,157,159,162,163,164,165
0052_00084	39,40,48,53,55,57,58,60,61,62,67,69,72,73,88,89,91,93,98,102,105,106,112,113,124,125,126,127,130,131,132,136,137,139,140,143,144,145,146,148,150,152,154,157,159,160,162,163,164,165
0052_00085	82,90,91,109,113,125,127,129,131,138,139,140,143,145,146,152,153,155,157,159,162,163,164,165
0052_00086	53,54,57,62,72,89,91,98,105,113,125,127,131,132,137,139,140,143,144,145,146,150,152,154,157,159,162,163,164,165
0052_00087	57,83,89,96,98,105,113,120,123,125,127,137,139,140,143,145,146,152,154,157,159,162,163,164,165
0052_00088	53,54,57,62,72,89,98,105,113,125,127,131,137,139,140,143,144,145,146,150,152,154,157,159,162,163,164,165
0052_00089	53,57,62,72,89,98,105,113,125,127,131,137,139,140,143,144,145,146,150,152,154,157,159,162,163,164,165
0052_00090	53,89,99,113,125,127,131,139,143,145,146,152,157,159,162,163,164,165
0052_00091	53,57,62,89,98,105,113,125,127,131,137,139,140,143,145,146,152,154,157,159,162,163,164,165
0052_00092	53,57,62,89,91,98,105,113,125,127,131,132,137,139,140,143,144,145,146,152,154,157,159,162,163,164,165
0052_00093	53,57,62,89,98,105,113,125,127,131,137,139,140,143,144,145,146,150,152,154,157,159,162,163,164,165
0052_00094	53,89,91,113,125,127,131,132,139,140,143,144,145,146,147,150,152,154,155,157,159,162,163,164,165
0052_00095	53,54,57,62,72,89,98,105,113,125,127,131,137,139,140,143,144,145,146,150,152,154,157,159,162,163,164,165
0052_00096	53,57,62,72,89,91,93,98,105,113,125,126,127,131,132,137,139,140,143,144,145,146,150,152,154,157,159,160,162,163,164,165
0052_00097	57,83,91,96,109,113,123,125,127,128,129,131,137,139,140,143,145,146,150,152,153,154,155,157,159,162,163,164,165
0052_00098	53,57,62,72,89,93,98,105,113,125,126,127,131,137,139,140,143,144,145,146,150,152,154,157,159,160,162,163,164,165
0052_00099	53,82,89,90,105,109,113,125,127,131,136,139,140,143,144,145,146,150,152,153,154,155,157,159,162,163,164,165
0052_00100	57,89,98,105,113,123,125,127,137,139,143,145,146,152,154,157,159,162,163,164,165
0052_00101	53,57,62,89,98,105,113,125,127,131,137,139,140,143,145,146,152,154,157,159,162,163,164,165
0052_00102	57,62,72,89,93,98,105,113,125,126,127,137,140,141,143,144,145,146,149,150,152,154,157,159,160,162,163,164,165
0052_00103	72,89,93,99,113,125,126,127,131,132,136,139,140,143,144,145,146,149,150,152,154,155,157,159,160,162,163,164,165
0052_00104	53,89,105,113,125,127,131,136,139,140,143,144,145,146,150,152,154,157,159,160,162,163,164,165
0052_00105	53,54,57,62,72,89,90,98,105,113,123,125,126,127,131,132,137,139,140,143,144,145,146,150,152,154,157,159,162,163,164,165
0052_00106	53,54,72,89,127,131,139,140,143,146,150,152,157,159,163,164,165
0052_00107	49,65,75,85,93,97,98,121,122,123,137,148,154,157,158,159,160,161,162,163,164,165
0052_00108	30,49,74,75,83,85,86,93,95,96,100,108,111,112,115,116,118,121,122,123,137,147,148,149,150,153,154,156,157,158,159,160,161,164,165
0052_00109	53,54,72,89,113,123,127,131,139,140,143,144,146,150,152,154,157,159,162,163,164,165
0052_00110	53,54,57,72,89,98,105,109,113,120,123,125,127,131,132,136,137,139,140,143,144,145,146,150,152,153,154,157,159,162,163,164,165
0052_00111	37,38,65,75,77,79,80,83,85,89,92,93,95,96,97,98,105,106,110,113,117,120,121,122,127,136,137,142,143,144,148,149,150,151,154,156,158,159,160,161,162,163,164,165
0052_00112	53,54,57,62,72,89,90,98,104,105,113,125,127,131,132,137,139,140,143,144,145,146,150,152,157,159,162,163,164,165
0052_00113	39,40,48,55,58,60,61,67,69,72,73,88,89,93,102,106,112,113,123,124,126,127,130,131,136,139,140,143,144,146,148,150,152,154,157,159,160,162,163,164,165
0052_00114	54,72,82,91,104,109,113,127,131,132,139,143,144,146,147,150,152,153,155,157,159,162,163,164,165
0052_00115	53,54,57,72,89,98,105,109,113,120,123,125,127,131,132,136,137,139,140,143,144,145,146,150,152,153,154,157,159,162,163,164,165
0052_00116	54,72,113,123,127,131,139,140,143,144,146,150,152,154,157,159,162,163,164,165
0052_00117	39,40,48,53,55,58,60,61,67,69,72,73,88,89,102,106,112,113,124,126,127,130,131,136,139,140,143,144,146,148,150,152,157,159,162,163,164,165
0052_00118	39,40,48,55,58,60,61,67,69,72,73,88,102,106,112,113,124,126,127,130,131,136,139,140,143,144,146,148,150,152,157,159,162,163,164,165
0052_00119	53,54,57,62,72,89,90,98,104,105,113,125,127,131,132,137,139,140,143,144,145,146,150,152,157,159,162,163,164,165
0052_00120	53,54,57,62,72,89,90,98,104,105,113,125,127,131,132,137,139,140,143,144,145,146,150,152,157,159,162,163,164,165
0052_00121	53,89,113,123,127,131,139,140,143,144,146,150,152,154,157,159,162,163,164,165
0052_00122	53,54,66,72,89,90,91,99,104,112,113,123,126,127,131,132,136,139,140,143,144,145,146,150,152,154,157,159,162,163,164,165
0052_00123	49,53,54,57,62,72,89,98,105,113,125,127,131,137,139,140,143,144,145,146,150,152,157,159,162,163,164,165
0052_00124	49,53,54,57,62,72,82,89,90,91,98,105,109,113,120,123,125,126,127,131,132,137,139,140,143,144,145,146,150,152,153,155,157,159,162,163,164,165
0052_00125	54,57,72,89,98,105,113,123,125,127,131,137,139,140,143,144,145,146,150,152,154,157,159,162,163,164,165
0052_00126	54,72,90,91,104,113,123,127,131,132,139,140,143,144,146,147,150,152,154,155,157,159,162,163,164,165
0052_00127	54,82,92,95,100,104,110,117,123,131,132,136,139,146,151,153,154,155,156,157,158,159,161,162,163,164,165
0052_00128	104,113,123,127,131,132,139,143,146,152,154,155,157,159,162,163,164,165
0052_00129	72,93,113,123,126,127,131,139,140,143,144,146,150,152,154,157,159,160,162,163,164,165
0052_00130	53,89,113,123,127,131,139,140,143,144,146,150,152,154,157,159,162,163,164,165
0052_00131	54,72,99,113,123,127,131,139,140,143,144,146,150,152,154,157,159,162,163,164,165
0052_00132	72,89,93,113,123,126,127,131,139,140,143,144,146,149,150,152,154,157,159,160,162,163,164,165
0052_00133	53,89,113,123,127,131,139,140,143,144,146,150,152,154,157,159,162,163,164,165
0052_00134	39,40,48,55,57,58,60,61,67,69,72,73,83,88,96,102,106,112,113,123,124,126,127,128,129,130,131,132,136,137,139,140,143,144,146,147,148,150,152,154,155,157,159,162,163,164,165
0052_00135	72,93,104,113,123,126,127,131,132,139,140,143,144,146,150,152,154,155,157,159,160,162,163,164,165
0052_00136	53,54,57,62,72,89,90,98,104,105,113,125,127,131,132,137,139,140,143,144,145,146,150,152,157,159,162,163,164,165
0052_00137	53,54,57,62,72,89,90,98,105,113,123,125,126,127,131,132,137,139,140,143,144,145,146,150,152,154,157,159,162,163,164,165
0052_00180	39,40,48,55,57,58,60,61,62,67,69,72,73,88,89,91,93,98,102,105,106,112,113,124,125,126,127,130,131,132,136,137,139,140,143,144,145,146,148,150,152,154,157,159,160,162,163,164,165
