id	bits.on
0151_00001	29,43,48,53,69,82,84,90,97,100,102,104,106,111,112,124,130,131,132,138,139,146,147,148,151,153,155,158,159,161,164
0151_00002	49,89,105,113,123,125,127,139,143,144,145,146,150,152,154,157,159,162,163,164,165
0151_00003	29,37,38,43,48,57,62,65,69,72,75,77,80,83,84,85,89,90,92,96,97,98,102,104,106,109,110,111,112,113,117,120,121,122,124,126,127,128,129,130,131,132,133,135,136,137,139,140,142,143,144,146,148,150,151,152,153,154,155,156,157,158,159,161,162,163,164,165
0151_00004	29,37,43,48,57,62,65,69,72,75,77,80,83,85,89,90,91,92,96,97,98,102,104,106,109,110,111,112,113,117,120,121,122,124,126,127,128,129,130,131,132,133,136,137,139,140,142,143,144,146,148,150,151,152,153,154,155,156,157,158,159,161,162,163,164,165
0151_00005	49,90,91,113,123,127,132,139,143,144,146,147,150,152,154,155,157,159,162,163,164,165
0151_00006	54,72,84,90,91,95,104,111,113,123,127,131,139,140,143,144,146,150,151,152,154,155,156,157,158,159,161,162,163,164,165
0151_00007	27,54,84,87,90,95,104,107,111,113,123,125,126,127,131,134,139,140,143,144,145,146,150,151,152,154,155,156,157,158,159,161,162,163,164,165
0151_00008	24,49,54,56,63,70,71,84,89,90,94,95,102,104,111,113,119,122,123,124,127,130,131,133,135,136,139,140,142,143,144,146,148,150,151,152,154,155,156,157,158,159,161,162,163,164,165
0151_00009	49,82,90,92,100,104,108,110,111,116,117,118,123,132,136,146,147,151,153,154,155,156,157,158,159,160,161,164
0151_00010	54,65,95,97,98,105,113,121,123,125,127,131,136,137,139,143,145,146,151,152,154,156,157,159,161,162,163,164,165
0151_00011	53,65,82,89,91,95,97,98,109,113,121,123,127,131,137,139,140,143,144,146,150,152,153,154,155,156,157,159,160,161,162,163,164,165
0151_00012	29,38,43,48,53,54,57,62,65,69,72,75,77,79,80,83,84,85,89,90,91,92,95,96,97,102,106,109,110,112,117,120,121,122,124,126,127,130,131,132,133,135,136,137,139,140,142,143,144,146,148,150,151,152,153,154,155,156,157,158,159,161,162,164,165
0151_00013	90,91,104,118,123,128,129,131,132,136,139,140,146,147,154,155,157,159,164
0151_00014	38,54,65,77,79,80,83,84,96,98,105,120,121,131,133,135,137,142,151,156,158,161,162,163,165
0151_00015	29,38,48,53,54,57,62,65,69,72,75,77,79,80,82,83,84,85,89,90,91,92,95,96,97,98,102,105,106,109,110,112,117,120,121,122,123,124,126,127,130,131,132,133,135,136,137,138,139,140,142,143,145,146,148,150,151,152,153,155,156,157,158,159,161,162,163,164,165
0151_00016	39,40,48,51,53,55,58,59,60,61,64,67,69,73,81,84,88,97,102,106,112,124,130,131,133,135,136,139,144,146,148,150,151,156,158,159,161,162,163,164,165
0151_00017	90,91,104,118,123,128,129,131,132,136,139,140,146,147,154,155,157,159,164
0151_00018	36,37,43,54,77,79,81,83,88,90,91,96,101,104,105,106,110,111,117,118,120,121,123,127,128,129,131,132,136,137,139,142,143,146,147,151,153,154,155,156,157,158,159,161,164,165
0151_00019	53,54,65,77,79,80,82,83,84,90,92,95,96,97,100,104,110,111,117,120,121,123,128,131,132,136,137,139,142,146,147,151,153,154,155,156,157,158,159,161,162,164,165
0151_00020	53,54,66,72,89,90,104,112,115,123,131,132,136,139,140,146,152,154,155,157,159,160,164
0151_00021	29,37,38,48,49,57,62,65,72,75,77,80,82,83,84,85,89,92,95,96,97,98,101,102,105,106,109,110,112,113,117,120,121,122,124,127,130,131,132,133,135,136,137,139,140,142,143,144,146,148,150,151,152,153,154,155,156,157,158,159,161,162,163,164,165
0151_00022	29,37,38,43,48,53,54,57,62,65,69,72,75,77,80,83,84,85,89,90,91,92,95,96,97,98,102,106,109,110,112,113,117,120,121,122,124,126,127,130,131,132,133,135,136,137,139,140,142,143,144,146,148,150,151,152,153,154,155,156,157,158,159,161,162,163,164,165
0151_00023	29,38,43,48,57,62,65,69,72,75,77,79,80,83,84,85,89,90,92,96,97,98,102,104,105,106,109,110,111,112,117,120,121,122,124,126,127,128,129,130,131,132,133,135,137,139,140,142,143,146,148,150,151,152,153,155,156,157,158,159,161,162,163,164,165
0151_00024	37,43,54,77,79,83,90,91,96,104,106,108,110,111,116,117,118,120,121,123,127,128,129,131,132,136,137,139,142,143,146,147,150,151,154,155,156,157,158,159,160,161,164,165
0151_00025	49,53,54,72,82,89,90,91,104,109,123,131,132,139,140,146,152,153,154,155,157,159,164
0151_00026	53,54,66,72,74,82,89,90,91,92,95,97,100,104,109,110,111,112,115,117,123,131,132,136,138,139,140,146,147,149,151,152,153,154,155,156,157,158,159,160,161,164
0151_00027	72,93,99,113,123,126,127,131,139,140,143,144,146,150,152,154,157,159,160,162,163,164,165
0151_00028	25,38,43,54,65,77,79,80,82,84,90,91,92,95,97,98,100,104,105,106,110,111,113,117,120,121,123,125,127,131,132,133,135,136,137,139,140,142,143,145,146,147,151,153,154,155,156,157,158,159,161,162,163,164,165
0151_00029	54,86,88,90,91,93,95,104,110,111,115,116,117,123,131,136,139,146,147,151,153,154,155,156,157,158,159,160,161,164
0151_00030	53,54,72,82,84,89,90,91,95,97,104,109,123,131,132,139,140,146,151,152,153,154,155,156,157,158,159,161,164
0151_00031	29,43,48,69,72,89,90,91,102,104,106,109,112,114,123,124,126,128,130,131,132,138,139,140,146,148,149,152,153,155,157,159,160,164
0151_00032	25,38,43,53,54,57,62,65,72,75,77,79,80,82,83,84,85,89,90,91,92,95,96,97,98,105,106,109,110,113,117,120,121,122,127,131,132,133,135,137,139,140,142,143,146,148,150,151,152,153,154,155,156,157,158,159,161,162,163,164,165
0151_00033	25,29,38,43,48,57,62,65,69,72,75,77,79,80,83,84,85,89,90,91,92,95,96,97,98,102,105,106,109,110,112,113,117,120,121,122,124,127,130,131,132,133,135,136,137,139,140,142,143,145,146,148,150,151,152,153,154,156,157,158,159,161,162,163,164,165
0151_00034	25,29,38,43,48,54,57,62,65,69,72,75,77,79,80,83,84,85,89,90,91,92,95,96,97,98,102,105,106,109,110,112,113,117,120,121,122,124,126,127,130,131,132,133,135,136,137,139,140,142,143,146,148,150,151,152,153,154,155,156,157,158,159,161,162,163,164,165
0151_00035	14,54,67,84,88,90,91,95,104,111,118,123,124,128,129,131,136,138,139,140,142,146,147,151,153,154,155,156,157,158,159,161,164
0151_00036	39,40,48,55,58,60,61,65,67,69,73,83,88,95,96,97,102,105,106,112,113,121,124,126,127,130,131,136,137,139,140,143,146,148,151,152,156,157,159,161,162,163,164,165
0151_00037	38,53,54,57,62,65,72,75,77,79,80,82,83,85,89,90,91,92,95,96,97,98,105,109,110,113,117,120,121,122,127,131,132,133,137,139,140,142,143,146,148,150,151,152,153,154,155,156,157,158,159,161,162,163,164,165
0151_00038	20,29,30,38,48,57,62,65,72,74,75,77,79,80,83,85,86,89,92,93,95,96,97,98,102,105,106,109,110,112,113,117,120,121,122,124,126,127,130,132,133,137,140,141,142,143,146,148,149,150,152,153,155,156,157,158,159,160,161,162,163,164,165
0151_00039	53,54,65,75,77,79,80,82,83,84,85,90,92,93,95,96,97,100,104,110,111,116,117,120,121,122,123,128,131,132,136,137,139,142,144,146,147,148,150,151,153,154,155,156,157,158,159,160,161,162,164,165
0151_00040	54,84,86,88,90,91,95,104,111,123,129,131,136,138,139,140,142,146,147,151,153,154,155,156,157,158,159,161,164
0151_00041	39,40,48,51,53,54,55,58,60,61,67,69,73,84,88,90,95,97,102,104,106,111,112,123,124,130,131,132,136,139,140,146,148,151,153,154,155,156,157,158,159,161,164
0151_00042	54,84,90,91,92,95,104,110,111,117,123,131,132,136,139,142,146,147,151,154,155,156,157,158,159,161,164
0151_00043	53,54,65,77,79,80,83,84,90,95,96,104,111,120,121,123,131,137,139,142,151,154,155,156,157,158,159,161,162,164,165
0151_00044	54,84,90,91,95,104,111,118,123,131,136,139,140,142,146,147,151,154,155,156,157,158,159,161,164
0151_00045	37,38,43,53,65,77,79,80,89,92,95,97,98,105,106,110,113,117,120,121,125,127,131,136,137,142,143,144,145,149,150,151,154,156,159,160,161,162,163,164,165
0151_00046	38,50,54,65,74,76,77,79,80,82,83,91,96,98,99,100,105,116,120,121,131,133,135,137,142,149,151,153,155,156,158,160,161,162,163,165
0151_00047	54,90,91,92,95,104,108,110,111,117,123,131,132,136,139,140,146,147,151,154,155,156,157,158,159,160,161,164
0151_00048	54,86,88,90,91,92,93,95,104,108,110,111,115,116,117,123,131,136,139,146,147,149,151,153,154,155,156,157,158,159,160,161,164
0151_00049	54,65,83,90,91,92,95,96,104,105,108,110,111,117,121,123,131,136,137,139,142,146,151,154,155,156,157,158,159,160,161,162,163,164,165
0151_00050	53,54,90,92,95,97,104,108,110,111,117,123,131,132,136,139,140,146,151,154,155,156,157,158,159,160,161,164
0151_00051	54,74,90,92,95,104,108,110,111,115,117,123,131,136,139,141,146,149,151,154,155,156,157,158,159,160,161,164
0151_00052	54,90,92,95,104,108,110,111,117,123,131,136,139,146,151,154,155,156,157,158,159,160,161,162,163,164,165
0151_00053	53,54,80,84,90,92,95,97,104,108,110,111,117,123,131,132,136,139,140,142,146,151,154,155,156,157,158,159,160,161,164
0151_00054	54,82,84,90,91,92,95,100,104,108,110,111,117,118,123,129,131,136,139,142,146,147,151,153,154,155,156,157,158,159,160,161,164
0151_00055	54,79,82,84,90,91,92,95,100,104,110,111,114,117,123,128,131,132,136,139,140,142,146,147,151,153,154,155,156,157,158,159,160,161,164
0151_00056	38,65,77,79,80,83,96,98,105,120,121,137,142,151,156,161,162,163,165
0151_00057	53,54,66,72,89,90,91,104,112,123,127,131,132,139,140,143,146,150,152,154,157,159,163,164,165
0151_00058	37,38,53,54,65,72,75,77,79,80,82,85,89,90,91,92,95,97,98,100,104,105,106,109,110,113,117,120,121,122,127,128,131,132,136,137,138,139,140,142,143,144,145,146,148,149,150,151,152,153,154,155,156,157,158,159,160,161,162,163,164,165
0151_00059	54,79,82,84,86,88,90,91,92,95,100,104,108,110,111,114,115,116,117,118,123,128,129,131,132,136,138,139,140,142,146,147,151,153,154,155,156,157,158,159,160,161,164
0151_00060	90,91,104,118,123,128,129,131,132,136,139,140,146,147,154,155,157,159,164
0151_00061	39,40,48,51,53,55,58,60,61,67,69,73,82,84,88,90,97,100,102,104,106,111,112,124,130,131,132,136,138,139,146,147,148,151,153,155,158,159,161,164
0151_00062	24,29,37,48,49,56,57,62,63,65,69,70,71,72,75,77,80,83,85,89,90,91,92,94,96,97,98,102,104,106,109,110,111,112,113,117,119,120,121,122,124,125,126,127,128,129,130,131,132,133,135,136,137,139,140,142,143,144,145,146,148,150,151,152,153,154,155,156,157,158,159,160,161,162,163,164,165
0151_00063	37,38,43,53,54,65,77,79,80,83,89,92,95,96,97,98,105,106,110,113,117,120,121,127,131,136,137,142,143,146,151,154,156,159,161,162,163,164,165
0151_00064	29,37,43,48,54,57,62,65,69,72,75,77,80,83,85,89,90,91,92,95,96,97,98,102,106,109,110,112,113,117,120,121,122,124,126,127,130,131,132,133,136,137,139,140,142,143,144,146,148,150,151,152,153,154,155,156,157,158,159,161,162,163,164,165
0151_00065	37,38,43,53,54,65,77,79,80,83,89,92,95,96,97,98,105,106,110,113,117,120,121,127,131,136,137,142,143,151,154,156,159,161,162,163,164,165
0151_00066	29,37,38,43,48,53,54,57,62,65,69,72,75,77,79,80,83,85,89,90,91,92,95,96,97,98,102,105,106,109,110,112,113,117,120,121,122,124,126,127,130,131,132,133,136,137,139,140,142,143,146,148,150,151,152,153,154,155,156,157,158,159,161,162,163,164,165
0151_00067	54,65,95,97,98,105,113,121,123,125,127,131,136,137,139,140,143,145,146,151,152,154,156,157,159,161,162,163,164,165
