id	bits.on
0077_00001	29,43,48,53,69,82,84,90,97,100,102,104,106,111,112,124,130,131,132,138,139,146,147,148,151,153,155,158,159,161,164
0077_00002	62,65,75,80,83,85,86,93,96,98,100,108,111,115,116,118,120,121,122,137,142,147,148,150,153,156,158,160,161,162,163,165
0077_00003	22,54,66,84,90,95,104,111,112,123,131,133,139,151,154,156,157,158,159,161,164,165
0077_00004	54,72,82,91,98,100,104,105,108,111,113,116,121,127,131,137,139,143,144,145,147,150,151,152,153,156,157,158,159,160,161,162,163,164,165
0077_00005	38,53,54,57,62,65,72,75,77,78,79,80,82,83,85,89,90,91,92,93,95,96,97,98,105,109,110,117,119,120,121,122,127,131,132,133,135,137,139,140,142,143,144,146,148,150,151,152,153,155,156,157,158,159,160,161,162,163,164,165
0077_00006	49,65,75,80,84,85,92,93,97,98,110,117,121,122,137,142,148,151,154,156,158,160,161,162,163,164,165
0077_00007	84,105,125,133,135,145,151,156,158,161,162,163,165
0077_00008	54,72,82,89,90,99,104,108,109,114,115,116,118,123,126,128,129,131,132,138,139,140,146,147,152,153,154,155,157,159,160,164
0077_00009	37,38,43,53,65,77,79,80,89,92,95,97,98,105,106,110,113,117,120,121,125,127,131,136,137,142,143,145,151,154,156,159,161,162,163,164,165
0077_00010	29,43,48,69,82,84,90,91,95,100,102,104,106,109,111,112,124,126,130,131,132,138,139,140,146,147,148,151,153,155,157,158,159,161,164
0077_00011	65,92,98,110,113,117,121,127,137,143,151,154,156,161,162,163,164,165
0077_00012	27,54,84,87,90,95,104,107,111,113,123,125,126,127,131,134,139,140,143,144,145,146,150,151,152,154,155,156,157,158,159,161,162,163,164,165
0077_00013	54,72,84,90,91,95,104,111,113,123,127,131,139,140,143,144,146,150,151,152,154,155,156,157,158,159,161,162,163,164,165
0077_00014	27,54,84,87,90,95,104,107,111,113,123,125,126,127,131,134,139,140,143,144,145,146,150,151,152,154,155,156,157,158,159,161,162,163,164,165
0077_00015	27,54,84,87,90,95,104,107,111,113,123,127,131,134,139,143,144,146,150,151,152,154,155,156,157,158,159,161,162,163,164,165
0077_00016	54,84,90,91,95,97,104,111,113,123,127,131,132,133,135,136,139,140,142,143,144,146,150,151,152,154,155,156,157,158,159,161,162,163,164,165
0077_00017	54,72,84,90,93,95,104,111,113,123,126,127,131,139,140,143,144,146,150,151,152,154,155,156,157,158,159,160,161,162,163,164,165
0077_00018	83,92,96,105,110,117,121,127,135,137,143,144,150,151,154,156,158,160,161,162,163,164,165
0077_00019	38,54,65,75,77,78,79,80,83,85,93,96,98,105,119,120,121,122,131,133,135,137,142,148,151,156,158,160,161,162,163,165
0077_00020	65,75,77,79,80,82,83,84,85,93,96,100,104,108,111,116,120,121,122,137,142,144,147,148,150,151,153,155,156,158,160,161,162,165
0077_00021	24,49,54,56,63,70,71,84,89,90,94,95,102,104,111,113,119,122,123,124,127,130,131,133,135,136,139,140,142,143,144,146,148,150,151,152,154,155,156,157,158,159,161,162,163,164,165
0077_00022	25,43,77,78,84,90,91,100,104,106,111,118,119,123,131,132,139,142,147,151,153,154,155,156,157,158,159,161,164
0077_00023	54,65,95,97,98,105,113,121,123,125,127,131,136,137,139,143,145,146,151,152,154,156,157,159,161,162,163,164,165
0077_00024	37,43,53,77,80,82,89,90,91,92,97,98,100,104,106,110,111,117,120,121,127,131,132,136,137,142,143,147,151,153,154,156,158,159,161,163,164,165
0077_00025	29,38,43,48,53,54,57,62,65,69,72,75,77,79,80,83,84,85,89,90,91,92,95,96,97,102,106,109,110,112,117,120,121,122,124,126,127,130,131,132,133,135,136,137,139,140,142,143,144,146,148,150,151,152,153,154,155,156,157,158,159,161,162,164,165
0077_00026	65,83,90,91,96,104,105,113,121,123,127,131,132,137,139,143,146,151,152,154,155,156,157,159,161,162,163,164,165
0077_00027	37,38,43,65,77,80,84,97,98,106,110,113,117,120,121,127,131,133,135,137,142,143,144,150,151,154,156,158,160,161,162,163,164,165
0077_00028	38,54,57,62,65,72,75,77,79,80,83,84,85,86,88,89,90,91,92,93,95,96,97,98,105,110,115,117,120,121,122,127,131,132,133,135,137,139,142,143,146,148,150,151,152,153,155,156,157,158,159,160,161,162,163,164,165
0077_00029	53,65,92,97,98,110,113,117,121,123,127,131,136,137,139,143,146,151,154,156,157,159,161,162,163,164,165
0077_00030	38,54,65,77,79,80,83,84,96,98,105,120,121,131,133,135,137,142,151,156,158,161,162,163,165
0077_00031	25,43,77,78,82,84,90,91,100,104,106,111,118,119,129,131,138,142,147,151,153,155,156,158,161
0077_00032	34,45,50,53,65,76,78,80,83,90,91,92,96,99,104,108,110,116,117,118,119,120,121,123,127,131,132,136,137,139,140,141,142,143,144,146,147,149,150,151,154,155,156,157,158,159,160,161,162,164,165
0077_00033	36,37,43,54,77,79,81,83,88,90,91,96,101,104,105,106,110,111,117,118,120,121,123,127,128,129,131,132,136,137,139,142,143,146,147,151,153,154,155,156,157,158,159,161,164,165
0077_00034	108,109,114,115,116,118,123,126,128,129,136,138,140,141,144,146,147,149,150,153,154,155,157,159,160,162,163,164,165
0077_00035	53,80,82,84,86,90,100,104,111,118,128,129,131,138,142,147,151,153,155,158,161
0077_00036	82,84,90,91,100,104,111,118,128,129,131,138,142,147,151,153,155,158,161
0077_00037	37,38,65,75,77,79,80,83,85,89,92,93,95,96,97,98,105,106,110,113,117,120,121,122,127,136,137,141,142,143,144,148,149,150,154,156,158,159,160,161,162,163,164,165
0077_00038	53,54,65,77,79,80,82,83,84,90,92,95,96,97,100,104,110,111,117,120,121,123,128,131,132,136,137,139,142,146,147,151,153,154,155,156,157,158,159,161,162,164,165
0077_00039	30,49,74,82,85,86,93,95,100,104,109,111,112,115,116,122,132,138,139,141,147,148,149,153,155,157,158,160,161,164
0077_00040	26,50,53,66,72,76,82,89,90,91,96,99,104,105,108,109,112,115,116,118,127,128,129,131,132,136,139,140,143,145,146,147,149,150,152,153,154,155,157,159,160,163,164,165
0077_00041	26,50,66,72,76,89,90,91,96,99,104,105,108,109,112,115,116,118,123,126,127,128,129,131,132,136,139,140,141,143,145,146,147,149,150,152,153,154,155,157,159,160,163,164,165
0077_00042	26,50,53,66,72,76,82,89,90,91,96,99,104,105,108,109,112,115,116,118,127,128,129,131,132,136,139,140,143,145,146,147,149,150,152,153,154,155,157,159,160,163,164,165
0077_00043	25,43,75,77,78,79,83,85,86,90,91,92,93,95,96,97,100,104,106,110,111,115,117,119,120,121,122,127,131,132,133,137,142,143,148,150,151,153,154,156,158,160,161,164,165
0077_00044	29,37,38,48,49,57,62,65,72,75,77,80,82,83,84,85,89,92,95,96,97,98,101,102,105,106,109,110,112,113,117,120,121,122,124,127,130,131,132,133,135,136,137,139,140,142,143,144,146,148,150,151,152,153,154,155,156,157,158,159,161,162,163,164,165
0077_00045	29,30,37,38,48,49,54,57,62,65,69,72,74,75,77,80,83,84,85,86,89,90,91,92,93,95,96,97,98,100,102,106,109,110,111,112,113,115,116,117,120,121,122,124,126,127,130,131,132,133,135,136,137,138,139,140,141,142,143,144,146,147,148,149,150,151,152,153,154,155,156,157,158,159,160,161,162,163,164,165
0077_00046	37,38,43,65,77,80,84,97,98,106,110,113,117,120,121,127,131,133,135,137,142,143,151,154,156,158,161,162,163,164,165
0077_00047	29,38,43,48,57,62,65,69,72,75,77,79,80,83,84,85,89,90,92,96,97,98,102,104,105,106,109,110,111,112,117,120,121,122,124,126,127,128,129,130,131,132,133,135,137,139,140,142,143,146,148,150,151,152,153,155,156,157,158,159,161,162,163,164,165
0077_00048	26,50,66,72,76,96,99,105,108,109,112,115,116,118,123,126,127,128,129,132,136,140,141,143,145,146,147,149,150,152,153,154,155,157,159,160,163,164,165
0077_00049	37,43,54,77,79,83,90,91,96,104,106,108,110,111,116,117,118,120,121,123,127,128,129,131,132,136,137,139,142,143,146,147,150,151,154,155,156,157,158,159,160,161,164,165
0077_00050	29,43,48,53,54,57,69,72,84,89,90,91,95,97,98,102,106,109,112,123,124,126,127,130,131,132,133,137,139,140,143,146,148,150,151,152,153,155,156,157,158,159,161,163,164,165
0077_00051	39,40,48,53,54,55,58,60,61,67,69,72,73,84,88,89,90,91,95,97,102,104,106,109,112,124,126,130,131,132,136,139,140,146,148,151,152,153,154,155,156,157,158,159,161,164
0077_00052	54,82,86,91,95,100,104,109,111,118,128,129,131,132,138,139,147,151,153,155,157,158,159,161,164
0077_00053	65,77,79,83,96,105,120,121,137,142,144,149,150,151,156,160,161,162,163,165
0077_00054	53,54,66,72,74,82,89,90,91,92,95,97,100,104,109,110,111,112,115,117,123,131,132,136,138,139,140,146,147,149,151,152,153,154,155,156,157,158,159,160,161,164
0077_00055	25,38,43,54,65,77,79,80,82,84,90,91,92,95,97,98,100,104,105,106,110,111,113,117,120,121,123,125,127,131,132,133,135,136,137,139,140,142,143,145,146,147,151,153,154,155,156,157,158,159,161,162,163,164,165
0077_00056	53,54,72,82,84,89,90,91,95,97,104,109,123,131,132,139,140,146,151,152,153,154,155,156,157,158,159,161,164
0077_00057	25,43,77,78,84,90,95,100,104,106,119,123,131,132,139,142,151,153,154,155,156,157,158,159,161,164
0077_00058	25,38,43,54,65,77,79,80,83,84,92,95,96,97,98,105,106,110,113,117,120,121,127,131,133,135,137,142,143,151,154,156,158,161,162,163,164,165
0077_00059	25,38,43,53,54,57,62,65,72,75,77,79,80,82,83,84,85,89,90,91,92,95,96,97,98,105,106,109,110,113,117,120,121,122,127,131,132,133,135,137,139,140,142,143,146,148,150,151,152,153,154,155,156,157,158,159,161,162,163,164,165
0077_00060	25,29,38,43,48,57,62,65,69,72,75,77,79,80,83,84,85,89,90,91,92,95,96,97,98,102,105,106,109,110,112,113,117,120,121,122,124,127,130,131,132,133,135,136,137,139,140,142,143,145,146,148,150,151,152,153,154,156,157,158,159,161,162,163,164,165
0077_00061	54,82,92,95,100,104,110,117,123,131,132,136,139,146,151,153,154,155,156,157,158,159,161,162,163,164,165
0077_00062	53,65,77,79,80,82,83,84,90,96,100,104,111,120,121,131,137,142,147,151,153,155,156,158,161,162,165
0077_00063	14,54,67,84,88,90,91,95,104,111,118,123,124,128,129,131,136,138,139,140,142,146,147,151,153,154,155,156,157,158,159,161,164
0077_00064	38,54,65,77,79,80,83,92,95,96,97,98,105,110,113,117,120,121,127,131,137,142,143,151,154,156,161,162,163,164,165
0077_00065	65,83,90,91,96,105,121,132,137,151,154,155,156,161,162,163,164,165
0077_00066	65,83,84,90,91,92,96,104,105,110,111,117,121,131,132,137,142,151,154,155,156,158,161,162,163,164,165
0077_00067	49,65,83,90,91,96,105,121,123,132,137,151,154,155,156,157,159,161,162,163,164,165
0077_00068	65,82,83,90,91,96,104,105,109,121,131,132,137,139,147,151,153,155,156,157,161,162,163,164,165
0077_00069	53,54,79,82,84,90,95,97,100,104,111,123,131,139,142,151,153,154,155,156,157,158,159,161,164
0077_00070	53,54,65,75,77,79,80,82,83,84,85,90,92,93,95,96,97,100,104,110,111,116,117,120,121,122,123,128,131,132,136,137,139,142,144,146,147,148,150,151,153,154,155,156,157,158,159,160,161,162,164,165
0077_00071	25,43,54,77,78,84,90,91,95,100,104,106,111,118,119,123,131,139,142,147,151,153,154,155,156,157,158,159,161,164
0077_00072	30,49,74,85,86,89,93,95,100,108,112,114,115,116,118,122,123,126,128,129,132,136,140,141,146,147,148,149,152,153,154,155,157,158,159,160,161,164
0077_00073	30,49,74,85,86,89,93,95,100,104,108,112,115,122,123,132,139,141,146,148,149,152,153,154,155,157,158,159,160,161,164
0077_00074	54,84,86,88,90,91,95,104,111,123,129,131,136,138,139,140,142,146,147,151,153,154,155,156,157,158,159,161,164
0077_00075	39,40,48,51,53,54,55,58,60,61,67,69,73,84,88,90,95,97,102,104,106,111,112,123,124,130,131,132,136,139,140,146,148,151,153,154,155,156,157,158,159,161,164
0077_00076	14,54,67,84,88,90,95,104,111,123,124,129,131,136,138,139,140,142,146,151,153,154,155,156,157,158,159,161,164
0077_00077	54,84,90,91,92,95,104,110,111,117,123,131,132,136,139,142,146,147,151,154,155,156,157,158,159,161,164
0077_00078	53,54,65,77,79,80,83,84,90,95,96,104,111,120,121,123,131,137,139,142,151,154,155,156,157,158,159,161,162,164,165
0077_00079	53,54,65,77,79,80,82,83,84,90,91,95,96,104,109,111,120,121,131,137,139,142,151,153,155,156,157,158,161,162,164,165
0077_00080	54,84,90,91,95,104,111,118,123,131,136,139,140,142,146,147,151,154,155,156,157,158,159,161,164
0077_00081	54,82,84,90,91,95,100,104,111,118,123,129,131,139,142,147,151,153,154,155,156,157,158,159,161,164
0077_00082	32,33,51,54,58,60,61,67,69,73,84,86,88,90,91,93,94,95,102,104,111,112,115,116,117,119,123,124,130,131,132,136,139,142,146,147,148,151,153,154,155,156,157,158,159,160,161,164
0077_00083	54,84,90,95,104,111,123,131,139,151,154,155,156,157,158,159,161,162,163,164,165
0077_00084	54,65,79,83,84,90,91,92,95,96,104,105,110,111,117,121,131,137,142,151,154,155,156,158,161,162,163,164,165
0077_00085	37,38,43,53,65,77,79,80,89,92,95,97,98,105,106,110,113,117,120,121,125,127,131,136,137,142,143,144,145,149,150,151,154,156,159,160,161,162,163,164,165
0077_00086	65,82,83,90,91,92,93,96,100,104,105,108,110,111,113,116,117,121,126,127,131,137,142,143,147,149,151,152,153,154,155,156,157,158,159,160,161,162,163,164,165
0077_00087	65,83,90,91,93,96,105,116,121,123,126,132,137,151,154,155,156,157,159,160,161,162,163,164,165
0077_00088	93,96,99,108,114,116,123,126,127,128,129,132,136,143,146,147,149,150,152,154,155,157,159,160,164,165
0077_00089	25,43,77,78,84,93,106,119,131,142,151,156,158,160,161
0077_00090	54,65,75,77,79,80,83,84,85,90,93,95,96,104,111,116,120,121,122,123,131,137,139,142,144,148,150,151,154,155,156,157,158,159,160,161,162,164,165
0077_00091	53,80,82,84,86,90,91,92,100,104,108,110,111,116,117,118,128,129,131,138,142,147,151,153,154,155,156,158,160,161,164
0077_00092	38,50,54,65,74,76,77,79,80,82,83,91,96,98,99,100,105,116,120,121,131,133,135,137,142,149,151,153,155,156,158,160,161,162,163,165
0077_00093	54,65,83,90,91,92,95,96,104,105,108,110,111,117,121,123,131,136,137,139,142,146,151,154,155,156,157,158,159,160,161,162,163,164,165
0077_00094	54,90,92,95,104,108,110,111,117,123,131,136,139,146,151,154,155,156,157,158,159,160,161,162,163,164,165
0077_00095	82,84,90,91,92,100,104,108,110,111,116,117,118,129,131,138,142,147,151,153,154,155,156,158,160,161,164
0077_00096	65,82,83,90,91,92,96,100,104,105,108,110,111,113,116,117,121,127,131,137,139,142,143,147,151,152,153,154,155,156,157,158,159,160,161,162,163,164,165
0077_00097	29,38,48,49,53,54,57,62,65,69,72,75,77,79,80,83,84,85,89,90,91,92,95,96,97,98,102,105,106,109,110,112,117,120,121,122,124,125,126,127,130,131,132,133,135,136,137,138,139,140,142,143,145,146,148,150,151,152,153,154,155,156,157,158,159,161,162,163,164,165
0077_00098	54,82,84,90,91,92,95,100,104,108,110,111,117,118,123,129,131,136,139,142,146,147,151,153,154,155,156,157,158,159,160,161,164
0077_00099	25,43,77,78,84,90,91,95,97,104,106,111,119,123,131,132,136,139,140,142,146,151,154,155,156,157,158,159,161,164
0077_00100	30,49,74,84,85,86,90,91,93,95,100,104,108,111,112,115,116,118,122,123,129,141,142,147,148,149,151,153,154,155,156,157,158,159,160,161,164
0077_00101	65,80,84,92,97,98,110,117,121,137,142,151,154,156,158,161,162,163,164,165
0077_00102	29,48,49,54,57,62,65,69,72,75,80,83,84,85,89,90,91,92,95,96,97,98,102,106,109,110,112,117,120,121,122,124,126,127,130,131,132,133,136,137,139,140,142,143,146,148,150,151,152,153,154,155,156,157,158,159,161,162,163,164,165
0077_00103	65,82,83,86,90,91,93,96,100,104,105,111,115,116,121,131,137,142,147,151,153,155,156,158,160,161,162,163,165
0077_00104	54,79,82,84,90,91,92,95,100,104,110,111,114,117,123,128,131,132,136,139,140,142,146,147,151,153,154,155,156,157,158,159,160,161,164
0077_00105	54,84,90,91,95,97,104,109,111,118,123,126,128,129,131,132,136,139,140,146,147,151,153,154,155,156,157,158,159,161,164
0077_00106	29,30,43,48,49,69,74,85,86,90,91,93,95,100,102,106,109,111,112,115,116,122,124,126,130,131,132,138,139,140,141,146,147,148,149,153,155,157,158,159,160,161,164
0077_00107	34,50,53,65,76,80,83,90,96,99,104,105,108,116,118,120,121,123,131,132,136,137,139,140,141,142,144,146,147,149,150,151,154,155,156,157,159,160,161,162,164,165
0077_00108	25,38,43,65,77,79,80,84,92,95,97,98,105,106,110,113,117,120,121,125,127,131,133,135,137,142,143,145,151,154,156,158,161,162,163,164,165
0077_00109	53,65,82,84,90,91,95,97,98,100,108,109,113,121,127,129,131,137,138,139,142,143,144,150,151,152,153,155,156,157,158,159,160,161,162,163,164,165
0077_00110	54,72,82,89,90,104,108,109,114,115,116,118,123,126,128,129,131,132,138,139,140,146,147,152,153,154,155,157,159,160,164
0077_00111	37,38,53,54,65,72,75,77,79,80,82,85,89,90,91,92,95,97,98,100,104,105,106,109,110,113,117,120,121,122,127,128,131,132,136,137,138,139,140,142,143,144,145,146,148,149,150,151,152,153,154,155,156,157,158,159,160,161,162,163,164,165
0077_00112	38,49,54,57,62,65,72,75,77,79,80,83,84,85,86,88,89,90,91,92,95,96,97,98,104,105,110,111,117,120,121,122,123,127,129,131,132,133,135,137,138,139,140,142,143,146,147,148,150,151,152,153,154,155,156,157,158,159,161,162,163,164,165
0077_00113	3,44,54,84,86,90,91,93,95,104,111,115,116,123,131,139,147,151,153,154,155,156,157,158,159,160,161,164
0077_00114	65,82,83,84,90,91,96,100,104,105,111,113,121,127,131,137,139,142,143,147,151,152,153,155,156,157,158,161,162,163,164,165
0077_00115	54,79,82,84,86,88,90,91,92,95,100,104,108,110,111,114,115,116,117,118,123,128,129,131,132,136,138,139,140,142,146,147,151,153,154,155,156,157,158,159,160,161,164
0077_00116	29,30,48,49,54,72,74,82,85,86,89,90,93,95,100,102,104,106,109,111,112,115,116,122,124,126,128,130,131,132,138,139,140,141,146,147,148,149,152,153,155,157,158,159,160,161,164
0077_00117	53,80,82,84,86,90,91,100,104,111,118,128,129,131,138,142,147,151,153,155,158,161
0077_00118	53,80,82,84,86,90,91,100,104,111,118,128,129,131,138,142,147,151,153,155,158,161
0077_00119	53,54,82,84,89,90,91,95,104,108,109,111,114,115,116,118,128,129,131,132,139,147,151,152,153,155,156,157,158,159,160,161,164
0077_00120	29,36,38,43,47,48,49,65,69,75,77,80,81,83,84,85,88,90,91,96,98,100,102,106,108,109,112,116,120,121,122,124,126,128,130,131,132,133,135,137,138,139,140,142,144,146,147,148,149,150,151,153,155,156,157,158,159,160,161,162,163,164,165
0077_00121	38,47,59,64,65,77,79,80,81,83,88,93,96,98,105,120,121,137,142,151,156,160,161,162,163,165
0077_00122	53,54,65,75,77,79,80,83,84,85,90,91,92,95,96,100,104,110,111,117,118,120,121,122,127,128,131,132,136,137,140,142,143,146,147,148,150,151,153,154,155,156,158,159,161,162,164,165
0077_00123	27,54,84,87,90,95,104,107,111,113,123,125,126,127,131,134,139,140,143,144,145,146,150,151,152,154,155,156,157,158,159,161,162,163,164,165
0077_00124	37,43,53,65,77,80,89,92,97,98,106,110,113,117,120,121,127,131,136,137,142,143,151,154,156,159,161,162,163,164,165
0077_00125	37,38,43,53,54,65,77,79,80,83,89,92,95,96,97,98,105,106,110,113,117,120,121,127,131,136,137,142,143,146,151,154,156,159,161,162,163,164,165
0077_00126	65,77,79,83,96,99,120,121,123,131,137,139,142,151,154,156,157,159,161,162,164,165
0077_00127	54,65,95,97,98,105,113,121,123,125,127,131,136,137,139,140,143,145,146,151,152,154,156,157,159,161,162,163,164,165
