id	bits.on
0208_00001	51,52,59,60,61,62,64,67,73,75,80,81,83,88,89,92,94,95,96,97,102,110,117,120,121,122,124,125,127,130,132,133,135,136,137,142,143,145,146,147,148,150,153,154,155,156,158,159,161,162,163,164,165
0208_00002	82,84,87,90,91,100,103,104,107,123,131,132,134,139,151,153,154,155,157,158,159,161,162,163,164,165
0208_00003	38,42,52,62,65,75,77,80,82,83,84,86,87,91,94,95,96,98,100,103,104,107,111,113,118,120,121,122,124,125,126,127,129,131,133,134,135,137,138,142,143,144,145,147,148,150,151,152,153,156,157,158,160,161,162,163,164,165
0208_00004	26,50,66,72,76,90,91,96,99,104,105,108,112,115,116,118,127,128,129,132,136,139,141,143,145,146,147,149,150,152,154,157,159,160,163,164,165
0208_00005	89,93,113,125,126,127,131,139,140,143,144,145,146,150,152,154,157,159,160,162,163,164,165
0208_00006	54,82,84,92,95,100,104,110,117,123,131,132,133,135,136,139,142,146,151,153,154,155,156,157,158,159,161,162,163,164,165
0208_00007	54,65,83,84,90,91,95,96,104,105,111,113,121,123,127,131,137,139,142,143,146,151,152,154,155,156,157,158,159,161,162,163,164,165
0208_00008	38,47,53,54,59,64,65,73,77,79,80,81,83,88,96,98,105,120,121,131,137,142,151,156,161,162,163,165
0208_00009	22,25,38,53,62,65,75,77,79,80,82,83,84,85,90,96,98,99,104,105,106,109,111,120,121,122,131,133,135,137,139,142,148,151,153,155,156,157,158,161,162,163,164,165
0208_00010	25,38,42,62,65,74,75,77,79,80,83,85,86,87,96,98,100,105,106,107,108,111,114,116,118,120,121,122,125,129,133,134,135,137,138,141,142,144,145,147,148,149,150,151,153,155,156,158,160,161,162,163,165
0208_00011	24,57,68,69,71,72,74,82,83,85,86,91,92,93,94,95,96,97,100,102,104,105,109,110,111,113,115,117,122,124,125,126,127,131,132,136,137,138,139,140,142,143,144,145,146,147,148,149,150,151,152,153,154,155,156,157,158,159,160,161,162,163,164,165
0208_00012	17,38,62,65,75,77,79,80,83,84,85,92,96,97,98,100,105,110,111,117,118,120,121,122,125,131,133,135,136,137,142,145,147,148,150,151,153,154,156,158,159,160,161,162,163,164,165
0208_00013	50,53,54,57,72,76,82,89,90,91,95,97,98,99,109,120,123,126,127,131,132,133,137,138,139,140,143,145,146,150,151,152,153,155,156,157,158,159,160,161,163,164,165
0208_00014	54,72,74,82,89,90,92,95,97,100,104,109,110,111,113,114,115,116,117,126,127,131,132,133,135,136,138,139,140,141,142,143,144,146,147,149,150,151,152,153,154,155,156,157,158,159,160,161,162,163,164,165
0208_00015	85,86,95,98,100,105,108,111,118,121,122,123,126,127,129,132,137,138,143,145,147,148,152,153,154,157,158,159,160,161,163,164,165
0208_00016	54,84,90,91,92,95,104,108,110,111,117,123,131,132,136,139,140,142,146,147,151,154,155,156,157,158,159,160,161,164
0208_00017	65,72,75,83,85,87,92,93,96,103,104,105,107,109,110,113,116,117,121,122,123,125,126,127,129,132,134,136,137,139,140,143,144,145,146,148,149,150,152,153,154,155,156,157,158,159,160,161,162,163,164,165
0208_00018	92,110,117,133,135,151,154,156,158,160,161,162,163,164,165
0208_00019	32,33,36,47,51,52,55,58,59,60,61,64,65,67,69,73,77,79,80,81,83,84,88,92,94,95,96,97,102,106,110,112,117,120,121,124,130,131,133,135,136,137,142,146,148,151,154,156,158,159,160,161,162,164,165
0208_00020	54,74,90,92,95,104,108,110,111,115,117,123,131,136,139,141,146,149,151,154,155,156,157,158,159,160,161,164
0208_00021	25,28,38,43,65,72,75,77,79,80,82,83,84,85,86,91,92,95,96,97,98,100,104,105,106,109,110,113,117,120,121,122,126,127,129,131,132,133,135,137,138,139,142,143,146,147,148,151,153,154,155,156,157,158,159,161,162,163,164,165
0208_00022	13,24,49,65,71,75,79,94,95,97,98,102,113,120,121,122,123,124,127,137,139,142,143,144,146,148,150,154,156,157,159,160,161,162,163,164,165
0208_00023	50,76,93,99,113,123,126,127,139,141,143,144,146,149,150,152,154,157,159,160,162,163,164,165
0208_00024	30,36,49,66,72,75,81,83,85,86,88,95,96,97,98,100,105,109,111,112,113,118,120,121,122,123,126,127,128,129,132,137,138,139,140,143,145,146,147,148,152,153,154,155,157,158,159,161,162,163,164,165
0208_00025	28,29,38,48,65,66,72,74,75,77,79,80,83,84,85,86,89,95,96,98,100,102,105,106,108,109,111,112,120,121,122,123,124,126,128,129,130,132,133,135,136,137,138,140,141,142,146,147,148,149,151,153,154,155,156,157,158,159,160,161,162,163,164,165
0208_00026	38,54,65,77,79,80,83,84,96,98,105,120,121,131,133,135,137,142,151,156,158,161,162,163,165
0208_00027	38,53,54,57,62,65,72,75,77,79,80,82,83,84,85,89,90,91,92,95,96,97,98,105,109,110,117,120,121,122,127,131,132,133,135,137,139,140,142,143,146,148,150,151,152,153,155,156,157,158,159,161,162,163,164,165
0208_00028	85,86,95,100,108,109,111,114,116,122,123,125,126,129,132,138,145,147,148,149,153,154,155,157,158,159,160,161,162,163,164,165
0208_00029	54,72,82,86,93,95,100,113,115,127,131,132,139,143,144,146,150,151,152,153,154,155,157,158,159,160,161,162,163,164,165
0208_00030	38,42,57,65,72,74,77,80,83,85,86,87,89,91,92,93,95,96,97,98,99,100,103,105,107,109,110,113,115,117,120,121,122,125,126,127,131,132,133,134,135,137,138,142,143,144,145,146,147,148,149,150,151,152,153,154,155,156,157,158,159,160,161,162,163,164,165
0208_00031	38,42,62,65,75,77,80,84,85,92,97,98,105,110,111,113,117,120,121,122,125,127,133,134,135,137,142,143,144,145,148,150,151,153,154,155,156,158,160,161,162,163,164,165
0208_00032	36,42,52,54,62,65,75,79,80,81,82,83,84,87,88,90,92,93,94,96,100,103,104,107,110,111,117,120,121,122,124,131,134,137,142,144,148,150,151,153,154,155,156,158,160,161,162,163,164,165
0208_00033	82,92,93,100,104,105,108,110,111,113,116,117,125,126,127,143,145,147,149,151,152,153,154,155,156,157,158,159,160,161,162,163,164,165
0208_00034	38,53,54,57,62,65,72,75,77,79,80,82,83,84,85,89,90,91,92,95,96,97,109,110,117,120,121,122,127,131,132,133,135,137,139,140,142,143,144,146,148,150,151,152,153,154,155,156,157,158,159,161,162,164,165
0208_00035	23,25,43,59,64,65,77,79,81,83,88,93,96,97,105,106,110,114,115,117,120,121,123,126,131,133,135,137,142,147,149,151,153,154,155,156,157,158,159,160,161,162,163,164,165
0208_00036	23,25,43,59,64,65,77,79,81,83,88,93,96,97,105,106,110,114,115,117,120,121,123,126,131,133,135,137,142,147,149,151,153,154,155,156,157,158,159,160,161,162,163,164,165
0208_00037	23,25,43,51,59,60,61,64,65,67,73,77,79,81,83,88,93,96,97,102,105,106,110,114,115,117,120,121,123,124,126,131,132,133,135,136,137,142,146,147,148,149,151,153,154,155,156,157,158,159,160,161,162,163,164,165
0208_00038	19,38,50,62,65,75,76,77,79,83,85,86,93,95,96,97,98,99,100,105,111,115,116,118,120,121,122,129,137,138,142,144,145,147,148,153,154,156,158,160,161,162,163,164,165
0208_00039	34,50,53,66,74,76,89,91,96,99,104,105,108,112,115,116,118,127,128,129,131,132,139,141,143,145,147,149,150,152,155,157,159,160,163,164,165
0208_00040	25,38,57,65,72,77,80,82,83,84,85,86,90,91,92,93,95,96,97,98,100,104,105,106,108,109,110,111,113,115,116,117,118,120,121,122,125,126,127,128,131,132,133,135,137,138,140,141,142,143,144,145,146,147,148,149,150,151,152,153,154,155,156,157,158,159,160,161,162,163,164,165
0208_00041	34,53,54,72,82,89,92,93,95,97,99,100,104,109,110,111,113,117,126,127,131,132,138,139,140,143,144,146,147,150,151,152,153,154,155,156,157,158,159,160,161,162,163,164,165
0208_00042	19,25,42,62,65,77,78,80,87,89,93,97,98,100,103,105,106,107,113,119,120,121,123,125,126,127,131,133,134,135,137,139,140,142,143,144,145,146,149,150,151,152,153,154,156,157,158,159,160,161,162,163,164,165
0208_00043	53,54,66,72,74,80,82,84,86,89,90,91,92,93,95,97,100,104,108,109,110,111,112,113,115,116,117,118,126,127,128,129,131,132,136,138,139,140,141,142,143,144,146,147,149,150,151,152,153,154,155,156,157,158,159,160,161,162,163,164,165
0208_00044	34,52,65,69,70,75,77,79,80,82,83,85,86,89,90,91,92,93,94,96,97,99,100,105,110,111,113,117,118,120,121,122,124,126,127,128,129,130,131,137,138,142,143,144,147,148,150,151,152,153,154,155,156,157,158,159,160,161,162,163,164,165
0208_00045	38,52,53,65,69,77,79,80,83,92,94,96,97,98,105,110,113,117,120,121,124,127,131,137,142,143,151,154,156,161,162,163,164,165
0208_00046	38,52,53,65,69,77,79,80,83,92,94,96,97,98,105,110,113,117,120,121,124,127,131,137,142,143,151,154,156,161,162,163,164,165
0208_00047	34,43,47,73,77,81,82,84,88,90,99,100,106,131,142,151,153,155,156,158,161
0208_00048	32,33,51,55,58,60,61,64,65,67,73,74,75,81,83,85,86,88,90,91,93,94,96,100,102,105,106,111,112,115,116,117,118,120,121,122,124,128,129,130,132,136,137,138,142,147,148,149,151,153,155,156,158,159,160,161,162,163,164,165
0208_00049	16,22,54,57,72,74,79,82,89,90,91,92,95,97,100,104,109,110,111,114,115,116,117,123,126,128,131,136,137,138,140,141,142,146,147,149,150,151,152,153,154,155,156,157,158,159,160,161,164,165
0208_00050	36,37,42,47,62,65,66,74,75,77,79,80,81,83,84,85,88,90,91,92,95,96,97,98,100,106,107,110,111,112,117,118,120,121,122,131,133,134,135,136,137,141,142,144,147,148,149,150,151,153,154,156,158,159,160,161,162,163,164,165
0208_00051	89,90,91,96,99,104,108,114,115,116,118,123,127,128,129,131,132,136,139,140,143,146,147,150,152,154,155,157,159,160,164,165
0208_00052	26,34,50,66,76,90,91,96,99,104,105,108,112,116,118,127,128,129,132,139,143,145,147,150,152,154,155,157,159,160,163,164,165
0208_00053	25,65,74,77,80,85,86,93,98,106,120,121,122,133,135,137,141,142,148,149,156,158,160,161,162,163,165
0208_00054	85,86,100,108,111,114,116,118,122,125,128,129,138,145,147,148,153,155,158,160,161,162,163,165
0208_00055	66,84,91,101,104,105,111,112,128,133,145,151,156,158,161,163,165
0208_00056	37,65,66,72,77,80,89,93,98,106,110,112,113,117,120,121,123,125,126,127,137,139,140,141,142,143,145,146,149,152,154,156,157,159,160,161,162,163,164,165
0208_00057	46,53,80,82,84,87,90,100,104,107,111,118,127,128,129,131,132,133,134,135,139,142,143,144,145,147,150,151,152,153,155,156,157,158,161,162,163,164,165
0208_00058	66,74,87,95,103,107,112,134,141,149,151,152,154,156,158,160,161,162,163,164,165
0208_00059	84,90,97,104,123,125,131,132,133,135,136,139,144,145,146,150,151,152,154,155,156,157,158,159,161,162,163,164,165
0208_00060	52,62,65,74,75,79,80,83,85,86,92,93,94,95,96,97,110,113,117,120,121,122,124,127,133,135,137,141,142,143,144,148,149,150,154,156,158,160,161,162,163,164,165
0208_00061	53,54,57,72,80,82,84,89,90,91,92,95,97,98,100,104,109,110,111,117,120,123,126,127,131,132,133,137,138,139,140,142,143,145,146,147,150,151,152,153,154,155,156,157,158,159,161,163,164,165
0208_00062	25,38,43,53,65,77,78,79,80,84,87,92,95,97,98,103,106,107,110,117,119,120,121,131,133,134,135,137,142,144,150,151,154,156,158,161,162,163,164,165
0208_00063	62,66,84,89,90,91,92,98,104,108,110,111,112,114,116,117,121,127,129,131,132,133,135,136,137,142,143,145,147,150,151,154,155,156,158,159,160,161,162,163,164,165
0208_00064	36,47,65,77,81,83,84,88,96,106,120,121,133,135,137,142,151,156,158,161,162,165
0208_00065	27,57,83,85,86,87,89,95,96,100,105,107,108,109,111,113,114,115,116,118,122,125,126,127,129,132,134,137,138,141,143,144,145,146,147,148,149,150,152,153,154,155,157,158,159,160,161,162,163,164,165
0208_00066	51,55,58,59,60,61,64,67,73,75,79,81,82,83,84,85,86,88,89,90,91,92,93,96,97,100,102,108,110,111,112,113,114,116,117,118,121,122,124,126,127,128,129,130,131,132,133,135,136,137,138,140,141,142,143,144,146,147,148,149,150,151,152,153,154,155,156,157,158,159,160,161,162,163,164,165
0208_00067	19,50,74,76,85,86,93,99,100,105,111,115,116,118,122,125,144,145,147,148,149,153,155,158,160,161,162,163,165
0208_00068	38,53,57,65,74,77,84,89,92,97,98,105,110,113,117,120,121,123,125,127,131,133,135,136,137,139,140,142,143,144,145,146,149,150,151,152,154,156,157,158,159,160,161,162,163,164,165
0208_00069	45,50,62,76,82,84,86,87,91,93,95,97,98,99,100,103,104,107,108,109,111,114,121,123,126,129,131,132,134,136,137,138,140,141,142,144,145,146,147,149,150,151,153,154,155,156,157,158,159,160,161,162,163,164,165
0208_00070	65,80,85,86,87,90,91,97,98,100,103,105,107,113,114,116,121,122,125,127,131,133,134,135,137,138,139,142,143,144,145,148,149,150,151,152,153,155,156,157,158,160,161,162,163,164,165
0208_00071	74,75,79,84,85,86,89,92,93,98,100,105,110,111,115,116,117,121,122,125,127,133,135,136,137,138,142,143,145,147,148,149,150,151,153,154,155,156,158,159,160,161,162,163,164,165
0208_00072	57,66,74,75,85,86,95,98,100,108,112,114,115,120,121,122,128,132,137,138,141,145,148,149,152,153,155,157,158,160,161,162,163,164,165
0208_00073	19,38,57,62,75,77,78,79,82,85,86,87,91,95,97,98,100,103,104,105,107,111,113,118,119,120,121,122,125,129,133,134,135,137,138,142,144,145,147,148,151,152,153,156,157,158,161,162,163,164,165
0208_00074	8,11,19,36,47,54,66,74,79,81,83,84,85,88,92,95,96,97,105,110,112,113,117,120,121,122,123,127,131,133,136,137,139,140,142,143,146,148,149,150,151,152,154,156,157,158,159,160,161,162,163,164,165
0208_00075	8,11,19,36,47,54,66,74,79,81,83,84,85,88,92,95,96,97,105,110,112,113,117,120,121,122,123,127,131,133,136,137,139,140,142,143,146,148,149,150,151,152,154,156,157,158,159,160,161,162,163,164,165
0208_00076	8,11,19,36,47,54,66,74,79,81,83,84,85,88,92,95,96,97,105,110,112,117,120,121,122,123,127,131,133,136,137,139,140,142,143,146,148,149,150,151,154,156,157,158,159,160,161,162,163,164,165
0208_00077	8,11,19,36,47,54,66,74,79,81,83,84,85,88,92,95,96,97,105,110,112,117,120,121,122,123,127,131,133,136,137,139,140,142,143,146,148,149,150,151,154,156,157,158,159,160,161,162,163,164,165
0208_00078	15,32,33,36,38,45,51,55,58,59,60,61,65,67,73,75,76,77,79,81,88,89,92,93,94,95,97,98,99,102,105,106,109,110,112,114,117,120,121,122,123,124,125,126,127,130,133,135,136,137,140,141,142,143,144,145,146,148,149,150,151,152,153,154,155,156,157,158,159,160,161,162,163,164,165
0208_00079	23,32,33,51,54,55,57,58,59,60,61,64,67,72,73,74,80,81,83,84,86,88,89,90,91,94,95,96,100,102,104,106,108,109,110,111,112,115,117,122,123,124,125,126,127,129,130,131,132,133,135,136,137,138,139,140,142,143,145,146,147,148,149,151,152,153,154,155,156,157,158,159,160,161,162,163,164,165
0208_00080	25,77,78,79,80,83,85,86,87,90,91,92,95,96,97,98,100,103,104,105,106,107,110,111,117,119,120,121,122,127,132,134,135,137,138,142,143,144,145,148,150,151,153,154,156,158,161,162,163,164,165
0208_00081	41,52,65,66,74,75,77,79,80,83,94,96,100,111,112,120,121,122,124,137,141,142,148,149,153,155,156,158,160,161,162,163,165
0208_00082	75,83,85,89,92,93,96,100,110,111,113,117,118,121,122,126,127,132,136,137,143,146,147,148,150,152,153,154,156,157,158,159,160,161,162,163,164,165
0208_00083	52,62,65,75,80,83,92,93,94,95,96,97,110,113,117,120,121,122,124,127,133,135,137,142,143,144,148,149,150,154,156,158,160,161,162,163,164,165
0208_00084	38,39,40,41,48,51,53,55,58,60,61,62,65,66,67,69,73,77,80,82,88,92,93,96,97,98,100,102,106,110,112,117,118,120,121,124,125,130,131,133,135,136,137,139,140,142,144,145,146,147,148,150,151,153,154,155,156,158,159,160,161,162,163,164,165,166
0208_00085	52,62,65,75,79,80,83,84,85,91,92,93,94,95,96,97,98,100,105,110,111,113,117,118,120,121,122,124,125,126,127,129,132,133,135,136,137,138,140,142,143,144,145,146,147,148,150,151,152,153,154,156,157,158,159,160,161,162,163,164,165
0208_00086	51,55,58,60,61,67,72,73,75,80,83,85,86,88,89,92,93,96,97,102,105,109,110,111,112,113,114,115,117,121,122,124,125,126,127,130,132,133,135,136,137,138,140,141,142,143,144,145,146,148,149,150,151,152,153,154,155,156,157,158,159,160,161,162,163,164,165
0208_00087	37,38,42,43,52,54,57,62,65,69,75,77,79,80,83,85,86,87,90,91,94,95,96,97,98,100,104,106,107,109,110,111,112,113,117,120,121,122,123,124,125,126,127,129,131,132,134,137,138,142,143,145,146,147,148,150,151,152,153,154,155,156,157,158,159,160,161,162,163,164,165
0208_00088	50,75,76,85,86,93,97,98,99,100,108,111,115,116,121,122,123,126,129,137,138,147,148,149,153,154,157,158,159,160,161,163,164,165
0208_00089	25,32,33,43,51,53,55,58,59,60,61,64,67,69,73,75,77,78,79,80,81,82,84,85,88,90,91,92,94,95,97,98,100,102,104,105,106,110,111,112,115,116,117,118,119,120,121,122,123,124,128,129,130,131,135,136,137,138,139,140,142,144,145,146,147,148,149,150,151,153,154,155,156,157,158,159,160,161,162,163,164,165
0208_00090	62,75,79,85,86,87,90,91,92,97,98,100,103,104,105,107,109,110,111,113,117,118,120,121,122,125,126,127,128,129,132,133,134,135,137,138,142,143,144,145,147,148,150,151,152,153,154,155,156,157,158,159,161,162,163,164,165
0208_00091	51,60,61,67,73,81,84,88,89,92,97,102,104,110,111,117,124,125,132,136,145,148,151,153,154,155,156,158,159,161,162,163,164,165
0208_00092	19,57,66,72,89,90,98,102,104,105,108,112,115,116,118,120,123,124,126,127,128,129,132,136,137,139,140,141,143,145,146,147,149,150,152,154,155,157,159,160,163,164,165
0208_00093	36,54,79,81,82,83,88,91,92,93,95,96,97,100,104,108,110,111,114,115,116,117,123,126,131,133,135,136,137,141,142,144,146,147,149,150,151,153,154,155,156,157,158,159,160,161,162,164,165
0208_00094	19,57,75,83,85,86,87,93,96,100,103,105,107,113,115,120,121,122,125,134,137,138,144,145,148,152,153,157,158,160,161,162,163,164,165
0208_00095	53,54,79,84,90,92,93,95,97,104,108,110,111,117,123,126,131,132,136,139,140,142,146,151,154,155,156,157,158,159,160,161,162,163,164,165
0208_00096	38,42,57,62,65,71,77,79,83,87,92,94,95,96,97,102,107,110,117,120,121,123,124,125,134,137,139,142,144,145,146,150,154,156,157,159,161,162,163,164,165
0208_00097	23,52,53,54,62,65,66,69,74,79,80,86,90,91,92,93,94,95,97,98,100,104,106,110,111,112,117,121,122,123,124,125,126,129,131,132,136,137,138,139,140,141,142,145,146,148,149,151,152,153,154,155,156,157,158,159,160,161,162,163,164,165
0208_00098	51,52,59,60,61,62,64,67,73,75,80,81,83,88,89,92,94,95,96,97,102,110,117,120,121,122,124,125,127,130,132,133,135,136,137,142,143,145,146,147,148,150,153,154,155,156,158,159,161,162,163,164,165
0208_00099	82,84,87,90,91,100,103,104,107,123,131,132,134,139,151,153,154,155,157,158,159,161,162,163,164,165
0208_00100	38,42,52,62,65,75,77,80,82,83,84,86,87,91,94,95,96,98,100,103,104,107,111,113,118,120,121,122,124,125,126,127,129,131,133,134,135,137,138,142,143,144,145,147,148,150,151,152,153,156,157,158,160,161,162,163,164,165
0208_00101	26,50,66,72,76,90,91,96,99,104,105,108,112,115,116,118,127,128,129,132,136,139,141,143,145,146,147,149,150,152,154,157,159,160,163,164,165
0208_00102	89,93,113,125,126,127,131,139,140,143,144,145,146,150,152,154,157,159,160,162,163,164,165
0208_00103	54,82,84,92,95,100,104,110,117,123,131,132,133,135,136,139,142,146,151,153,154,155,156,157,158,159,161,162,163,164,165
0208_00104	54,65,83,84,90,91,95,96,104,105,111,113,121,123,127,131,137,139,142,143,146,151,152,154,155,156,157,158,159,161,162,163,164,165
0208_00105	38,47,53,54,59,64,65,73,77,79,80,81,83,88,96,98,105,120,121,131,137,142,151,156,161,162,163,165
0208_00106	22,25,38,53,62,65,75,77,79,80,82,83,84,85,90,96,98,99,104,105,106,109,111,120,121,122,131,133,135,137,139,142,148,151,153,155,156,157,158,161,162,163,164,165
0208_00107	25,38,42,62,65,74,75,77,79,80,83,85,86,87,96,98,100,105,106,107,108,111,114,116,118,120,121,122,125,129,133,134,135,137,138,141,142,144,145,147,148,149,150,151,153,155,156,158,160,161,162,163,165
0208_00108	24,57,68,69,71,72,74,82,83,85,86,91,92,93,94,95,96,97,100,102,104,105,109,110,111,113,115,117,122,124,125,126,127,131,132,136,137,138,139,140,142,143,144,145,146,147,148,149,150,151,152,153,154,155,156,157,158,159,160,161,162,163,164,165
0208_00109	17,38,62,65,75,77,79,80,83,84,85,92,96,97,98,100,105,110,111,117,118,120,121,122,125,131,133,135,136,137,142,145,147,148,150,151,153,154,156,158,159,160,161,162,163,164,165
0208_00110	50,53,54,57,72,76,82,89,90,91,95,97,98,99,109,120,123,126,127,131,132,133,137,138,139,140,143,145,146,150,151,152,153,155,156,157,158,159,160,161,163,164,165
0208_00111	54,72,74,82,89,90,92,95,97,100,104,109,110,111,113,114,115,116,117,126,127,131,132,133,135,136,138,139,140,141,142,143,144,146,147,149,150,151,152,153,154,155,156,157,158,159,160,161,162,163,164,165
0208_00112	85,86,95,98,100,105,108,111,118,121,122,123,126,127,129,132,137,138,143,145,147,148,152,153,154,157,158,159,160,161,163,164,165
0208_00113	54,84,90,91,92,95,104,108,110,111,117,123,131,132,136,139,140,142,146,147,151,154,155,156,157,158,159,160,161,164
0208_00114	65,72,75,83,85,87,92,93,96,103,104,105,107,109,110,113,116,117,121,122,123,125,126,127,129,132,134,136,137,139,140,143,144,145,146,148,149,150,152,153,154,155,156,157,158,159,160,161,162,163,164,165
0208_00115	92,110,117,133,135,151,154,156,158,160,161,162,163,164,165
0208_00116	32,33,36,47,51,52,55,58,59,60,61,64,65,67,69,73,77,79,80,81,83,84,88,92,94,95,96,97,102,106,110,112,117,120,121,124,130,131,133,135,136,137,142,146,148,151,154,156,158,159,160,161,162,164,165
0208_00117	54,74,90,92,95,104,108,110,111,115,117,123,131,136,139,141,146,149,151,154,155,156,157,158,159,160,161,164
0208_00118	25,28,38,43,65,72,75,77,79,80,82,83,84,85,86,91,92,95,96,97,98,100,104,105,106,109,110,113,117,120,121,122,126,127,129,131,132,133,135,137,138,139,142,143,146,147,148,151,153,154,155,156,157,158,159,161,162,163,164,165
0208_00119	13,24,49,65,71,75,79,94,95,97,98,102,113,120,121,122,123,124,127,137,139,142,143,144,146,148,150,154,156,157,159,160,161,162,163,164,165
0208_00120	50,76,93,99,113,123,126,127,139,141,143,144,146,149,150,152,154,157,159,160,162,163,164,165
0208_00121	30,36,49,66,72,75,81,83,85,86,88,95,96,97,98,100,105,109,111,112,113,118,120,121,122,123,126,127,128,129,132,137,138,139,140,143,145,146,147,148,152,153,154,155,157,158,159,161,162,163,164,165
0208_00122	28,29,38,48,65,66,72,74,75,77,79,80,83,84,85,86,89,95,96,98,100,102,105,106,108,109,111,112,120,121,122,123,124,126,128,129,130,132,133,135,136,137,138,140,141,142,146,147,148,149,151,153,154,155,156,157,158,159,160,161,162,163,164,165
0208_00123	38,54,65,77,79,80,83,84,96,98,105,120,121,131,133,135,137,142,151,156,158,161,162,163,165
0208_00124	38,53,54,57,62,65,72,75,77,79,80,82,83,84,85,89,90,91,92,95,96,97,98,105,109,110,117,120,121,122,127,131,132,133,135,137,139,140,142,143,146,148,150,151,152,153,155,156,157,158,159,161,162,163,164,165
0208_00125	85,86,95,100,108,109,111,114,116,122,123,125,126,129,132,138,145,147,148,149,153,154,155,157,158,159,160,161,162,163,164,165
0208_00126	54,72,82,86,93,95,100,113,115,127,131,132,139,143,144,146,150,151,152,153,154,155,157,158,159,160,161,162,163,164,165
0208_00127	38,42,57,65,72,74,77,80,83,85,86,87,89,91,92,93,95,96,97,98,99,100,103,105,107,109,110,113,115,117,120,121,122,125,126,127,131,132,133,134,135,137,138,142,143,144,145,146,147,148,149,150,151,152,153,154,155,156,157,158,159,160,161,162,163,164,165
0208_00128	38,42,62,65,75,77,80,84,85,92,97,98,105,110,111,113,117,120,121,122,125,127,133,134,135,137,142,143,144,145,148,150,151,153,154,155,156,158,160,161,162,163,164,165
0208_00129	36,42,52,54,62,65,75,79,80,81,82,83,84,87,88,90,92,93,94,96,100,103,104,107,110,111,117,120,121,122,124,131,134,137,142,144,148,150,151,153,154,155,156,158,160,161,162,163,164,165
0208_00130	82,92,93,100,104,105,108,110,111,113,116,117,125,126,127,143,145,147,149,151,152,153,154,155,156,157,158,159,160,161,162,163,164,165
0208_00131	38,53,54,57,62,65,72,75,77,79,80,82,83,84,85,89,90,91,92,95,96,97,109,110,117,120,121,122,127,131,132,133,135,137,139,140,142,143,144,146,148,150,151,152,153,154,155,156,157,158,159,161,162,164,165
0208_00132	23,25,43,59,64,65,77,79,81,83,88,93,96,97,105,106,110,114,115,117,120,121,123,126,131,133,135,137,142,147,149,151,153,154,155,156,157,158,159,160,161,162,163,164,165
0208_00133	23,25,43,59,64,65,77,79,81,83,88,93,96,97,105,106,110,114,115,117,120,121,123,126,131,133,135,137,142,147,149,151,153,154,155,156,157,158,159,160,161,162,163,164,165
0208_00134	23,25,43,51,59,60,61,64,65,67,73,77,79,81,83,88,93,96,97,102,105,106,110,114,115,117,120,121,123,124,126,131,132,133,135,136,137,142,146,147,148,149,151,153,154,155,156,157,158,159,160,161,162,163,164,165
0208_00135	19,38,50,62,65,75,76,77,79,83,85,86,93,95,96,97,98,99,100,105,111,115,116,118,120,121,122,129,137,138,142,144,145,147,148,153,154,156,158,160,161,162,163,164,165
0208_00136	34,50,53,66,74,76,89,91,96,99,104,105,108,112,115,116,118,127,128,129,131,132,139,141,143,145,147,149,150,152,155,157,159,160,163,164,165
0208_00137	25,38,57,65,72,77,80,82,83,84,85,86,90,91,92,93,95,96,97,98,100,104,105,106,108,109,110,111,113,115,116,117,118,120,121,122,125,126,127,128,131,132,133,135,137,138,140,141,142,143,144,145,146,147,148,149,150,151,152,153,154,155,156,157,158,159,160,161,162,163,164,165
0208_00138	34,53,54,72,82,89,92,93,95,97,99,100,104,109,110,111,113,117,126,127,131,132,138,139,140,143,144,146,147,150,151,152,153,154,155,156,157,158,159,160,161,162,163,164,165
0208_00139	19,25,42,62,65,77,78,80,87,89,93,97,98,100,103,105,106,107,113,119,120,121,123,125,126,127,131,133,134,135,137,139,140,142,143,144,145,146,149,150,151,152,153,154,156,157,158,159,160,161,162,163,164,165
0208_00140	53,54,66,72,74,80,82,84,86,89,90,91,92,93,95,97,100,104,108,109,110,111,112,113,115,116,117,118,126,127,128,129,131,132,136,138,139,140,141,142,143,144,146,147,149,150,151,152,153,154,155,156,157,158,159,160,161,162,163,164,165
0208_00141	34,52,65,69,70,75,77,79,80,82,83,85,86,89,90,91,92,93,94,96,97,99,100,105,110,111,113,117,118,120,121,122,124,126,127,128,129,130,131,137,138,142,143,144,147,148,150,151,152,153,154,155,156,157,158,159,160,161,162,163,164,165
0208_00142	38,52,53,65,69,77,79,80,83,92,94,96,97,98,105,110,113,117,120,121,124,127,131,137,142,143,151,154,156,161,162,163,164,165
0208_00143	38,52,53,65,69,77,79,80,83,92,94,96,97,98,105,110,113,117,120,121,124,127,131,137,142,143,151,154,156,161,162,163,164,165
0208_00144	34,43,47,73,77,81,82,84,88,90,99,100,106,131,142,151,153,155,156,158,161
0208_00145	32,33,51,55,58,60,61,64,65,67,73,74,75,81,83,85,86,88,90,91,93,94,96,100,102,105,106,111,112,115,116,117,118,120,121,122,124,128,129,130,132,136,137,138,142,147,148,149,151,153,155,156,158,159,160,161,162,163,164,165
0208_00146	16,22,54,57,72,74,79,82,89,90,91,92,95,97,100,104,109,110,111,114,115,116,117,123,126,128,131,136,137,138,140,141,142,146,147,149,150,151,152,153,154,155,156,157,158,159,160,161,164,165
0208_00147	36,37,42,47,62,65,66,74,75,77,79,80,81,83,84,85,88,90,91,92,95,96,97,98,100,106,107,110,111,112,117,118,120,121,122,131,133,134,135,136,137,141,142,144,147,148,149,150,151,153,154,156,158,159,160,161,162,163,164,165
0208_00148	89,90,91,96,99,104,108,114,115,116,118,123,127,128,129,131,132,136,139,140,143,146,147,150,152,154,155,157,159,160,164,165
0208_00149	26,34,50,66,76,90,91,96,99,104,105,108,112,116,118,127,128,129,132,139,143,145,147,150,152,154,155,157,159,160,163,164,165
0208_00150	25,65,74,77,80,85,86,93,98,106,120,121,122,133,135,137,141,142,148,149,156,158,160,161,162,163,165
0208_00151	85,86,100,108,111,114,116,118,122,125,128,129,138,145,147,148,153,155,158,160,161,162,163,165
0208_00152	66,84,91,101,104,105,111,112,128,133,145,151,156,158,161,163,165
0208_00153	37,65,66,72,77,80,89,93,98,106,110,112,113,117,120,121,123,125,126,127,137,139,140,141,142,143,145,146,149,152,154,156,157,159,160,161,162,163,164,165
0208_00154	46,53,80,82,84,87,90,100,104,107,111,118,127,128,129,131,132,133,134,135,139,142,143,144,145,147,150,151,152,153,155,156,157,158,161,162,163,164,165
0208_00155	66,74,87,95,103,107,112,134,141,149,151,152,154,156,158,160,161,162,163,164,165
0208_00156	84,90,97,104,123,125,131,132,133,135,136,139,144,145,146,150,151,152,154,155,156,157,158,159,161,162,163,164,165
0208_00157	52,62,65,74,75,79,80,83,85,86,92,93,94,95,96,97,110,113,117,120,121,122,124,127,133,135,137,141,142,143,144,148,149,150,154,156,158,160,161,162,163,164,165
0208_00158	53,54,57,72,80,82,84,89,90,91,92,95,97,98,100,104,109,110,111,117,120,123,126,127,131,132,133,137,138,139,140,142,143,145,146,147,150,151,152,153,154,155,156,157,158,159,161,163,164,165
0208_00159	25,38,43,53,65,77,78,79,80,84,87,92,95,97,98,103,106,107,110,117,119,120,121,131,133,134,135,137,142,144,150,151,154,156,158,161,162,163,164,165
0208_00160	62,66,84,89,90,91,92,98,104,108,110,111,112,114,116,117,121,127,129,131,132,133,135,136,137,142,143,145,147,150,151,154,155,156,158,159,160,161,162,163,164,165
0208_00161	36,47,65,77,81,83,84,88,96,106,120,121,133,135,137,142,151,156,158,161,162,165
0208_00162	27,57,83,85,86,87,89,95,96,100,105,107,108,109,111,113,114,115,116,118,122,125,126,127,129,132,134,137,138,141,143,144,145,146,147,148,149,150,152,153,154,155,157,158,159,160,161,162,163,164,165
0208_00163	51,55,58,59,60,61,64,67,73,75,79,81,82,83,84,85,86,88,89,90,91,92,93,96,97,100,102,108,110,111,112,113,114,116,117,118,121,122,124,126,127,128,129,130,131,132,133,135,136,137,138,140,141,142,143,144,146,147,148,149,150,151,152,153,154,155,156,157,158,159,160,161,162,163,164,165
0208_00164	19,50,74,76,85,86,93,99,100,105,111,115,116,118,122,125,144,145,147,148,149,153,155,158,160,161,162,163,165
0208_00165	38,53,57,65,74,77,84,89,92,97,98,105,110,113,117,120,121,123,125,127,131,133,135,136,137,139,140,142,143,144,145,146,149,150,151,152,154,156,157,158,159,160,161,162,163,164,165
0208_00166	45,50,62,76,82,84,86,87,91,93,95,97,98,99,100,103,104,107,108,109,111,114,121,123,126,129,131,132,134,136,137,138,140,141,142,144,145,146,147,149,150,151,153,154,155,156,157,158,159,160,161,162,163,164,165
0208_00167	65,80,85,86,87,90,91,97,98,100,103,105,107,113,114,116,121,122,125,127,131,133,134,135,137,138,139,142,143,144,145,148,149,150,151,152,153,155,156,157,158,160,161,162,163,164,165
0208_00168	74,75,79,84,85,86,89,92,93,98,100,105,110,111,115,116,117,121,122,125,127,133,135,136,137,138,142,143,145,147,148,149,150,151,153,154,155,156,158,159,160,161,162,163,164,165
0208_00169	57,66,74,75,85,86,95,98,100,108,112,114,115,120,121,122,128,132,137,138,141,145,148,149,152,153,155,157,158,160,161,162,163,164,165
0208_00170	19,38,57,62,75,77,78,79,82,85,86,87,91,95,97,98,100,103,104,105,107,111,113,118,119,120,121,122,125,129,133,134,135,137,138,142,144,145,147,148,151,152,153,156,157,158,161,162,163,164,165
0208_00171	8,11,19,36,47,54,66,74,79,81,83,84,85,88,92,95,96,97,105,110,112,113,117,120,121,122,123,127,131,133,136,137,139,140,142,143,146,148,149,150,151,152,154,156,157,158,159,160,161,162,163,164,165
0208_00172	8,11,19,36,47,54,66,74,79,81,83,84,85,88,92,95,96,97,105,110,112,113,117,120,121,122,123,127,131,133,136,137,139,140,142,143,146,148,149,150,151,152,154,156,157,158,159,160,161,162,163,164,165
0208_00173	8,11,19,36,47,54,66,74,79,81,83,84,85,88,92,95,96,97,105,110,112,117,120,121,122,123,127,131,133,136,137,139,140,142,143,146,148,149,150,151,154,156,157,158,159,160,161,162,163,164,165
0208_00174	8,11,19,36,47,54,66,74,79,81,83,84,85,88,92,95,96,97,105,110,112,117,120,121,122,123,127,131,133,136,137,139,140,142,143,146,148,149,150,151,154,156,157,158,159,160,161,162,163,164,165
0208_00175	15,32,33,36,38,45,51,55,58,59,60,61,65,67,73,75,76,77,79,81,88,89,92,93,94,95,97,98,99,102,105,106,109,110,112,114,117,120,121,122,123,124,125,126,127,130,133,135,136,137,140,141,142,143,144,145,146,148,149,150,151,152,153,154,155,156,157,158,159,160,161,162,163,164,165
0208_00176	23,32,33,51,54,55,57,58,59,60,61,64,67,72,73,74,80,81,83,84,86,88,89,90,91,94,95,96,100,102,104,106,108,109,110,111,112,115,117,122,123,124,125,126,127,129,130,131,132,133,135,136,137,138,139,140,142,143,145,146,147,148,149,151,152,153,154,155,156,157,158,159,160,161,162,163,164,165
0208_00177	25,77,78,79,80,83,85,86,87,90,91,92,95,96,97,98,100,103,104,105,106,107,110,111,117,119,120,121,122,127,132,134,135,137,138,142,143,144,145,148,150,151,153,154,156,158,161,162,163,164,165
0208_00178	41,52,65,66,74,75,77,79,80,83,94,96,100,111,112,120,121,122,124,137,141,142,148,149,153,155,156,158,160,161,162,163,165
0208_00179	75,83,85,89,92,93,96,100,110,111,113,117,118,121,122,126,127,132,136,137,143,146,147,148,150,152,153,154,156,157,158,159,160,161,162,163,164,165
0208_00180	52,62,65,75,80,83,92,93,94,95,96,97,110,113,117,120,121,122,124,127,133,135,137,142,143,144,148,149,150,154,156,158,160,161,162,163,164,165
0208_00181	38,39,40,41,48,51,53,55,58,60,61,62,65,66,67,69,73,77,80,82,88,92,93,96,97,98,100,102,106,110,112,117,118,120,121,124,125,130,131,133,135,136,137,139,140,142,144,145,146,147,148,150,151,153,154,155,156,158,159,160,161,162,163,164,165,166
0208_00182	52,62,65,75,79,80,83,84,85,91,92,93,94,95,96,97,98,100,105,110,111,113,117,118,120,121,122,124,125,126,127,129,132,133,135,136,137,138,140,142,143,144,145,146,147,148,150,151,152,153,154,156,157,158,159,160,161,162,163,164,165
0208_00183	51,55,58,60,61,67,72,73,75,80,83,85,86,88,89,92,93,96,97,102,105,109,110,111,112,113,114,115,117,121,122,124,125,126,127,130,132,133,135,136,137,138,140,141,142,143,144,145,146,148,149,150,151,152,153,154,155,156,157,158,159,160,161,162,163,164,165
0208_00184	37,38,42,43,52,54,57,62,65,69,75,77,79,80,83,85,86,87,90,91,94,95,96,97,98,100,104,106,107,109,110,111,112,113,117,120,121,122,123,124,125,126,127,129,131,132,134,137,138,142,143,145,146,147,148,150,151,152,153,154,155,156,157,158,159,160,161,162,163,164,165
0208_00185	50,75,76,85,86,93,97,98,99,100,108,111,115,116,121,122,123,126,129,137,138,147,148,149,153,154,157,158,159,160,161,163,164,165
0208_00186	25,32,33,43,51,53,55,58,59,60,61,64,67,69,73,75,77,78,79,80,81,82,84,85,88,90,91,92,94,95,97,98,100,102,104,105,106,110,111,112,115,116,117,118,119,120,121,122,123,124,128,129,130,131,135,136,137,138,139,140,142,144,145,146,147,148,149,150,151,153,154,155,156,157,158,159,160,161,162,163,164,165
0208_00187	62,75,79,85,86,87,90,91,92,97,98,100,103,104,105,107,109,110,111,113,117,118,120,121,122,125,126,127,128,129,132,133,134,135,137,138,142,143,144,145,147,148,150,151,152,153,154,155,156,157,158,159,161,162,163,164,165
0208_00188	51,60,61,67,73,81,84,88,89,92,97,102,104,110,111,117,124,125,132,136,145,148,151,153,154,155,156,158,159,161,162,163,164,165
0208_00189	19,57,66,72,89,90,98,102,104,105,108,112,115,116,118,120,123,124,126,127,128,129,132,136,137,139,140,141,143,145,146,147,149,150,152,154,155,157,159,160,163,164,165
0208_00190	36,54,79,81,82,83,88,91,92,93,95,96,97,100,104,108,110,111,114,115,116,117,123,126,131,133,135,136,137,141,142,144,146,147,149,150,151,153,154,155,156,157,158,159,160,161,162,164,165
0208_00191	19,57,75,83,85,86,87,93,96,100,103,105,107,113,115,120,121,122,125,134,137,138,144,145,148,152,153,157,158,160,161,162,163,164,165
0208_00192	53,54,79,84,90,92,93,95,97,104,108,110,111,117,123,126,131,132,136,139,140,142,146,151,154,155,156,157,158,159,160,161,162,163,164,165
0208_00193	38,42,57,62,65,71,77,79,83,87,92,94,95,96,97,102,107,110,117,120,121,123,124,125,134,137,139,142,144,145,146,150,154,156,157,159,161,162,163,164,165
0208_00194	23,52,53,54,62,65,66,69,74,79,80,86,90,91,92,93,94,95,97,98,100,104,106,110,111,112,117,121,122,123,124,125,126,129,131,132,136,137,138,139,140,141,142,145,146,148,149,151,152,153,154,155,156,157,158,159,160,161,162,163,164,165
0208_00195	51,52,59,60,61,62,64,67,73,75,80,81,83,88,89,92,94,95,96,97,102,110,117,120,121,122,124,125,127,130,132,133,135,136,137,142,143,145,146,147,148,150,153,154,155,156,158,159,161,162,163,164,165
0208_00196	82,84,87,90,91,100,103,104,107,123,131,132,134,139,151,153,154,155,157,158,159,161,162,163,164,165
0208_00197	38,42,52,62,65,75,77,80,82,83,84,86,87,91,94,95,96,98,100,103,104,107,111,113,118,120,121,122,124,125,126,127,129,131,133,134,135,137,138,142,143,144,145,147,148,150,151,152,153,156,157,158,160,161,162,163,164,165
0208_00198	26,50,66,72,76,90,91,96,99,104,105,108,112,115,116,118,127,128,129,132,136,139,141,143,145,146,147,149,150,152,154,157,159,160,163,164,165
0208_00199	89,93,113,125,126,127,131,139,140,143,144,145,146,150,152,154,157,159,160,162,163,164,165
0208_00200	54,82,84,92,95,100,104,110,117,123,131,132,133,135,136,139,142,146,151,153,154,155,156,157,158,159,161,162,163,164,165
0208_00201	54,65,83,84,90,91,95,96,104,105,111,113,121,123,127,131,137,139,142,143,146,151,152,154,155,156,157,158,159,161,162,163,164,165
0208_00202	38,47,53,54,59,64,65,73,77,79,80,81,83,88,96,98,105,120,121,131,137,142,151,156,161,162,163,165
0208_00203	22,25,38,53,62,65,75,77,79,80,82,83,84,85,90,96,98,99,104,105,106,109,111,120,121,122,131,133,135,137,139,142,148,151,153,155,156,157,158,161,162,163,164,165
0208_00204	25,38,42,62,65,74,75,77,79,80,83,85,86,87,96,98,100,105,106,107,108,111,114,116,118,120,121,122,125,129,133,134,135,137,138,141,142,144,145,147,148,149,150,151,153,155,156,158,160,161,162,163,165
0208_00205	24,57,68,69,71,72,74,82,83,85,86,91,92,93,94,95,96,97,100,102,104,105,109,110,111,113,115,117,122,124,125,126,127,131,132,136,137,138,139,140,142,143,144,145,146,147,148,149,150,151,152,153,154,155,156,157,158,159,160,161,162,163,164,165
0208_00206	17,38,62,65,75,77,79,80,83,84,85,92,96,97,98,100,105,110,111,117,118,120,121,122,125,131,133,135,136,137,142,145,147,148,150,151,153,154,156,158,159,160,161,162,163,164,165
0208_00207	50,53,54,57,72,76,82,89,90,91,95,97,98,99,109,120,123,126,127,131,132,133,137,138,139,140,143,145,146,150,151,152,153,155,156,157,158,159,160,161,163,164,165
0208_00208	54,72,74,82,89,90,92,95,97,100,104,109,110,111,113,114,115,116,117,126,127,131,132,133,135,136,138,139,140,141,142,143,144,146,147,149,150,151,152,153,154,155,156,157,158,159,160,161,162,163,164,165
0208_00209	85,86,95,98,100,105,108,111,118,121,122,123,126,127,129,132,137,138,143,145,147,148,152,153,154,157,158,159,160,161,163,164,165
0208_00210	54,84,90,91,92,95,104,108,110,111,117,123,131,132,136,139,140,142,146,147,151,154,155,156,157,158,159,160,161,164
0208_00211	65,72,75,83,85,87,92,93,96,103,104,105,107,109,110,113,116,117,121,122,123,125,126,127,129,132,134,136,137,139,140,143,144,145,146,148,149,150,152,153,154,155,156,157,158,159,160,161,162,163,164,165
0208_00212	92,110,117,133,135,151,154,156,158,160,161,162,163,164,165
0208_00213	32,33,36,47,51,52,55,58,59,60,61,64,65,67,69,73,77,79,80,81,83,84,88,92,94,95,96,97,102,106,110,112,117,120,121,124,130,131,133,135,136,137,142,146,148,151,154,156,158,159,160,161,162,164,165
0208_00214	54,74,90,92,95,104,108,110,111,115,117,123,131,136,139,141,146,149,151,154,155,156,157,158,159,160,161,164
0208_00215	25,28,38,43,65,72,75,77,79,80,82,83,84,85,86,91,92,95,96,97,98,100,104,105,106,109,110,113,117,120,121,122,126,127,129,131,132,133,135,137,138,139,142,143,146,147,148,151,153,154,155,156,157,158,159,161,162,163,164,165
0208_00216	13,24,49,65,71,75,79,94,95,97,98,102,113,120,121,122,123,124,127,137,139,142,143,144,146,148,150,154,156,157,159,160,161,162,163,164,165
0208_00217	50,76,93,99,113,123,126,127,139,141,143,144,146,149,150,152,154,157,159,160,162,163,164,165
0208_00218	30,36,49,66,72,75,81,83,85,86,88,95,96,97,98,100,105,109,111,112,113,118,120,121,122,123,126,127,128,129,132,137,138,139,140,143,145,146,147,148,152,153,154,155,157,158,159,161,162,163,164,165
0208_00219	28,29,38,48,65,66,72,74,75,77,79,80,83,84,85,86,89,95,96,98,100,102,105,106,108,109,111,112,120,121,122,123,124,126,128,129,130,132,133,135,136,137,138,140,141,142,146,147,148,149,151,153,154,155,156,157,158,159,160,161,162,163,164,165
0208_00220	38,54,65,77,79,80,83,84,96,98,105,120,121,131,133,135,137,142,151,156,158,161,162,163,165
0208_00221	38,53,54,57,62,65,72,75,77,79,80,82,83,84,85,89,90,91,92,95,96,97,98,105,109,110,117,120,121,122,127,131,132,133,135,137,139,140,142,143,146,148,150,151,152,153,155,156,157,158,159,161,162,163,164,165
0208_00222	85,86,95,100,108,109,111,114,116,122,123,125,126,129,132,138,145,147,148,149,153,154,155,157,158,159,160,161,162,163,164,165
0208_00223	54,72,82,86,93,95,100,113,115,127,131,132,139,143,144,146,150,151,152,153,154,155,157,158,159,160,161,162,163,164,165
0208_00224	38,42,57,65,72,74,77,80,83,85,86,87,89,91,92,93,95,96,97,98,99,100,103,105,107,109,110,113,115,117,120,121,122,125,126,127,131,132,133,134,135,137,138,142,143,144,145,146,147,148,149,150,151,152,153,154,155,156,157,158,159,160,161,162,163,164,165
0208_00225	38,42,62,65,75,77,80,84,85,92,97,98,105,110,111,113,117,120,121,122,125,127,133,134,135,137,142,143,144,145,148,150,151,153,154,155,156,158,160,161,162,163,164,165
0208_00226	36,42,52,54,62,65,75,79,80,81,82,83,84,87,88,90,92,93,94,96,100,103,104,107,110,111,117,120,121,122,124,131,134,137,142,144,148,150,151,153,154,155,156,158,160,161,162,163,164,165
0208_00227	82,92,93,100,104,105,108,110,111,113,116,117,125,126,127,143,145,147,149,151,152,153,154,155,156,157,158,159,160,161,162,163,164,165
0208_00228	38,53,54,57,62,65,72,75,77,79,80,82,83,84,85,89,90,91,92,95,96,97,109,110,117,120,121,122,127,131,132,133,135,137,139,140,142,143,144,146,148,150,151,152,153,154,155,156,157,158,159,161,162,164,165
0208_00229	23,25,43,59,64,65,77,79,81,83,88,93,96,97,105,106,110,114,115,117,120,121,123,126,131,133,135,137,142,147,149,151,153,154,155,156,157,158,159,160,161,162,163,164,165
0208_00230	23,25,43,59,64,65,77,79,81,83,88,93,96,97,105,106,110,114,115,117,120,121,123,126,131,133,135,137,142,147,149,151,153,154,155,156,157,158,159,160,161,162,163,164,165
0208_00231	23,25,43,51,59,60,61,64,65,67,73,77,79,81,83,88,93,96,97,102,105,106,110,114,115,117,120,121,123,124,126,131,132,133,135,136,137,142,146,147,148,149,151,153,154,155,156,157,158,159,160,161,162,163,164,165
0208_00232	19,38,50,62,65,75,76,77,79,83,85,86,93,95,96,97,98,99,100,105,111,115,116,118,120,121,122,129,137,138,142,144,145,147,148,153,154,156,158,160,161,162,163,164,165
0208_00233	34,50,53,66,74,76,89,91,96,99,104,105,108,112,115,116,118,127,128,129,131,132,139,141,143,145,147,149,150,152,155,157,159,160,163,164,165
0208_00234	25,38,57,65,72,77,80,82,83,84,85,86,90,91,92,93,95,96,97,98,100,104,105,106,108,109,110,111,113,115,116,117,118,120,121,122,125,126,127,128,131,132,133,135,137,138,140,141,142,143,144,145,146,147,148,149,150,151,152,153,154,155,156,157,158,159,160,161,162,163,164,165
0208_00235	34,53,54,72,82,89,92,93,95,97,99,100,104,109,110,111,113,117,126,127,131,132,138,139,140,143,144,146,147,150,151,152,153,154,155,156,157,158,159,160,161,162,163,164,165
0208_00236	19,25,42,62,65,77,78,80,87,89,93,97,98,100,103,105,106,107,113,119,120,121,123,125,126,127,131,133,134,135,137,139,140,142,143,144,145,146,149,150,151,152,153,154,156,157,158,159,160,161,162,163,164,165
0208_00237	53,54,66,72,74,80,82,84,86,89,90,91,92,93,95,97,100,104,108,109,110,111,112,113,115,116,117,118,126,127,128,129,131,132,136,138,139,140,141,142,143,144,146,147,149,150,151,152,153,154,155,156,157,158,159,160,161,162,163,164,165
0208_00238	34,52,65,69,70,75,77,79,80,82,83,85,86,89,90,91,92,93,94,96,97,99,100,105,110,111,113,117,118,120,121,122,124,126,127,128,129,130,131,137,138,142,143,144,147,148,150,151,152,153,154,155,156,157,158,159,160,161,162,163,164,165
0208_00239	38,52,53,65,69,77,79,80,83,92,94,96,97,98,105,110,113,117,120,121,124,127,131,137,142,143,151,154,156,161,162,163,164,165
0208_00240	38,52,53,65,69,77,79,80,83,92,94,96,97,98,105,110,113,117,120,121,124,127,131,137,142,143,151,154,156,161,162,163,164,165
0208_00241	34,43,47,73,77,81,82,84,88,90,99,100,106,131,142,151,153,155,156,158,161
0208_00242	32,33,51,55,58,60,61,64,65,67,73,74,75,81,83,85,86,88,90,91,93,94,96,100,102,105,106,111,112,115,116,117,118,120,121,122,124,128,129,130,132,136,137,138,142,147,148,149,151,153,155,156,158,159,160,161,162,163,164,165
0208_00243	16,22,54,57,72,74,79,82,89,90,91,92,95,97,100,104,109,110,111,114,115,116,117,123,126,128,131,136,137,138,140,141,142,146,147,149,150,151,152,153,154,155,156,157,158,159,160,161,164,165
0208_00244	36,37,42,47,62,65,66,74,75,77,79,80,81,83,84,85,88,90,91,92,95,96,97,98,100,106,107,110,111,112,117,118,120,121,122,131,133,134,135,136,137,141,142,144,147,148,149,150,151,153,154,156,158,159,160,161,162,163,164,165
0208_00245	89,90,91,96,99,104,108,114,115,116,118,123,127,128,129,131,132,136,139,140,143,146,147,150,152,154,155,157,159,160,164,165
0208_00246	26,34,50,66,76,90,91,96,99,104,105,108,112,116,118,127,128,129,132,139,143,145,147,150,152,154,155,157,159,160,163,164,165
0208_00247	25,65,74,77,80,85,86,93,98,106,120,121,122,133,135,137,141,142,148,149,156,158,160,161,162,163,165
0208_00248	85,86,100,108,111,114,116,118,122,125,128,129,138,145,147,148,153,155,158,160,161,162,163,165
0208_00249	66,84,91,101,104,105,111,112,128,133,145,151,156,158,161,163,165
0208_00250	37,65,66,72,77,80,89,93,98,106,110,112,113,117,120,121,123,125,126,127,137,139,140,141,142,143,145,146,149,152,154,156,157,159,160,161,162,163,164,165
0208_00251	46,53,80,82,84,87,90,100,104,107,111,118,127,128,129,131,132,133,134,135,139,142,143,144,145,147,150,151,152,153,155,156,157,158,161,162,163,164,165
0208_00252	66,74,87,95,103,107,112,134,141,149,151,152,154,156,158,160,161,162,163,164,165
0208_00253	84,90,97,104,123,125,131,132,133,135,136,139,144,145,146,150,151,152,154,155,156,157,158,159,161,162,163,164,165
0208_00254	52,62,65,74,75,79,80,83,85,86,92,93,94,95,96,97,110,113,117,120,121,122,124,127,133,135,137,141,142,143,144,148,149,150,154,156,158,160,161,162,163,164,165
0208_00255	53,54,57,72,80,82,84,89,90,91,92,95,97,98,100,104,109,110,111,117,120,123,126,127,131,132,133,137,138,139,140,142,143,145,146,147,150,151,152,153,154,155,156,157,158,159,161,163,164,165
0208_00256	25,38,43,53,65,77,78,79,80,84,87,92,95,97,98,103,106,107,110,117,119,120,121,131,133,134,135,137,142,144,150,151,154,156,158,161,162,163,164,165
0208_00257	62,66,84,89,90,91,92,98,104,108,110,111,112,114,116,117,121,127,129,131,132,133,135,136,137,142,143,145,147,150,151,154,155,156,158,159,160,161,162,163,164,165
0208_00258	36,47,65,77,81,83,84,88,96,106,120,121,133,135,137,142,151,156,158,161,162,165
0208_00259	27,57,83,85,86,87,89,95,96,100,105,107,108,109,111,113,114,115,116,118,122,125,126,127,129,132,134,137,138,141,143,144,145,146,147,148,149,150,152,153,154,155,157,158,159,160,161,162,163,164,165
0208_00260	51,55,58,59,60,61,64,67,73,75,79,81,82,83,84,85,86,88,89,90,91,92,93,96,97,100,102,108,110,111,112,113,114,116,117,118,121,122,124,126,127,128,129,130,131,132,133,135,136,137,138,140,141,142,143,144,146,147,148,149,150,151,152,153,154,155,156,157,158,159,160,161,162,163,164,165
0208_00261	19,50,74,76,85,86,93,99,100,105,111,115,116,118,122,125,144,145,147,148,149,153,155,158,160,161,162,163,165
0208_00262	38,53,57,65,74,77,84,89,92,97,98,105,110,113,117,120,121,123,125,127,131,133,135,136,137,139,140,142,143,144,145,146,149,150,151,152,154,156,157,158,159,160,161,162,163,164,165
0208_00263	45,50,62,76,82,84,86,87,91,93,95,97,98,99,100,103,104,107,108,109,111,114,121,123,126,129,131,132,134,136,137,138,140,141,142,144,145,146,147,149,150,151,153,154,155,156,157,158,159,160,161,162,163,164,165
0208_00264	65,80,85,86,87,90,91,97,98,100,103,105,107,113,114,116,121,122,125,127,131,133,134,135,137,138,139,142,143,144,145,148,149,150,151,152,153,155,156,157,158,160,161,162,163,164,165
0208_00265	74,75,79,84,85,86,89,92,93,98,100,105,110,111,115,116,117,121,122,125,127,133,135,136,137,138,142,143,145,147,148,149,150,151,153,154,155,156,158,159,160,161,162,163,164,165
0208_00266	57,66,74,75,85,86,95,98,100,108,112,114,115,120,121,122,128,132,137,138,141,145,148,149,152,153,155,157,158,160,161,162,163,164,165
0208_00267	19,38,57,62,75,77,78,79,82,85,86,87,91,95,97,98,100,103,104,105,107,111,113,118,119,120,121,122,125,129,133,134,135,137,138,142,144,145,147,148,151,152,153,156,157,158,161,162,163,164,165
0208_00268	8,11,19,36,47,54,66,74,79,81,83,84,85,88,92,95,96,97,105,110,112,113,117,120,121,122,123,127,131,133,136,137,139,140,142,143,146,148,149,150,151,152,154,156,157,158,159,160,161,162,163,164,165
0208_00269	8,11,19,36,47,54,66,74,79,81,83,84,85,88,92,95,96,97,105,110,112,113,117,120,121,122,123,127,131,133,136,137,139,140,142,143,146,148,149,150,151,152,154,156,157,158,159,160,161,162,163,164,165
0208_00270	8,11,19,36,47,54,66,74,79,81,83,84,85,88,92,95,96,97,105,110,112,117,120,121,122,123,127,131,133,136,137,139,140,142,143,146,148,149,150,151,154,156,157,158,159,160,161,162,163,164,165
0208_00271	8,11,19,36,47,54,66,74,79,81,83,84,85,88,92,95,96,97,105,110,112,117,120,121,122,123,127,131,133,136,137,139,140,142,143,146,148,149,150,151,154,156,157,158,159,160,161,162,163,164,165
0208_00272	15,32,33,36,38,45,51,55,58,59,60,61,65,67,73,75,76,77,79,81,88,89,92,93,94,95,97,98,99,102,105,106,109,110,112,114,117,120,121,122,123,124,125,126,127,130,133,135,136,137,140,141,142,143,144,145,146,148,149,150,151,152,153,154,155,156,157,158,159,160,161,162,163,164,165
0208_00273	23,32,33,51,54,55,57,58,59,60,61,64,67,72,73,74,80,81,83,84,86,88,89,90,91,94,95,96,100,102,104,106,108,109,110,111,112,115,117,122,123,124,125,126,127,129,130,131,132,133,135,136,137,138,139,140,142,143,145,146,147,148,149,151,152,153,154,155,156,157,158,159,160,161,162,163,164,165
0208_00274	25,77,78,79,80,83,85,86,87,90,91,92,95,96,97,98,100,103,104,105,106,107,110,111,117,119,120,121,122,127,132,134,135,137,138,142,143,144,145,148,150,151,153,154,156,158,161,162,163,164,165
0208_00275	41,52,65,66,74,75,77,79,80,83,94,96,100,111,112,120,121,122,124,137,141,142,148,149,153,155,156,158,160,161,162,163,165
0208_00276	75,83,85,89,92,93,96,100,110,111,113,117,118,121,122,126,127,132,136,137,143,146,147,148,150,152,153,154,156,157,158,159,160,161,162,163,164,165
0208_00277	52,62,65,75,80,83,92,93,94,95,96,97,110,113,117,120,121,122,124,127,133,135,137,142,143,144,148,149,150,154,156,158,160,161,162,163,164,165
0208_00278	38,39,40,41,48,51,53,55,58,60,61,62,65,66,67,69,73,77,80,82,88,92,93,96,97,98,100,102,106,110,112,117,118,120,121,124,125,130,131,133,135,136,137,139,140,142,144,145,146,147,148,150,151,153,154,155,156,158,159,160,161,162,163,164,165,166
0208_00279	52,62,65,75,79,80,83,84,85,91,92,93,94,95,96,97,98,100,105,110,111,113,117,118,120,121,122,124,125,126,127,129,132,133,135,136,137,138,140,142,143,144,145,146,147,148,150,151,152,153,154,156,157,158,159,160,161,162,163,164,165
0208_00280	51,55,58,60,61,67,72,73,75,80,83,85,86,88,89,92,93,96,97,102,105,109,110,111,112,113,114,115,117,121,122,124,125,126,127,130,132,133,135,136,137,138,140,141,142,143,144,145,146,148,149,150,151,152,153,154,155,156,157,158,159,160,161,162,163,164,165
0208_00281	37,38,42,43,52,54,57,62,65,69,75,77,79,80,83,85,86,87,90,91,94,95,96,97,98,100,104,106,107,109,110,111,112,113,117,120,121,122,123,124,125,126,127,129,131,132,134,137,138,142,143,145,146,147,148,150,151,152,153,154,155,156,157,158,159,160,161,162,163,164,165
0208_00282	50,75,76,85,86,93,97,98,99,100,108,111,115,116,121,122,123,126,129,137,138,147,148,149,153,154,157,158,159,160,161,163,164,165
0208_00283	25,32,33,43,51,53,55,58,59,60,61,64,67,69,73,75,77,78,79,80,81,82,84,85,88,90,91,92,94,95,97,98,100,102,104,105,106,110,111,112,115,116,117,118,119,120,121,122,123,124,128,129,130,131,135,136,137,138,139,140,142,144,145,146,147,148,149,150,151,153,154,155,156,157,158,159,160,161,162,163,164,165
0208_00284	62,75,79,85,86,87,90,91,92,97,98,100,103,104,105,107,109,110,111,113,117,118,120,121,122,125,126,127,128,129,132,133,134,135,137,138,142,143,144,145,147,148,150,151,152,153,154,155,156,157,158,159,161,162,163,164,165
0208_00285	51,60,61,67,73,81,84,88,89,92,97,102,104,110,111,117,124,125,132,136,145,148,151,153,154,155,156,158,159,161,162,163,164,165
0208_00286	19,57,66,72,89,90,98,102,104,105,108,112,115,116,118,120,123,124,126,127,128,129,132,136,137,139,140,141,143,145,146,147,149,150,152,154,155,157,159,160,163,164,165
0208_00287	36,54,79,81,82,83,88,91,92,93,95,96,97,100,104,108,110,111,114,115,116,117,123,126,131,133,135,136,137,141,142,144,146,147,149,150,151,153,154,155,156,157,158,159,160,161,162,164,165
0208_00288	19,57,75,83,85,86,87,93,96,100,103,105,107,113,115,120,121,122,125,134,137,138,144,145,148,152,153,157,158,160,161,162,163,164,165
0208_00289	53,54,79,84,90,92,93,95,97,104,108,110,111,117,123,126,131,132,136,139,140,142,146,151,154,155,156,157,158,159,160,161,162,163,164,165
0208_00290	38,42,57,62,65,71,77,79,83,87,92,94,95,96,97,102,107,110,117,120,121,123,124,125,134,137,139,142,144,145,146,150,154,156,157,159,161,162,163,164,165
0208_00291	23,52,53,54,62,65,66,69,74,79,80,86,90,91,92,93,94,95,97,98,100,104,106,110,111,112,117,121,122,123,124,125,126,129,131,132,136,137,138,139,140,141,142,145,146,148,149,151,152,153,154,155,156,157,158,159,160,161,162,163,164,165
0208_00292	38,53,57,62,65,72,75,77,79,80,82,83,85,89,90,91,92,95,96,97,98,104,105,109,110,111,113,117,120,121,122,127,128,129,131,132,133,137,139,140,142,143,146,148,150,151,152,153,154,155,156,157,158,159,161,162,163,164,165
0208_00293	53,89,104,115,123,131,132,139,146,152,154,155,157,159,160,164
0208_00294	29,38,43,48,53,54,57,62,65,66,69,72,74,75,77,79,80,81,82,83,84,85,88,89,90,91,92,95,96,97,98,100,102,104,105,106,108,109,110,111,112,115,116,117,118,120,121,122,124,126,127,128,129,130,131,132,133,135,136,137,138,139,140,141,142,143,146,147,148,149,150,151,152,153,154,155,156,157,158,159,160,161,162,163,164,165
0208_00295	30,49,74,85,86,89,93,95,100,108,112,115,122,123,126,132,136,140,141,146,148,149,152,153,154,155,157,158,159,160,161,164
0208_00296	29,38,43,48,54,57,62,65,69,72,75,77,79,80,83,84,85,89,90,91,92,95,96,97,98,102,105,106,109,110,112,117,120,121,122,124,126,127,130,131,132,133,135,137,139,140,142,143,146,148,150,151,152,153,155,156,157,158,159,161,162,163,164,165
0208_00297	29,38,43,48,53,54,57,62,65,69,72,75,77,79,80,83,84,85,89,90,91,92,95,96,97,98,102,105,106,109,110,112,117,120,121,122,124,126,127,130,131,132,133,135,136,137,139,140,142,143,146,148,150,151,152,153,155,156,157,158,159,161,162,163,164,165
0208_00298	29,38,43,48,53,54,57,62,65,69,72,75,77,79,80,83,84,85,89,90,91,92,95,96,97,98,102,105,106,109,110,112,117,120,121,122,124,126,127,130,131,132,133,135,136,137,139,140,142,143,146,148,150,151,152,153,155,156,157,158,159,161,162,163,164,165
0208_00299	53,54,66,72,89,90,91,104,112,123,131,132,136,139,140,146,152,154,155,157,159,164
0208_00300	29,38,43,48,53,54,57,62,65,66,69,72,74,75,77,79,80,82,83,84,85,88,89,90,91,92,95,96,97,98,100,102,104,105,106,109,110,111,112,115,117,118,120,121,122,124,126,127,128,129,130,131,132,133,135,136,137,138,139,140,142,143,146,147,148,149,150,151,152,153,154,155,156,157,158,159,160,161,162,163,164,165
0208_00301	25,43,75,77,78,79,83,85,86,90,91,92,93,95,96,97,100,104,106,110,111,115,117,119,120,121,122,127,131,132,133,137,142,143,148,150,151,153,154,156,158,160,161,164,165
0208_00302	53,54,57,72,82,84,89,90,91,95,97,98,109,123,127,131,132,133,137,139,140,143,146,150,151,152,153,155,156,157,158,159,161,163,164,165
0208_00303	53,54,72,89,90,104,123,131,132,136,139,140,146,152,154,155,157,159,164
0208_00304	29,37,38,48,53,54,57,62,65,69,72,75,77,79,80,83,84,85,89,90,91,92,95,96,97,98,100,102,104,105,106,109,110,112,113,117,120,121,122,124,125,126,127,128,130,131,132,133,135,136,137,138,139,140,142,143,144,145,146,148,149,150,151,152,153,154,155,156,157,158,159,160,161,162,163,164,165
0208_00305	25,38,43,54,65,77,79,80,82,84,90,91,92,95,97,98,100,104,105,106,110,111,113,117,120,121,123,125,127,131,132,133,135,136,137,139,140,142,143,145,146,147,151,153,154,155,156,157,158,159,161,162,163,164,165
0208_00306	99,123,131,136,139,140,146,154,157,159,164
0208_00307	53,54,72,82,89,90,91,104,109,123,131,132,139,140,146,152,153,154,155,157,159,164
0208_00308	53,54,72,82,89,90,104,109,123,131,132,139,140,146,152,153,154,155,157,159,164
0208_00309	25,29,38,43,48,54,57,62,65,69,72,75,77,79,80,83,84,85,89,90,91,92,95,96,97,98,102,105,106,109,110,112,113,117,120,121,122,124,126,127,130,131,132,133,135,136,137,139,140,142,143,146,148,150,151,152,153,154,155,156,157,158,159,161,162,163,164,165
0208_00310	54,82,92,95,100,104,110,117,123,131,132,136,139,146,151,153,154,155,156,157,158,159,161,162,163,164,165
0208_00311	38,54,65,77,79,80,83,92,95,96,97,98,105,110,113,117,120,121,127,131,137,142,143,151,154,156,161,162,163,164,165
0208_00312	29,38,43,48,54,57,62,65,69,72,75,77,79,80,83,85,89,90,91,92,95,96,97,98,102,105,106,109,110,112,113,117,120,121,122,124,126,127,130,131,132,133,136,137,139,140,142,143,146,148,150,151,152,153,154,155,156,157,158,159,161,162,163,164,165
0208_00313	54,84,86,88,90,91,93,95,104,111,115,116,123,131,139,147,151,153,154,155,156,157,158,159,160,161,164
0208_00314	54,84,95,123,131,139,151,154,156,157,158,159,160,161,164
0208_00315	25,43,54,77,78,84,90,91,95,100,104,106,111,118,119,123,131,139,142,147,151,153,154,155,156,157,158,159,161,164
0208_00316	53,54,84,90,95,97,104,111,123,131,132,136,139,140,146,151,154,155,156,157,158,159,161,164
0208_00317	14,54,67,84,88,90,95,104,111,123,124,129,131,136,138,139,140,142,146,151,153,154,155,156,157,158,159,161,164
0208_00318	54,84,90,91,95,104,111,123,131,132,136,139,140,146,147,151,154,155,156,157,158,159,161,164
0208_00319	54,84,90,91,92,95,104,110,111,117,123,131,132,136,139,142,146,147,151,154,155,156,157,158,159,161,164
0208_00320	53,54,79,82,84,88,90,91,92,95,100,104,110,111,117,123,128,131,132,136,138,139,140,142,146,147,151,153,154,155,156,157,158,159,161,164
0208_00321	14,54,67,79,82,84,88,90,91,92,95,100,104,110,111,117,118,123,124,128,129,131,132,136,138,139,140,142,146,147,151,153,154,155,156,157,158,159,161,164
0208_00322	53,54,65,77,79,80,83,84,90,95,96,104,111,120,121,123,131,137,139,142,151,154,155,156,157,158,159,161,162,164,165
0208_00323	54,74,84,90,95,104,111,115,123,131,139,149,151,154,155,156,157,158,159,160,161,164
0208_00324	54,82,84,90,91,95,100,104,111,118,123,129,131,139,142,147,151,153,154,155,156,157,158,159,161,164
0208_00325	54,84,90,95,104,111,123,131,139,151,154,155,156,157,158,159,161,162,163,164,165
0208_00326	54,83,90,91,92,95,96,104,110,111,117,121,123,127,131,132,136,137,139,143,146,147,151,154,156,157,158,159,161,164,165
0208_00327	53,54,82,84,89,90,95,104,109,111,123,131,139,146,151,153,154,155,156,157,158,159,161,164
0208_00328	54,84,90,95,104,111,113,123,127,131,139,143,146,151,152,154,155,156,157,158,159,161,162,163,164,165
0208_00329	30,49,74,85,86,89,93,95,100,104,108,112,115,122,123,132,139,141,146,148,149,152,153,154,155,157,158,159,160,161,164
0208_00330	65,80,84,92,97,98,110,117,121,137,142,151,154,156,158,161,162,163,164,165
0208_00331	65,97,98,121,123,137,139,154,157,159,161,162,163,164,165
0208_00332	30,49,74,85,86,89,93,95,100,108,112,114,115,122,123,126,128,132,136,140,141,146,147,148,149,152,153,154,155,157,158,159,160,161,164
0208_00333	30,49,74,85,86,89,93,95,100,108,112,115,122,123,126,128,132,136,140,141,146,148,149,152,153,154,155,157,158,159,160,161,164
0208_00334	30,49,74,85,86,89,93,95,100,108,112,114,115,116,118,122,123,126,128,129,132,136,140,141,146,147,148,149,152,153,154,155,157,158,159,160,161,164
0208_00335	30,49,74,85,86,89,93,95,100,108,112,114,115,116,118,122,123,126,128,129,132,136,140,141,146,147,148,149,152,153,154,155,157,158,159,160,161,164
0208_00336	54,82,84,90,91,95,100,104,111,118,123,131,139,142,147,151,153,154,155,156,157,158,159,161,164
0208_00337	30,49,74,85,86,89,93,95,100,108,112,114,115,116,118,122,123,126,128,129,132,136,140,141,146,147,148,149,152,153,154,155,157,158,159,160,161,164
0208_00338	53,54,66,72,74,82,89,90,91,92,95,97,100,104,109,110,111,112,115,117,123,131,132,136,138,139,140,146,147,149,151,152,153,154,155,156,157,158,159,160,161,164
0208_00339	90,91,104,108,114,115,116,118,123,128,129,132,139,147,154,155,157,159,160,164
0208_00340	29,34,43,48,69,72,76,99,102,106,112,123,124,126,130,131,136,139,140,146,148,152,154,157,159,164
0208_00341	54,82,83,90,91,95,96,100,104,111,118,121,123,131,137,139,147,151,153,154,156,157,158,159,161,164,165
0208_00342	30,49,74,85,86,89,93,95,100,108,112,114,115,122,123,126,128,132,136,140,141,146,148,149,152,153,154,155,157,158,159,160,161,164
0208_00343	72,123,136,139,146,152,154,157,159,160,164
0208_00344	29,43,48,53,54,69,72,89,90,91,102,104,106,109,112,124,126,130,131,132,136,139,140,146,148,152,153,154,155,157,159,164
0208_00345	90,104,123,131,132,136,139,140,146,147,154,155,157,159,164
0208_00346	39,40,48,51,53,55,58,60,61,67,69,73,82,84,88,90,97,100,102,104,106,111,112,124,130,131,132,136,138,139,146,147,148,151,153,155,158,159,161,164
0208_00347	53,54,84,89,95,123,131,139,146,151,152,154,156,157,158,159,160,161,164
0208_00348	50,76,90,91,99,104,123,131,132,136,139,140,146,154,155,157,159,164
0208_00349	37,38,43,53,54,65,77,79,80,83,89,92,95,96,97,98,105,106,110,113,117,120,121,127,131,136,137,142,143,151,154,156,159,161,162,163,164,165
0208_00350	54,72,123,131,139,146,152,154,157,159,160,164
0208_00351	37,53,54,57,62,65,72,75,77,80,82,83,85,89,90,91,92,95,96,97,98,106,109,110,113,117,120,121,122,127,131,132,133,136,137,139,140,142,143,144,146,148,150,151,152,153,154,155,156,157,158,159,161,162,163,164,165
0208_00352	72,90,91,104,123,131,132,136,139,140,146,147,152,154,155,157,159,164
