id	bits.on
0046_00001	37,38,53,54,57,62,65,72,75,77,80,82,83,84,85,89,90,91,92,95,96,97,98,106,109,110,113,117,120,121,122,127,131,132,133,135,137,139,140,142,143,144,146,148,150,151,152,153,154,155,156,157,158,159,161,162,163,164,165
0046_00002	37,53,54,57,62,65,72,75,77,80,82,83,85,89,90,91,92,95,96,97,98,106,109,110,113,117,120,121,122,127,131,132,133,136,137,139,140,142,143,144,146,148,150,151,152,153,154,155,156,157,158,159,161,162,163,164,165
0046_00003	37,38,53,57,62,65,72,75,77,80,82,83,85,89,90,92,93,95,96,97,98,106,109,110,113,117,120,121,122,125,126,127,131,132,133,135,136,137,139,140,142,143,144,145,146,148,150,151,152,153,154,155,156,157,158,159,160,161,162,163,164,165
0046_00004	25,38,43,53,57,62,65,72,75,77,79,80,82,83,84,85,89,90,92,93,95,96,97,98,105,106,109,110,113,117,120,121,122,126,127,131,132,133,135,137,139,140,142,143,146,148,150,151,152,153,154,155,156,157,158,159,160,161,162,163,164,165
0046_00005	25,38,43,53,54,57,62,65,72,75,77,79,80,82,83,84,85,89,90,91,92,95,96,97,98,105,106,109,110,113,117,120,121,122,127,131,132,133,135,137,139,140,142,143,146,148,150,151,152,153,154,155,156,157,158,159,161,162,163,164,165
0046_00006	37,43,53,57,62,65,72,77,80,82,83,89,90,92,93,96,97,98,106,109,110,113,117,120,121,126,127,131,132,136,137,139,140,142,143,144,146,150,151,152,153,154,155,156,157,159,160,161,162,163,164,165
0046_00007	37,53,57,62,65,72,75,77,80,82,83,85,89,90,92,93,95,96,97,98,106,109,110,113,117,120,121,122,126,127,131,132,133,136,137,139,140,142,143,144,146,148,150,151,152,153,154,155,156,157,158,159,160,161,162,163,164,165
0046_00008	38,53,57,62,65,72,75,77,79,80,82,83,84,85,89,90,92,93,95,96,97,98,105,109,110,117,120,121,122,126,127,131,132,133,135,137,139,140,142,143,146,148,150,151,152,153,155,156,157,158,159,160,161,162,163,164,165
0046_00009	38,53,54,57,62,65,72,75,77,79,80,82,83,84,85,89,90,91,92,95,96,97,98,105,109,110,117,120,121,122,127,131,132,133,135,137,139,140,142,143,146,148,150,151,152,153,155,156,157,158,159,161,162,163,164,165
