id	bits.on
0009_00002	10,11,12,19,20,179,180,256,284,285,287,309,333,334,342,345,347,353,356,357,367,371,372,375,382,383,385,406,407,417,421,431,435,437,442,444,447,449,471,477,491,499,517,521,525,542,543,545,549,553,554,557,565,566,568,571,574,575,579,583,585,590,591,595,596,600,604,605,607,609,618,619,620,627,631,632,635,638,641,642,652,656,661,663,664,665,667,668,669,672,673,678,679,680,681,689,690,700,709,710,711,715,736,762,778,799,825
0009_00003	10,11,12,15,19,20,179,180,256,284,285,286,287,300,309,333,334,340,342,345,346,347,352,353,356,357,366,367,371,372,382,383,385,394,407,417,431,435,442,447,471,491,499,517,521,525,529,542,543,545,549,553,557,565,567,568,571,572,574,575,579,583,585,591,593,596,600,604,607,608,609,618,619,620,632,635,638,641,642,644,652,656,661,664,665,668,669,678,679,680,681,682,684,689,690,691,692,697,699,700,702,709,710,711,715,736,762,778,799,825
0009_00004	10,11,19,20,21,179,183,284,285,287,309,333,334,340,342,345,347,353,367,381,407,417,421,431,435,441,442,444,447,453,491,525,536,554,557,568,572,574,580,583,600,618,620,638,640,641,642,661,664,668,672,673,679,680,681,682,685,687,689,690,691,693,694,699,702,705,706
0009_00007	10,11,12,15,19,20,179,180,256,284,285,286,287,300,309,333,334,340,342,345,346,347,352,353,356,357,366,367,371,372,375,382,383,385,391,393,394,407,417,431,435,442,447,471,491,499,517,521,525,529,541,542,543,549,553,557,565,567,571,572,574,575,579,583,585,591,593,596,600,604,607,608,609,614,618,619,620,635,638,641,642,644,652,656,660,661,665,668,669,678,679,680,681,682,684,689,690,692,697,699,700,703,709,710,711,736,799
0009_00016	10,11,12,15,16,17,19,20,21,144,146,147,151,154,179,181,182,256,257,258,259,284,285,286,287,300,309,333,340,341,342,345,346,347,352,353,356,358,359,360,366,367,374,376,377,378,379,380,385,387,388,389,390,391,392,394,397,398,404,406,407,417,419,432,438,439,442,443,448,450,451,454,465,473,483,485,486,488,492,496,500,505,507,520,522,524,531,539,541,546,548,550,556,561,567,568,570,572,573,583,586,593,594,597,602,612,613,614,615,618,622,629,637,638,639,640,655,657,658,660,663,664,675,681,682,683,684,691,692,703
0009_00021	10,11,15,16,19,20,144,146,147,256,257,284,285,286,287,300,309,333,339,341,345,346,352,353,356,358,359,366,371,373,374,376,377,380,381,388,390,391,393,394,397,400,401,404,407,417,419,421,432,436,438,441,442,443,444,446,447,448,450,451,453,454,473,483,485,486,488,489,491,492,496,500,503,505,507,520,522,524,528,529,536,537,539,540,541,546,547,548,557,561,567,570,571,573,580,583,586,593,594,596,597,600,608,609,612,614,618,637,638,641,644,655,658,666,675,681,683,684,685,686,692,696,703
0009_00022	10,11,15,19,20,284,285,286,287,300,309,333,334,336,339,341,345,346,352,353,366,375,381,394,407,421,441,444,453,529,536,537,567,580,583,593,618,638,644,681,685,709,710
0009_00023	10,11,15,19,20,34,284,285,286,287,294,300,309,333,339,341,345,346,350,352,353,354,366,369,375,381,394,407,413,421,441,444,453,508,529,536,537,567,580,587,618,638,644
0009_00024	10,11,12,15,19,20,179,180,256,284,285,286,287,300,309,333,334,339,341,345,346,352,353,356,357,366,371,372,381,385,394,407,417,421,431,435,441,442,444,447,453,471,491,517,521,525,529,536,537,553,557,565,567,571,579,580,583,585,593,596,600,604,608,609,618,619,635,638,641,644,661,665,669,678,679,680,681,684,685,689,690,693,697,699,705,709,710,711
0009_00025	10,11,12,15,16,19,20,144,146,147,179,180,256,257,258,284,285,286,287,300,309,333,334,339,341,345,346,352,353,356,357,358,359,366,371,372,373,374,377,378,381,385,386,387,388,391,393,394,397,400,401,404,407,417,419,421,431,432,435,436,438,441,442,443,444,446,447,448,450,453,454,465,471,473,483,491,492,496,503,507,517,521,522,524,525,528,529,531,536,537,539,540,541,546,547,550,553,556,557,565,567,571,577,578,579,580,583,585,586,593,596,600,601,604,608,609,614,618,619,629,634,635,638,641,644,657,658,661,665,666,669,678,679,680,681,684,685,689,690,692,693,696,697,698,699,700,703,705,709,710,711,713,759,822
0009_00026	10,11,12,15,19,20,179,180,256,284,285,286,287,300,309,333,334,339,341,342,345,346,352,353,356,357,366,371,372,381,382,383,385,394,407,417,421,431,435,441,442,444,447,453,471,491,499,517,521,525,529,536,537,542,543,549,553,557,565,567,571,574,575,579,580,583,585,591,593,596,600,604,607,608,609,618,619,620,635,638,641,642,644,652,656,661,665,668,669,678,679,680,681,684,685,689,690,693,697,699,705,709,710,711,715,778
0009_00027	10,11,12,19,20,21,22,179,182,186,189,284,285,287,309,333,340,342,345,347,348,353,367,368,381,406,407,564,568,572,583,611,615,618,638,640,662,663,664,680,681,682,690,691,701,702
0009_00028	10,11,12,19,20,21,22,144,147,179,182,284,285,287,309,333,340,342,345,347,348,353,367,368,381,406,407,564,568,572,583,611,615,618,638,640,662,663,664,680,681,682,690,691,701,702
0009_00030	10,11,12,15,16,19,20,179,180,256,284,285,286,287,300,309,333,334,339,341,342,345,346,352,353,356,357,366,371,372,377,378,381,385,394,407,417,421,431,433,435,438,441,442,444,447,450,453,465,471,491,494,503,517,521,525,529,536,537,546,547,550,553,554,557,565,567,571,579,580,581,583,585,593,596,598,600,601,604,608,609,618,619,624,625,634,635,638,641,644,661,665,666,669,672,673,674,678,679,680,681,684,685,687,688,689,690,693,697,699,700,705,709,710,711,759,822
0009_00033	10,11,12,15,19,20,21,284,285,286,287,300,309,333,334,335,340,342,345,346,347,352,353,366,367,375,381,391,393,394,407,421,440,441,444,452,453,463,529,536,538,541,567,572,580,581,593,614,618,638,639,640,644,646,647,657,660,683,687,709,712
0009_00039	10,11,12,19,20,21,179,180,256,284,285,287,309,333,334,342,345,347,353,356,357,367,371,372,375,382,383,385,406,407,417,431,435,442,447,471,477,491,499,517,521,525,542,543,545,549,553,557,565,566,568,571,572,574,575,576,579,583,585,590,591,595,596,600,604,605,607,609,618,619,620,627,631,632,635,638,640,641,642,652,654,656,661,663,664,665,667,668,669,678,679,680,681,689,690,691,700,701,702,709,710,711,715,736,741,762,778,799,804,825
0009_00040	10,11,12,19,20,21,179,180,256,284,285,287,309,333,334,342,345,353,356,357,367,371,372,375,381,382,383,385,406,407,417,421,431,435,441,442,444,447,453,471,477,491,499,517,521,525,542,543,545,549,553,554,557,565,566,568,571,574,575,579,583,585,590,591,595,596,600,604,605,607,609,618,619,620,627,631,632,635,638,641,642,652,656,661,663,664,665,667,668,669,672,673,678,679,680,681,689,690,700,709,710,711,715,736,762,778,799,825
0009_00042	10,11,12,15,16,17,19,20,21,31,144,146,147,151,154,179,181,182,256,257,258,259,284,285,286,287,300,309,315,333,340,341,342,345,346,347,352,353,356,358,359,360,366,367,374,376,377,378,379,380,385,387,388,389,390,391,392,394,397,398,404,406,407,408,412,417,419,426,432,438,439,442,443,448,450,451,454,457,465,473,483,485,486,488,492,496,500,505,507,520,522,524,531,539,541,546,548,550,556,561,567,568,570,572,573,583,586,593,594,597,602,612,613,614,615,618,622,629,637,638,639,640,655,657,658,660,663,664,675,681,682,683,684,691,692,703
0009_00044	10,11,12,13,15,16,17,19,20,21,284,285,286,287,300,333,334,336,339,341,345,346,347,352,353,366,367,375,376,391,393,394,419,421,437,440,444,449,451,452,454,488,529,536,537,541,570,580,583,593,603,612,614,644,646,647,657,684,685,696,709,710
0009_00045	10,11,12,15,16,17,19,20,21,34,144,146,147,151,154,179,181,182,256,257,258,259,284,285,286,287,294,300,309,333,339,340,341,342,345,346,347,350,352,353,354,356,358,359,360,366,367,369,374,375,376,377,378,379,380,381,385,387,388,389,390,391,392,394,397,398,404,406,407,413,417,419,421,432,438,439,441,442,443,444,448,450,451,453,454,465,473,483,485,486,488,492,496,500,505,507,508,520,522,524,529,531,536,537,539,541,546,548,550,556,561,567,568,570,572,573,580,583,586,587,593,594,597,602,612,613,614,615,618,622,629,637,638,639,640,644,655,657,658,659,660,663,664,675,681,683,684
0009_00046	10,11,12,15,16,144,146,147,179,181,182,256,257,284,285,286,333,334,339,341,345,346,352,356,357,359,366,371,372,373,374,375,377,385,388,391,392,397,404,417,419,431,435,436,442,443,446,447,448,450,454,465,471,473,483,491,492,496,503,507,517,521,522,524,525,531,539,540,541,546,547,550,553,556,557,565,571,577,578,579,583,585,586,593,594,596,600,601,604,608,609,614,619,629,634,635,641,657,658,661,665,666,669,678,679,680,684,689,697,709,710,711
0009_00047	10,15,19,20,31,284,285,286,293,300,309,315,345,346,349,352,366,375,394,412,426,457,529,644
0009_00048	10,11,12,15,16,17,19,20,144,146,147,151,154,179,181,182,256,257,258,259,284,285,286,287,300,309,333,340,341,342,345,346,347,352,353,356,358,359,360,366,367,374,376,377,378,379,380,385,387,388,389,390,391,392,394,397,398,404,406,407,417,419,432,438,439,442,443,448,450,451,454,465,473,483,485,486,488,492,496,500,505,507,520,522,524,531,539,541,546,548,550,556,561,568,570,572,573,583,586,593,594,597,602,612,613,614,615,618,622,629,637,638,639,640,655,657,658,663,664,675,681,683,684,691,692,703
0009_00049	10,11,12,15,16,17,19,20,21,31,144,146,147,151,154,179,181,182,256,257,258,259,284,285,286,287,300,309,315,333,340,341,342,345,346,347,352,353,356,358,359,360,366,367,374,376,377,378,379,380,385,387,388,389,390,391,392,394,397,398,404,406,407,408,412,417,419,426,432,438,439,442,443,448,450,451,454,457,465,473,483,485,486,488,492,496,500,505,507,520,522,524,531,539,541,546,548,550,556,561,568,570,572,573,583,586,593,594,597,602,612,613,614,615,618,622,629,637,638,639,640,655,657,658,663,664,675,681,683,684,691,692,703
0009_00050	10,11,12,15,16,19,20,21,144,147,179,181,182,256,257,284,285,286,287,300,309,333,340,342,345,346,347,352,353,356,359,366,367,371,372,373,374,376,377,379,380,385,388,390,391,392,394,397,398,404,406,407,417,419,421,435,436,439,442,443,446,447,448,450,451,452,454,465,473,483,485,488,492,496,503,505,507,517,520,522,524,531,539,540,541,546,547,550,556,561,568,572,573,577,583,586,593,594,597,602,613,614,615,618,622,629,637,638,639,640,644,646,647,648,655,657,658,663,664,675,681,683,684,691,692,703
0009_00052	10,11,19,20,21,31,144,147,284,285,287,309,315,333,340,342,345,347,348,353,367,368,381,406,407,408,412,426,457,564,568,572,583,615,618,638,640,662,663,664,681,682,691
0009_00053	10,11,12,15,16,19,20,21,22,31,144,147,179,181,182,256,257,284,285,286,287,300,309,315,333,340,342,345,346,347,352,353,356,359,366,367,371,372,373,374,376,377,380,382,385,388,390,391,392,393,394,397,398,400,401,404,406,407,408,412,417,419,421,426,435,436,440,442,443,444,446,447,448,450,451,452,454,457,465,473,483,485,488,489,492,494,496,503,505,507,517,520,522,524,528,531,536,539,540,541,546,547,550,554,556,561,568,572,573,577,581,583,586,593,594,597,602,613,614,615,618,622,625,629,637,638,639,640,644,646,647,648,651,655,657,658,663,664,673,674,675,681,683,684,691,692,703
0009_00054	10,11,12,15,19,20,21,179,180,256,284,285,286,287,300,309,333,334,339,341,342,345,346,352,353,356,357,366,371,372,381,382,383,385,394,407,417,421,431,435,441,442,444,447,453,471,491,499,517,521,525,529,536,537,542,543,545,549,553,557,565,567,568,571,574,575,579,580,583,585,591,593,596,600,604,607,608,609,618,619,620,632,635,638,641,642,644,652,656,661,664,665,668,669,678,679,680,681,684,685,689,690,692,693,697,699,700,704,705,709,710,711,715,736,762,778,799,825
0009_00055	10,11,12,19,20,21,179,180,256,284,285,287,309,333,334,342,345,353,356,357,367,371,372,375,381,382,383,385,406,407,417,421,431,435,441,442,444,447,453,471,477,491,499,517,521,525,542,543,545,549,553,554,557,565,566,568,571,574,575,576,579,583,585,590,591,595,596,600,604,605,607,609,618,619,620,627,631,632,635,638,640,641,642,652,654,656,661,663,664,665,667,668,669,672,673,678,679,680,681,689,690,691,700,701,702,709,710,711,715,736,741,762,778,799,804,825
0009_00057	10,11,12,13,15,16,17,19,20,21,22,31,32,34,144,146,147,151,154,179,181,182,256,257,258,259,284,285,286,287,294,300,309,315,333,334,335,340,341,342,345,346,347,350,352,353,354,356,358,359,360,366,367,369,374,375,376,377,378,379,380,385,387,388,389,390,391,392,393,394,397,398,404,406,407,408,412,414,417,419,421,426,432,438,439,440,442,443,444,448,450,451,452,454,457,463,465,473,483,485,486,488,492,496,500,505,507,520,522,524,529,531,536,538,539,541,546,548,550,556,561,567,568,570,572,573,580,581,583,586,593,594,597,602,612,613,614,615,618,622,629,637,638,639,640,644,646,647,655,657,658,660,663,664,675,681,682,683,684,687,691,692,703,709,712
0009_00061	10,11,12,15,16,17,19,20,21,284,285,286,287,300,309,333,339,341,345,346,352,353,366,376,381,391,393,394,407,419,421,441,444,451,453,454,488,520,529,536,537,541,561,567,580,581,583,593,597,603,614,618,638,639,644,655,660,681,682,684,685,687,688,692,696
0009_00065	10,11,12,15,16,19,20,21,144,147,179,181,182,256,257,284,285,286,287,300,309,333,340,342,345,346,347,352,353,356,359,366,367,371,372,373,374,376,377,379,380,385,388,390,391,392,394,397,398,404,406,407,417,419,421,435,436,439,442,443,446,447,448,450,451,452,454,465,473,483,485,488,492,496,503,505,507,517,520,522,524,531,539,540,541,546,547,550,556,561,567,568,572,573,577,583,586,593,594,597,602,613,614,615,618,622,629,637,638,639,640,644,646,647,648,655,657,658,660,663,664,675,681,682,683,684,691,692,703
0009_00066	10,11,12,15,16,19,20,21,31,144,147,179,181,182,186,189,256,257,284,285,286,287,300,309,315,333,340,342,345,346,347,352,353,356,359,366,367,371,372,373,374,376,377,379,380,385,388,390,391,392,394,397,398,404,406,407,408,412,417,419,421,426,435,436,439,442,443,446,447,448,450,451,452,454,457,465,473,483,485,488,492,496,503,505,507,517,520,522,524,531,539,540,541,546,547,550,556,561,567,568,572,573,577,583,586,593,594,597,602,613,614,615,618,622,629,637,638,639,640,644,646,647,648,655,657,658,660,663,664,675,681,682,683,684,691,692,703
0009_00067	10,11,12,15,16,17,19,20,21,22,31,32,144,147,179,181,182,256,257,284,285,286,287,300,309,315,333,340,342,345,346,347,352,353,356,359,366,367,371,372,373,374,375,376,377,379,380,385,388,390,391,392,394,397,398,404,406,407,408,412,417,419,421,426,435,436,439,442,443,446,447,448,450,451,452,454,457,465,473,483,485,488,492,496,503,505,507,517,520,522,524,531,539,540,541,546,547,550,556,561,567,568,572,573,577,583,586,593,594,597,602,613,614,615,618,622,629,637,638,639,640,644,646,647,648,655,657,658,660,663,664,675,681,682,683,684,691,692,703
0009_00069	10,11,15,19,20,21,179,182,284,285,286,287,300,309,333,339,340,341,342,345,346,347,348,352,353,366,367,368,381,394,406,407,529,564,567,568,572,583,593,615,616,618,638,639,640,644,662,663,664,680,681,682,683,684,690,691,692,702,704
0009_00075	10,11,12,19,20,34,35,144,147,284,285,287,294,309,333,345,350,353,354,369,381,407,421,441,444,453,536,580,583,618,638,680,681,685,689,690,693,697,699,705
0009_00082	10,11,12,13,15,16,17,19,20,21,22,34,35,284,285,286,287,294,300,309,333,339,341,345,346,350,352,353,354,366,369,381,391,393,394,407,421,440,441,444,452,453,529,536,537,541,567,570,580,583,593,603,612,614,618,638,644,646,647,657,660,681,684,685,686,692,694,695,696,703
0009_00085	10,11,12,15,16,17,19,20,21,144,146,147,151,154,179,181,182,256,257,258,259,284,285,286,287,300,309,333,340,341,342,345,346,347,352,353,356,358,359,360,366,367,374,376,377,378,379,380,382,385,387,388,389,390,391,392,393,394,397,398,400,401,404,406,407,417,419,421,432,438,439,440,442,443,444,448,450,451,452,454,465,473,483,485,486,488,489,492,494,495,496,500,505,507,520,522,524,528,531,536,537,539,541,546,548,550,554,556,561,567,568,570,572,573,581,583,586,593,594,597,602,603,612,613,614,615,618,622,625,629,637,638,639,640,648,655,657,658,660,663,664,674,675,681,682,683,684,691,692,703
0009_00086	10,11,12,13,15,16,17,19,20,21,22,23,31,32,144,146,147,151,154,179,181,182,186,189,256,257,258,259,284,285,286,287,300,309,315,333,340,341,342,345,346,347,348,352,353,356,358,359,360,366,367,368,374,376,377,378,379,380,381,382,385,387,388,389,390,391,392,393,394,397,398,400,401,404,406,407,408,412,417,419,421,426,432,438,439,440,442,443,444,448,450,451,452,454,457,465,473,483,485,486,488,489,492,494,495,496,500,505,507,520,522,524,528,531,536,537,539,541,546,548,550,554,556,561,564,567,568,570,572,573,581,583,586,593,594,597,602,603,612,613,614,615,618,622,625,629,637,638,639,640,648,655,657,658,660,662,663,664,674,675,680,681,682,683,684,690,691,692,702,703
0009_00089	10,11,12,15,16,17,19,20,21,22,31,144,146,147,151,154,179,181,182,256,257,258,259,284,285,286,287,300,309,315,333,340,341,342,345,346,347,352,353,356,358,359,360,366,367,374,376,377,378,379,380,382,385,387,388,389,390,391,392,393,394,397,398,400,401,404,406,407,408,412,417,419,421,426,432,438,439,440,442,443,444,448,450,451,452,454,457,465,473,483,485,486,488,489,492,494,495,496,500,505,507,520,522,524,528,529,531,536,537,539,541,546,548,550,554,556,561,567,568,570,572,573,581,583,586,593,594,597,602,603,612,613,614,615,618,622,625,629,637,638,639,640,647,648,655,657,658,660,663,664,674,675,681,682,683,684,691,692,703
0009_00091	10,11,19,20,21,284,285,287,309,333,340,342,345,347,353,367,381,407,421,441,444,453,463,536,538,568,572,580,582,618,638,640,643,664,682,687,688
0009_00092	10,15,19,20,284,285,286,287,300,309,333,339,341,345,346,352,353,366,375,381,394,407,421,441,444,453,529,536,537,567,618,644
0009_00093	10,11,19,20,21,144,150,284,285,287,309,333,340,342,345,347,353,367,381,406,407,417,421,441,442,444,453,463,491,499,525,538,554,557,568,572,574,595,615,618,620,638,640,641,642,661,663,664,667,672,679,682
0009_00094	10,11,15,16,19,20,284,285,286,287,300,309,333,339,341,345,346,352,353,366,381,394,407,421,440,441,444,452,453,529,536,537,567,580,581,593,594,618,638,644,683,686,687,688
0009_00095	10,11,15,19,20,284,285,286,287,309,333,340,342,345,346,347,352,353,366,367,375,381,391,392,407,421,441,444,453,536,541,567,572,580,582,593,614,618,638,640,643,660,683,686
0009_00096	10,11,15,16,19,20,284,285,286,287,300,309,333,339,341,345,346,352,353,366,381,394,407,421,440,441,444,452,453,529,536,537,567,580,583,593,618,638,644,681,684,685,686,692,694,695,696
0009_00097	10,11,12,15,16,19,20,21,34,284,285,286,287,294,300,309,333,339,341,345,346,350,352,353,354,366,369,381,391,393,394,407,414,421,440,441,444,452,453,529,536,537,541,567,570,580,583,593,603,612,614,618,638,644,646,647,657,660,681,684,685,686,692,694,695,696,703
0009_00098	10,11,15,16,19,144,146,147,256,257,284,285,286,287,300,309,333,339,341,345,346,347,352,353,356,358,359,366,367,371,373,374,376,377,380,388,390,391,393,394,397,400,401,404,407,417,419,432,436,438,442,443,446,447,448,450,451,454,473,483,485,486,488,489,491,492,496,500,503,505,507,520,522,524,528,529,539,540,541,546,547,548,557,561,567,570,571,572,573,583,586,593,594,596,597,600,608,609,612,614,618,637,638,641,644,655,658,666,675,681,683,684,692,703
0009_00100	10,11,15,19,20,284,285,286,287,300,309,333,334,336,339,341,345,346,352,353,366,375,381,394,407,421,441,444,453,529,536,537,567,580,583,593,618,638,644,681,685,709,711
0009_00101	10,11,15,19,20,21,34,284,285,286,287,294,300,309,333,339,341,345,346,350,352,353,354,366,369,375,381,394,407,413,415,421,441,444,453,458,460,466,508,529,536,537,567,580,587,618,638,644
0009_00102	10,11,15,19,20,284,285,286,287,300,309,333,339,341,345,346,352,353,366,375,381,394,407,421,441,444,453,529,536,537,567,580,583,593,618,638,644,680,681,684,685,690,693
0009_00103	10,11,15,19,20,284,285,286,287,300,309,333,339,341,345,346,352,353,366,375,381,394,407,421,441,444,453,529,536,537,567,580,583,593,618,638,644,681,685
0009_00104	10,11,15,16,19,20,284,285,286,287,300,309,333,339,341,345,346,352,353,366,381,394,407,421,441,444,453,529,536,537,567,580,583,593,618,638,644,681,684,685,692,696
0009_00105	10,11,15,19,20,144,146,147,284,285,286,287,300,309,333,339,341,345,346,352,353,366,381,391,393,394,407,421,441,444,453,529,536,537,541,567,580,583,593,603,614,618,638,644,657,660,681,684,685,692,696
0009_00106	10,11,15,19,20,144,146,147,284,285,286,287,300,309,333,339,341,345,346,352,353,366,381,391,393,394,407,421,440,441,444,452,453,529,536,537,541,567,580,583,593,603,614,618,638,644,646,647,657,660,681,684,685,686,692,694,695,696
0009_00107	10,15,19,20,284,285,286,287,300,309,333,339,341,345,346,347,352,353,366,367,381,394,407,421,441,444,453,529,536,537,567,572,582,618,640,643,644
0009_00108	10,11,15,19,20,284,285,286,287,300,309,333,339,340,341,342,345,346,347,352,353,366,367,375,381,394,407,421,441,444,453,529,536,537,567,572,580,582,618,638,640,643,644
0009_00109	10,11,15,19,20,284,285,286,287,300,309,333,334,336,339,341,345,346,352,353,366,375,381,394,407,421,441,444,453,529,536,537,567,580,618,638,644,709
0009_00110	10,11,12,13,19,20,21,22,23,179,182,186,189,193,196,284,285,287,309,333,340,342,345,347,348,353,367,368,381,406,407,564,568,572,583,611,615,618,638,640,662,663,664,680,681,682,690,691,701,702
0009_00115	10,11,15,19,20,284,285,286,287,300,309,333,339,341,345,346,352,353,366,375,381,391,393,394,407,421,441,444,453,529,536,537,541,567,603,618,644,660
0009_00116	10,11,12,19,20,179,180,256,284,285,287,309,333,334,342,345,353,356,357,371,372,381,382,383,385,407,417,421,431,435,441,442,444,447,453,471,491,499,517,521,525,542,543,549,553,554,557,565,571,574,575,579,583,585,591,596,600,604,607,609,618,619,620,635,638,641,642,652,656,661,665,668,669,672,673,678,679,680,681,689,690,699,709,710,711,757,820
0009_00121	10,15,19,284,285,286,287,300,309,333,340,342,345,346,347,352,353,366,367,375,394,407,529,567,572,644
0009_00122	10,19,20,21,31,284,285,287,309,315,333,340,342,345,347,353,367,407,408,412,426,457,568,572,618,640,664
0009_00124	10,11,15,19,20,21,34,284,285,286,287,294,300,309,333,339,341,345,346,350,352,353,354,366,369,381,394,407,413,421,441,444,453,508,529,536,537,567,587,618,644,659
0009_00132	10,11,12,15,16,19,20,21,144,147,179,181,182,256,257,284,285,286,287,300,309,333,334,340,342,345,346,347,352,353,356,357,359,366,367,371,373,374,375,376,377,380,382,385,388,390,391,392,393,394,397,398,400,401,404,406,407,417,419,421,431,436,440,442,443,444,446,447,448,450,451,452,454,465,473,483,485,488,489,492,494,496,505,507,520,522,524,528,531,536,539,541,546,550,554,556,561,568,572,573,577,581,583,586,593,594,597,600,602,613,614,615,618,622,625,629,637,638,639,640,646,647,648,651,655,657,658,663,664,673,674,675,681,683,684,691,692,703
0009_00133	10,11,15,19,20,144,146,147,284,285,286,287,300,309,333,339,340,341,342,345,346,347,352,353,366,367,381,391,393,394,407,421,441,444,453,529,536,537,541,567,572,580,583,593,603,614,618,638,639,644,657,660,681,682,684,685,687,692,696
0009_00134	10,11,12,15,16,17,19,20,21,144,146,147,151,154,179,181,182,256,257,258,259,284,285,286,287,300,309,333,334,340,341,342,345,346,347,352,353,356,358,359,360,366,367,374,375,376,377,378,379,380,385,387,388,389,390,391,392,393,394,397,398,404,406,407,417,419,431,432,435,438,439,442,443,447,448,450,451,454,465,473,483,485,486,488,492,496,500,505,507,520,522,524,525,529,531,539,541,546,548,550,556,561,567,568,570,572,573,574,583,586,593,594,597,600,602,612,613,614,615,618,620,622,629,637,638,639,640,644,655,657,658,660,663,664,668,675,681,682,683,684,691,692,703
0009_00136	10,11,12,15,16,19,20,21,144,147,179,181,182,256,257,284,285,286,287,300,309,333,340,342,345,346,347,352,353,356,359,366,367,371,372,373,374,376,377,380,382,385,388,390,391,392,393,394,397,398,400,401,404,406,407,417,419,421,435,436,440,442,443,444,446,447,448,450,451,452,454,465,473,483,485,488,489,492,494,496,503,505,507,517,520,522,524,528,531,536,539,540,541,546,547,550,554,556,561,567,568,572,573,577,581,583,586,593,594,597,602,613,614,615,618,622,625,629,637,638,639,640,644,646,647,648,651,655,657,658,660,663,664,673,674,675,681,682,683,684,691,692,703
0009_00137	10,11,12,15,16,19,20,21,22,31,144,147,179,181,182,256,257,284,285,286,287,300,309,315,333,340,342,345,346,347,352,353,356,359,366,367,371,372,373,374,376,377,380,382,385,388,390,391,392,393,394,397,398,400,401,404,406,407,408,412,417,419,421,426,435,436,440,442,443,444,446,447,448,450,451,452,454,457,465,473,483,485,488,489,492,494,496,503,505,507,517,520,522,524,528,531,536,539,540,541,546,547,550,554,556,561,567,568,572,573,577,581,583,586,593,594,597,602,613,614,615,618,622,625,629,637,638,639,640,644,646,647,648,651,655,657,658,660,663,664,673,674,675,681,682,683,684,691,692,703
0009_00138	10,11,12,15,16,17,19,20,21,22,31,144,146,147,151,154,179,181,182,256,257,258,259,284,285,286,287,300,309,315,333,340,341,342,345,346,347,352,353,356,358,359,360,366,367,374,376,377,378,379,380,382,385,387,388,389,390,391,392,393,394,397,398,400,401,404,406,407,408,412,417,419,421,426,432,438,439,440,442,443,444,448,450,451,452,454,457,465,473,483,485,486,488,489,492,494,495,496,500,505,507,520,522,524,528,531,536,537,539,541,546,548,550,554,556,561,567,568,570,572,573,581,583,586,593,594,597,602,603,612,613,614,615,618,622,625,629,637,638,639,640,646,648,651,655,657,658,660,663,664,674,675,681,682,683,684,691,692,703
0009_00139	10,11,19,20,21,22,31,179,182,284,285,287,309,315,333,340,342,345,347,348,353,367,368,381,406,407,408,412,426,457,564,568,572,583,615,618,638,640,662,663,664,680,681,682,690,691,702
0009_00140	10,11,15,19,20,284,285,286,287,300,309,333,334,337,341,345,347,352,353,367,375,381,394,407,421,441,444,453,536,537,567,572,582,618,640,643,644
0009_00142	10,11,12,15,16,19,20,21,22,31,144,147,179,181,182,256,257,284,285,286,287,300,309,315,333,334,340,342,345,346,347,352,353,356,357,359,366,367,371,372,373,374,377,385,388,391,392,394,397,398,404,406,407,408,412,417,419,421,426,431,435,436,440,442,443,444,446,447,448,450,452,454,457,465,471,473,483,491,492,494,496,503,507,517,521,522,524,525,531,536,539,540,541,546,547,550,553,554,556,557,565,567,568,571,572,577,578,579,580,581,583,585,586,593,594,596,598,600,601,604,608,609,613,614,615,618,619,624,625,629,634,635,638,639,640,641,657,658,660,661,663,664,665,666,669,672,673,674,678,679,681,682,683,684,685,691,692,696,703,709,710
0009_00148	10,11,12,19,20,21,179,180,185,186,187,193,256,258,284,285,287,309,333,334,340,342,345,347,353,356,357,367,371,372,382,383,385,406,407,417,421,431,433,435,442,444,447,471,477,491,494,499,517,521,525,536,542,543,545,549,553,554,557,565,566,568,571,574,575,576,579,580,582,583,585,590,591,595,596,598,600,604,605,607,609,615,618,619,620,621,624,626,627,632,633,635,638,640,641,642,643,652,654,656,661,664,665,667,668,669,672,678,679,680,681,682,685,689,690,691,693,694,697,698,699,700,701,702,705,706,709,710,711,715,736,741,757,762,778,799,804,820,825
0009_00151	10,11,12,13,19,20,21,22,179,180,182,186,187,189,193,196,200,207,256,257,258,260,284,285,287,309,333,334,340,342,345,347,348,353,356,357,367,368,371,372,381,382,383,385,386,406,407,410,417,421,431,433,435,442,444,447,463,471,477,491,494,499,517,521,525,536,538,542,543,545,549,553,554,557,564,565,566,568,571,572,574,575,576,579,580,582,583,585,590,591,595,596,598,600,604,605,606,607,609,611,615,618,619,620,621,624,626,627,631,633,635,638,640,641,642,643,652,654,656,661,662,663,664,665,667,668,669,672,673,678,679,680,681,682,685,687,689,690,691,693,694,697,698,699,701,702,705,706,709,710,711,715,741,757,778,804,820
0009_00152	10,11,12,15,19,20,21,22,34,35,179,182,284,285,286,287,294,302,309,333,340,342,345,347,350,352,353,354,367,369,396,406,407,409,413,417,419,435,442,443,447,459,460,491,508,517,539,540,557,568,572,583,587,600,615,618,638,640,659,663,664,680,681,682,690,691,702
0009_00153	10,11,12,13,19,20,21,22,179,180,182,185,186,187,193,200,256,258,284,285,287,309,333,334,340,342,345,347,348,353,356,357,367,368,371,372,381,382,383,385,406,407,417,421,431,433,435,442,444,447,471,477,491,494,499,517,521,525,536,542,543,545,549,553,554,557,564,565,566,568,571,572,574,575,576,579,580,582,583,585,590,591,595,596,598,600,604,605,607,609,611,615,618,619,620,621,624,626,627,632,633,635,638,640,641,642,643,652,654,656,661,662,663,664,665,667,668,669,672,678,679,680,681,682,685,689,690,691,693,694,697,698,699,700,701,702,705,706,709,710,711,715,736,741,757,762,778,799,804,820,825
0009_00154	10,11,12,13,19,20,21,22,179,180,182,186,187,189,193,200,256,257,258,260,284,285,287,309,333,334,340,342,345,347,348,353,356,357,367,368,371,372,375,381,382,383,385,386,406,407,410,417,421,431,433,435,442,444,447,463,471,477,491,494,499,517,521,525,536,538,542,543,545,549,553,554,557,564,565,566,568,571,572,574,575,576,579,580,582,583,585,589,590,591,595,596,598,600,604,605,606,607,609,611,615,618,619,620,621,624,626,627,631,632,633,635,638,640,641,642,643,652,654,656,661,662,663,664,665,667,668,669,672,673,678,679,680,681,682,685,687,689,690,691,693,694,697,698,699,700,701,702,705,706,709,710,711,715,736,741,757,762,778,799,804,820,825
0009_00155	10,11,12,13,19,20,21,22,179,180,182,186,187,189,193,196,200,207,256,257,258,260,284,285,287,309,333,334,340,342,345,347,348,353,356,357,367,368,371,372,375,381,382,383,385,386,406,407,410,417,421,431,433,435,442,444,447,463,471,477,491,494,499,517,521,525,536,538,542,543,545,549,553,554,557,564,565,566,568,571,572,574,575,576,579,580,582,583,585,589,590,591,595,596,598,600,604,605,606,607,609,611,615,618,619,620,621,624,626,627,631,633,635,638,640,641,642,643,652,654,656,661,662,663,664,665,667,668,669,672,673,678,679,680,681,682,685,687,689,690,691,693,694,697,698,699,701,702,705,706,709,710,711,715,741,757,778,804,820
0009_00156	10,11,12,13,19,20,21,22,179,180,182,186,187,189,193,200,256,257,258,260,284,285,287,309,333,334,340,342,345,347,348,353,356,357,367,368,371,372,381,382,383,385,386,406,407,410,417,421,431,433,435,442,444,447,471,477,491,494,499,517,521,525,536,542,543,545,549,553,554,557,564,565,566,568,571,572,574,575,576,579,580,582,583,585,589,590,591,595,596,598,600,604,605,607,609,611,615,618,619,620,621,624,626,627,632,633,635,638,640,641,642,643,652,654,656,661,662,663,664,665,667,668,669,672,673,678,679,680,681,682,685,687,689,690,691,693,694,697,698,699,700,701,702,705,706,709,710,711,715,736,741,757,762,778,799,804,820,825
0009_00157	10,11,12,13,19,20,21,22,179,180,182,186,187,189,193,200,256,257,258,260,284,285,287,309,333,334,340,342,345,347,348,353,356,357,367,368,371,372,381,382,383,385,386,406,407,410,417,421,431,433,435,442,444,447,463,471,477,491,494,499,517,521,525,536,538,542,543,545,549,553,554,557,564,565,566,568,571,572,574,575,576,579,580,582,583,585,590,591,595,596,598,600,604,605,606,607,609,611,615,618,619,620,621,624,626,627,631,633,635,638,640,641,642,643,652,654,656,661,662,663,664,665,667,668,669,672,673,678,679,680,681,682,685,687,689,690,691,693,694,697,698,699,701,702,705,706,709,710,711,715,741,757,778,804,820
0009_00158	10,11,12,13,19,20,21,22,179,180,182,186,187,189,193,200,256,257,258,260,284,285,287,309,333,334,340,342,345,347,348,353,356,357,367,368,371,372,381,382,383,385,386,406,407,410,417,421,431,433,435,442,444,447,463,471,477,491,494,499,517,521,525,536,538,542,543,545,549,553,554,557,564,565,566,568,571,572,574,575,576,579,580,582,583,585,589,590,591,595,596,598,600,604,605,606,607,609,611,615,618,619,620,621,624,626,627,631,632,633,635,638,640,641,642,643,652,654,656,661,662,663,664,665,667,668,669,672,673,678,679,680,681,682,685,687,689,690,691,693,694,697,698,699,700,701,702,705,706,709,710,711,715,736,741,757,762,778,799,804,820,825
0009_00159	10,11,12,13,19,20,21,22,179,180,182,186,187,189,193,200,256,257,258,260,284,285,287,309,333,334,340,342,345,347,348,353,356,357,367,368,371,372,375,381,382,383,385,386,406,407,410,417,421,431,433,435,441,442,444,447,453,463,471,477,491,494,499,517,521,525,536,538,542,543,545,549,553,554,557,564,565,566,568,571,572,574,575,576,579,580,582,583,585,589,590,591,595,596,598,600,604,605,606,607,609,611,615,618,619,620,621,624,626,627,631,632,633,635,638,640,641,642,643,652,654,656,661,662,663,664,665,667,668,669,672,673,678,679,680,681,682,685,687,689,690,691,693,694,697,698,699,700,701,702,705,706,709,710,711,715,736,741,757,762,778,799,804,820,825
0009_00160	10,11,12,13,19,20,21,22,179,180,182,186,187,189,193,200,256,257,258,260,284,285,287,309,333,334,340,342,345,347,348,353,356,357,367,368,371,372,375,381,382,383,385,386,406,407,410,417,421,431,433,435,442,444,447,463,471,477,491,494,499,517,521,525,536,538,542,543,545,549,553,554,557,564,565,566,568,571,572,574,575,576,579,580,582,583,585,589,590,591,595,596,598,600,604,605,606,607,609,611,615,618,619,620,621,624,626,627,631,632,633,635,638,640,641,642,643,652,654,656,661,662,663,664,665,667,668,669,672,673,678,679,680,681,682,685,687,689,690,691,693,694,697,698,699,700,701,702,705,706,709,710,711,715,736,741,757,762,778,799,804,820,825
0009_00161	10,11,12,13,19,20,21,22,179,180,182,186,187,189,193,200,256,257,258,260,284,285,287,309,333,334,340,342,345,347,348,353,356,357,367,368,371,372,381,382,383,385,386,406,407,410,417,421,431,433,435,437,442,444,447,449,471,477,491,494,499,517,521,525,536,542,543,549,553,554,557,564,565,566,568,571,572,574,575,576,579,580,582,583,585,589,590,591,595,596,598,600,604,605,607,609,611,615,618,619,620,621,624,626,627,633,635,638,640,641,642,643,652,654,656,661,662,663,664,665,667,668,669,672,673,678,679,680,681,682,685,689,690,691,693,694,697,698,699,700,701,702,705,706,709,710,711,713,715,741,757,778,804,820
0009_00162	10,11,12,13,14,19,20,21,22,23,179,180,182,183,186,187,189,193,194,200,201,207,284,285,287,309,333,334,335,336,340,342,345,347,348,353,367,368,375,381,406,407,417,421,431,433,435,441,442,444,447,453,463,491,525,536,538,554,557,564,568,572,580,582,583,600,606,611,615,618,638,640,641,643,661,662,663,664,672,679,680,681,682,685,687,689,690,691,693,694,697,698,699,700,701,702,705,706,709,710,711,712,713,777,778,798,799,819,820
0009_00163	10,11,12,13,15,19,20,179,180,256,284,285,286,287,300,309,333,334,336,342,345,346,352,353,356,357,366,367,371,372,375,382,383,385,391,393,394,406,407,417,421,431,435,440,442,444,447,452,465,471,477,491,499,517,521,525,529,536,541,542,543,545,549,550,553,557,565,566,568,571,574,575,579,580,583,585,590,591,593,595,596,600,604,605,607,608,609,614,618,619,620,627,629,631,632,634,635,638,641,642,644,646,647,652,656,657,661,663,664,665,667,668,669,678,679,680,681,683,684,685,689,690,692,693,700,703,709,710,711,715,736,762,778,799,825
0009_00165	10,11,12,19,20,21,179,180,256,284,285,287,309,333,334,342,345,353,356,357,371,372,381,382,383,385,407,417,421,431,435,441,442,444,447,453,471,491,499,517,521,525,542,543,545,549,553,554,557,565,568,571,574,575,579,583,585,591,596,600,604,607,609,618,619,620,632,635,638,641,642,652,656,661,664,665,668,669,672,673,678,679,680,681,689,690,700,709,710,711,715,736,762,778,799,825
0009_00166	10,11,12,19,20,179,180,256,284,285,287,309,333,334,345,353,356,357,371,372,381,385,407,417,421,431,435,441,442,444,447,453,471,491,517,521,525,553,554,557,565,571,574,579,583,585,596,600,604,609,619,620,635,641,661,665,668,669,672,673,678,679,680,689,709,710,711
0009_00167	10,11,12,19,20,179,180,256,284,285,287,309,333,334,342,345,353,356,357,371,372,381,382,383,385,407,417,421,431,435,441,442,444,447,453,471,491,499,517,521,525,542,543,549,553,554,557,565,571,574,575,579,583,585,591,596,600,604,607,609,618,619,620,635,638,641,642,652,656,661,665,668,669,672,673,678,679,680,681,689,690,709,710,711,715,778
0009_00168	10,11,12,19,20,21,179,180,185,186,187,193,256,258,284,285,287,309,333,334,340,342,345,347,353,356,357,367,371,372,382,383,385,406,407,417,431,435,442,447,471,477,491,499,517,521,525,542,543,545,549,553,557,565,566,568,571,572,574,575,576,579,583,585,590,591,595,596,600,604,605,607,609,615,618,619,620,621,627,632,633,635,638,640,641,642,652,654,656,661,663,664,665,667,668,669,678,679,680,681,682,689,690,691,697,698,699,700,701,702,709,710,711,715,736,741,757,762,778,799,804,820,825
0009_00169	10,11,12,19,20,21,179,180,185,186,187,193,256,258,284,285,287,309,333,334,340,342,345,347,353,356,357,367,371,372,382,383,385,406,407,417,431,435,442,447,471,477,491,499,517,521,525,542,543,545,549,553,557,565,566,568,571,572,574,575,576,579,583,585,590,591,595,596,600,604,605,607,609,615,618,619,620,621,627,632,633,635,638,640,641,642,652,654,656,661,663,664,665,667,668,669,678,679,680,681,682,689,690,691,697,698,699,700,701,702,709,710,711,715,736,741,757,762,778,799,804,820,825
0009_00170	10,11,12,19,20,21,179,180,185,186,187,193,256,258,284,285,287,309,333,334,340,342,345,347,353,356,357,367,371,372,382,383,385,406,407,417,431,435,442,447,471,477,491,499,517,521,525,542,543,545,549,553,557,565,566,568,571,572,574,575,576,579,583,585,590,591,595,596,600,604,605,607,609,615,618,619,620,621,627,632,633,635,638,640,641,642,652,654,656,661,663,664,665,667,668,669,678,679,680,681,682,689,690,691,697,698,699,700,701,702,709,710,711,715,736,741,757,762,778,799,804,820,825
0009_00172	10,11,12,15,16,144,146,147,179,180,256,284,285,286,300,333,339,341,345,346,352,356,366,371,372,377,378,385,391,393,394,417,435,438,442,447,450,465,471,491,496,503,517,521,525,529,541,546,547,550,553,557,565,570,571,579,583,585,586,593,596,600,601,604,608,609,612,614,619,629,634,635,641,644,657,658,661,665,666,669,678,679,680,684
0009_00174	10,11,15,16,19,20,144,146,147,256,257,284,285,286,287,300,309,333,341,345,346,352,353,356,358,359,366,371,373,374,376,377,380,381,388,390,391,393,394,397,400,401,404,407,417,419,421,432,435,436,438,441,442,443,444,446,447,448,450,451,453,454,465,471,473,483,485,486,488,489,491,492,496,500,503,505,507,517,520,521,522,524,525,528,529,539,540,541,546,547,548,554,556,557,561,565,570,573,574,585,586,597,600,612,614,620,637,644,655,658,661,665,668,672,673,675,678,679
0009_00175	10,11,12,15,19,20,21,22,179,182,284,285,286,287,300,309,333,339,340,341,342,345,346,347,352,353,366,367,375,381,391,393,394,406,407,421,440,441,444,452,453,463,529,536,538,541,564,567,568,572,580,583,593,606,614,615,616,618,638,639,640,644,646,647,657,660,662,663,664,680,681,682,683,684,685,687,689,690,691,692,693,696,697,699,702,703,704,705,708
0009_00176	10,11,12,15,19,20,21,179,182,284,285,286,287,300,309,333,339,340,341,342,345,346,347,348,352,353,366,367,368,375,381,391,393,394,406,407,421,440,444,452,529,541,564,567,568,572,583,593,614,615,616,618,638,639,640,644,646,647,657,660,662,663,664,680,681,682,683,684,690,691,692,702,703,704
0009_00177	10,11,15,19,20,21,284,285,286,287,300,309,333,339,341,345,346,347,352,353,366,367,375,381,394,406,407,421,441,444,453,529,536,537,567,582,615,616,618,640,643,644
0009_00184	10,11,19,20,21,179,182,284,285,287,309,333,340,342,345,347,348,353,367,368,375,381,406,407,564,568,572,583,615,618,638,640,662,663,664,680,681,682,690,691,702
0009_00185	10,11,12,19,20,21,22,179,182,186,189,284,285,287,309,333,340,342,345,347,348,353,367,368,381,406,407,564,568,572,583,611,615,618,638,640,662,663,664,680,681,682,690,691,701,702
0009_00186	10,11,12,19,20,21,22,179,182,186,189,284,285,287,309,333,340,342,345,347,348,353,367,368,381,406,407,564,568,572,583,611,615,618,638,640,662,663,664,680,681,682,690,691,701,702
0009_00187	10,11,12,19,20,21,22,144,147,179,182,284,285,287,309,333,340,342,345,347,348,353,367,368,381,406,407,564,568,572,583,611,615,618,638,640,662,663,664,680,681,682,690,691,701,702
0009_00188	10,11,19,20,21,284,285,287,309,333,340,342,345,347,353,367,407,568,572,583,618,638,640,664,681,682,691
0009_00189	10,11,12,19,20,21,22,179,182,186,189,284,285,287,309,333,340,342,345,347,348,353,367,368,381,406,407,564,568,572,583,611,615,618,638,640,662,663,664,681,682,691,701
0009_00192	10,11,12,19,20,144,145,284,285,287,309,333,334,336,342,345,353,375,381,407,417,421,433,435,441,442,444,447,453,491,517,525,536,557,580,583,600,618,638,641,661,679,680,681,685,689,690,693,694,695,697,699,705,707,709,710,711,713,861
0009_00193	10,11,19,20,21,284,285,287,309,333,340,342,345,347,353,367,381,407,421,441,444,453,463,536,538,568,572,580,582,583,618,638,640,643,664,680,681,682,685,687,690,691,693,694,702,706
0009_00194	10,11,12,15,16,19,20,21,22,23,31,32,144,147,179,181,182,186,189,256,257,284,285,286,287,300,309,315,333,340,342,345,346,347,348,352,353,356,359,366,367,368,371,372,373,374,376,377,380,381,382,385,388,390,391,392,393,394,397,398,400,401,404,406,407,408,412,417,419,421,426,435,436,440,442,443,444,446,447,448,450,451,452,454,457,465,473,483,485,488,489,492,494,496,503,505,507,517,520,522,524,528,531,536,539,540,541,546,547,550,554,556,561,564,567,568,572,573,577,581,583,586,593,594,597,602,613,614,615,618,622,625,629,637,638,639,640,644,646,647,648,651,655,657,658,660,662,663,664,673,674,675,681,682,683,684,691,692,703
0009_00195	10,11,15,19,20,34,284,285,286,287,294,300,309,333,339,341,345,346,350,352,353,354,366,369,375,381,394,407,413,421,441,444,453,508,529,536,580,581,583,587,618,638,639,644,681,685
0009_00196	10,11,15,19,20,144,146,147,284,285,286,287,300,309,333,339,341,345,346,352,353,366,381,391,393,394,407,421,441,444,453,529,536,541,580,581,583,593,614,618,638,639,644,657,680,681,684,685,690,693
0009_00197	10,11,15,19,20,284,285,286,287,300,309,333,339,341,345,346,347,352,353,366,367,381,394,407,421,441,444,453,529,536,567,572,580,581,618,638,639,644,682,687
0009_00198	10,11,15,19,20,284,285,286,287,300,309,333,334,336,339,341,345,346,352,353,366,375,381,394,407,421,441,444,453,529,536,580,581,583,618,638,639,644,681,685,709,710
0009_00199	10,11,15,19,20,284,285,286,287,300,309,333,339,340,341,342,345,346,347,352,353,366,367,375,381,394,407,421,441,444,453,529,536,567,572,580,581,583,618,638,639,644,681,682,685,687
0009_00201	10,11,15,19,20,284,285,286,287,300,309,333,339,341,345,346,347,352,353,366,367,381,394,407,421,441,444,453,529,536,537,567,572,580,618,638,639,644,682,687
0009_00202	10,11,19,20,21,179,180,284,285,287,309,333,334,338,340,342,345,347,353,367,381,407,421,441,444,453,463,536,538,568,572,580,583,618,638,640,664,680,681,682,685,687,689,690,691,693,694,699,700,702,705,706,709,710,711,778,783,799,804,825
0009_00206	10,11,15,16,17,19,20,284,285,286,287,300,309,333,339,341,345,346,352,353,366,376,381,391,394,407,419,421,441,444,451,453,454,488,529,536,537,567,580,583,593,618,638,644,681,684,685,692,696
0009_00209	10,11,12,15,16,17,19,20,21,22,31,144,146,147,151,154,256,257,284,285,286,287,300,309,315,333,340,341,342,345,346,347,352,353,356,358,359,366,367,374,376,377,379,380,388,390,391,392,394,397,398,404,406,407,408,412,417,419,421,426,432,438,439,440,442,443,444,448,450,451,452,454,457,465,473,483,485,486,488,492,494,495,496,500,505,507,520,522,524,536,537,539,541,546,548,550,554,561,567,568,570,572,573,581,583,586,593,594,597,603,612,613,614,615,618,625,637,638,639,640,655,657,658,660,663,664,674,675,681,682,683,684,691,692,703
0009_00210	10,11,15,16,19,20,284,285,286,287,300,309,333,339,341,345,346,352,353,366,375,381,391,393,394,407,421,440,441,444,452,453,529,536,537,541,567,570,603,612,614,618,644,646,647,657,660
0009_00213	10,11,12,15,16,19,20,21,22,31,144,147,179,181,182,256,257,284,285,286,287,300,309,315,333,340,342,345,346,347,352,353,356,359,366,367,371,372,373,374,376,377,379,380,385,388,390,391,392,394,397,398,404,406,407,408,412,417,419,421,426,435,436,439,442,443,446,447,448,450,451,452,454,457,465,473,483,485,488,492,496,503,505,507,517,520,522,524,531,539,540,541,546,547,550,556,561,567,568,572,573,577,583,586,593,594,597,602,613,614,615,618,622,629,637,638,639,640,644,646,647,648,655,657,658,660,663,664,675,681,682,683,684,691,692,703
0009_00214	10,11,12,15,16,17,19,20,34,144,146,147,151,154,179,181,182,256,257,258,259,284,285,286,287,294,300,309,333,340,341,342,345,346,347,350,352,353,354,356,358,359,360,366,367,369,374,375,376,377,378,379,380,385,387,388,389,390,391,392,394,397,398,404,406,407,413,417,419,432,438,439,442,443,448,450,451,454,465,473,483,485,486,488,492,496,500,505,507,508,520,522,524,531,539,541,546,548,550,556,561,567,568,570,572,573,583,586,587,593,594,597,602,612,613,614,615,618,622,629,637,638,639,640,655,657,658,660,663,664,675,681,683,684
0009_00215	10,11,12,15,16,17,19,144,146,147,179,181,182,256,257,258,259,284,285,286,287,300,309,333,334,336,341,345,346,347,352,353,356,358,359,360,366,367,374,375,376,377,378,379,380,385,387,388,389,390,391,393,394,397,400,401,404,407,417,419,432,438,439,442,443,448,450,451,454,465,473,483,485,486,488,489,492,496,500,505,507,520,522,524,528,529,531,539,541,546,548,550,556,561,570,572,573,586,593,594,597,602,612,614,618,622,629,637,638,644,655,657,658,675,683,709
0009_00216	10,11,12,15,19,20,21,31,284,285,286,287,309,315,333,340,342,345,346,347,352,353,366,367,375,391,392,407,408,412,426,457,541,567,568,572,618,640,660,664
0009_00217	10,11,19,20,21,284,285,287,309,333,334,336,338,342,345,353,375,381,407,421,441,444,453,463,536,538,568,580,582,583,618,638,640,643,664,681,682,685,687,688,709,710,711,713
0009_00218	10,11,12,15,16,19,20,21,22,34,284,285,286,287,294,300,309,333,339,340,341,342,345,346,347,350,352,353,354,366,367,369,375,381,391,393,394,407,413,421,440,441,444,452,453,463,508,529,536,537,538,541,567,570,572,580,583,587,593,603,612,614,618,638,644,646,647,657,659,660,681,684,685,686,692,694,695,696,703
0009_00219	10,11,12,13,15,19,20,21,179,180,184,185,186,187,191,192,193,200,256,258,284,285,286,287,309,333,334,339,341,342,345,346,352,353,356,357,366,367,371,372,375,382,383,385,391,392,406,407,417,431,435,442,447,465,471,477,491,499,517,521,525,541,542,543,545,549,550,553,557,565,566,568,571,574,575,579,583,585,590,591,593,595,596,600,604,605,607,608,609,614,618,619,620,627,629,631,632,634,635,638,639,641,642,652,656,657,661,663,664,665,667,668,669,678,679,680,681,683,684,689,690,692,697,698,699,700,703,704,709,710,711,713,715,736,756,757,762,778,799,819,820,825
0009_00220	10,11,12,19,20,21,179,180,185,186,187,193,256,258,284,285,287,309,333,334,340,342,345,347,353,356,357,367,371,372,382,383,385,406,407,417,421,431,433,435,442,444,447,463,471,477,491,494,499,517,521,525,536,538,542,543,545,549,553,554,557,565,566,568,571,572,574,575,576,579,580,582,583,585,590,591,595,596,598,600,604,605,607,609,615,618,619,620,621,624,626,627,632,633,635,638,640,641,642,643,652,654,656,661,663,664,665,667,668,669,672,678,679,680,681,682,685,689,690,691,693,694,697,698,699,700,701,702,705,706,709,710,711,715,736,741,757,762,778,799,804,820,825
0009_00221	10,11,12,15,16,17,19,144,146,147,179,181,182,256,257,258,259,284,285,286,287,300,309,333,334,341,345,346,347,352,353,356,358,359,360,366,367,374,375,376,377,378,379,380,385,387,388,389,390,391,393,394,397,400,401,404,407,417,419,431,432,435,438,439,442,443,447,448,450,451,454,465,473,483,485,486,488,489,492,496,500,505,507,520,522,524,525,528,529,531,539,541,546,548,550,556,561,570,572,573,574,586,594,597,600,602,612,614,618,620,622,629,637,644,655,657,658,668,675
0009_00222	10,11,12,19,20,144,145,284,285,287,333,334,336,342,345,353,367,375,381,406,417,421,433,435,441,442,444,447,453,491,517,525,536,557,580,583,600,638,641,661,679,680,681,685,689,690,693,694,695,697,699,705,707,709,710,711,713,861
0009_00224	10,11,12,15,16,19,20,21,22,31,144,147,179,181,182,256,257,284,285,286,287,300,309,315,333,340,342,345,346,347,352,353,356,359,366,367,371,372,373,374,376,377,379,380,385,388,390,391,392,394,397,398,404,406,407,408,412,417,419,421,426,435,436,439,442,443,446,447,448,450,451,452,454,457,465,473,483,485,488,492,496,503,505,507,517,520,522,524,531,539,540,541,546,547,550,556,561,567,568,572,573,577,583,586,593,594,597,602,613,614,615,618,622,629,637,638,639,640,644,646,647,648,655,657,658,660,663,664,675,681,682,683,684,691,692,703
0009_00226	10,11,12,15,16,17,19,20,21,22,31,144,146,147,151,154,179,181,182,256,257,258,259,284,285,286,287,300,309,315,333,340,341,342,345,346,347,352,353,356,358,359,360,366,367,374,376,377,378,379,380,382,385,387,388,389,390,391,392,393,394,397,398,400,401,404,406,407,408,412,417,419,421,426,432,438,439,440,442,443,444,448,450,451,452,454,457,465,473,483,485,486,488,489,492,494,495,496,500,505,507,520,522,524,528,531,536,537,539,541,546,548,550,554,556,561,567,568,570,572,573,581,583,586,593,594,597,602,603,612,613,614,615,618,622,625,629,637,638,639,640,648,655,657,658,660,663,664,674,675,681,682,683,684,691,692,703
0009_00227	10,11,15,16,19,20,284,285,286,287,300,309,333,339,341,345,346,352,353,366,381,394,407,421,441,444,453,529,536,537,567,580,583,593,618,638,644,680,681,684,685,690,693
0009_00228	10,11,12,15,16,19,20,21,22,23,31,32,144,147,179,181,182,186,189,256,257,284,285,286,287,300,309,315,333,340,342,345,346,347,348,352,353,356,359,366,367,368,371,372,373,374,376,377,380,381,382,385,388,390,391,392,393,394,397,398,400,401,404,406,407,408,412,417,419,421,426,435,436,440,442,443,444,446,447,448,450,451,452,454,457,465,473,483,485,488,489,492,494,496,503,505,507,517,520,522,524,528,531,536,539,540,541,546,547,550,554,556,561,564,567,568,572,573,577,581,583,586,593,594,597,602,613,614,615,618,622,625,629,637,638,639,640,644,646,647,648,651,655,657,658,660,662,663,664,673,674,675,680,681,682,683,684,690,691,692,702,703
0009_00229	10,11,12,15,16,17,19,144,146,147,179,181,182,256,257,258,259,284,285,286,287,300,309,333,334,341,345,346,347,352,353,356,358,359,360,366,367,374,375,376,377,378,379,380,385,387,388,389,390,391,393,394,397,400,401,404,407,417,419,431,432,435,438,439,442,443,447,448,450,451,454,465,473,483,485,486,488,489,492,496,500,505,507,520,522,524,525,528,529,531,539,541,546,548,550,556,561,570,572,573,574,586,594,597,600,602,612,614,618,620,622,629,637,644,655,657,658,668,675
0009_00230	10,15,19,20,34,284,285,286,287,294,300,309,333,339,341,345,346,350,352,353,354,366,369,381,394,407,414,421,441,444,453,529,536,537,567,618,644
0009_00232	10,11,12,15,16,19,20,21,34,284,285,286,287,294,300,309,333,339,341,345,346,350,352,353,354,366,369,381,391,393,394,407,414,421,440,441,444,452,453,529,536,537,541,567,580,583,593,603,614,618,638,644,646,647,657,660,681,684,685,686,692,694,695,696,703
0009_00234	10,11,12,19,20,179,180,256,284,285,287,309,333,334,342,345,353,356,357,367,371,372,375,381,382,383,385,406,407,417,421,431,435,441,442,444,447,453,471,477,491,499,517,521,525,542,543,549,553,554,557,565,566,571,574,575,579,583,585,590,595,596,600,604,605,607,609,619,620,627,635,638,641,642,652,656,661,665,667,668,669,672,673,678,679,680,681,689,690,699,709,710,711,757,820
0009_00235	10,11,12,19,20,21,179,180,256,284,285,287,309,333,334,342,345,353,356,357,367,371,372,375,381,382,383,385,406,407,417,421,431,435,441,442,444,447,453,471,477,491,499,517,521,525,542,543,545,549,553,554,557,565,566,568,571,574,575,579,583,585,590,595,596,600,604,605,607,609,619,620,627,631,635,638,641,642,652,656,661,663,665,667,668,669,672,673,678,679,680,681,689,690,700,709,710,711,715,736,762,778,799,825
0009_00238	10,11,12,19,20,179,180,256,284,285,287,309,333,334,342,345,353,356,357,367,371,372,375,381,382,383,385,406,407,417,421,431,435,441,442,444,447,453,471,477,491,499,517,521,525,542,543,549,553,554,557,565,566,571,574,575,579,583,585,590,595,596,600,604,605,607,609,619,620,627,635,638,641,642,652,656,661,665,667,668,669,672,673,678,679,680,681,689,690,700,709,710,711,736,799
0009_00239	10,11,12,19,20,179,180,256,284,285,287,309,333,334,342,345,353,356,357,367,371,372,375,381,382,383,385,406,407,417,421,431,435,441,442,444,447,453,471,477,491,499,517,521,525,542,543,549,553,554,557,565,566,571,574,575,579,583,585,590,595,596,600,604,605,607,609,619,620,627,635,638,641,642,652,656,661,665,667,668,669,672,673,678,679,680,681,689,690,709,710,711,715,778
0009_00241	10,11,19,20,21,284,285,287,309,333,334,338,342,345,353,375,381,407,421,441,444,453,463,536,538,568,580,582,618,638,640,643,664,682,687,688,709
0009_00242	10,11,19,20,21,179,180,284,285,287,309,333,340,342,345,347,353,367,375,406,407,568,572,583,618,638,640,663,664,680,681,682,690,691,701,702,783,804,825
0009_00244	10,11,12,13,19,20,21,22,23,144,147,179,182,186,189,284,285,287,309,333,340,342,345,347,348,353,367,368,381,406,407,564,568,572,583,611,615,618,638,640,662,663,664,680,681,682,690,691,701,702
0009_00248	10,11,15,19,20,284,285,286,287,300,309,333,334,336,339,341,345,346,352,353,366,375,381,394,407,421,441,444,453,529,536,580,581,583,593,618,638,639,644,680,681,685,690,693,709,710,711
0009_00249	10,11,12,15,19,20,179,180,256,284,285,286,287,300,309,333,334,339,341,345,346,352,353,356,357,366,371,372,381,385,394,407,417,421,431,435,441,442,444,447,453,471,491,517,521,525,529,536,553,557,565,571,579,580,581,583,585,593,596,600,604,608,609,618,619,635,638,639,641,644,661,665,669,678,679,680,681,684,685,689,690,693,697,699,700,705,709,710,711
0009_00250	10,11,12,13,15,19,20,21,31,284,285,286,287,309,315,333,340,342,345,346,347,352,353,366,367,375,381,391,392,406,407,408,412,421,426,441,444,453,457,536,541,567,568,572,580,583,615,638,640,660,663,664,680,681,685,689,690,693,697,699,705
0009_00251	10,11,12,13,15,19,20,21,31,284,285,286,287,309,315,333,340,342,345,346,347,352,353,366,367,375,381,391,392,406,407,408,412,421,426,441,444,453,457,536,541,567,568,572,580,583,615,638,640,660,663,664,680,681,685,689,690,693,697,699,705
0009_00252	10,11,12,13,15,19,20,284,285,286,287,300,309,333,339,340,341,342,345,346,347,352,353,366,367,375,391,393,394,407,421,440,444,452,529,536,541,567,572,580,583,593,614,618,638,640,644,646,647,657,660,680,681,684,685,689,690,693,697,699,705
0009_00253	10,11,12,13,15,19,20,284,285,286,287,300,309,333,339,340,341,342,345,346,347,352,353,366,367,375,394,407,529,567,572,583,593,618,638,640,644,680,681,684,689,690,697,699
0009_00254	10,11,12,13,15,19,20,21,179,182,284,285,286,287,300,309,333,339,340,341,342,345,346,347,348,352,353,366,367,368,375,381,394,406,407,417,435,442,447,491,517,525,529,557,564,567,568,572,574,583,600,611,615,616,618,620,638,640,641,644,661,662,663,664,668,679,680,681,682,689,690,691,697,701,702
0009_00255	10,11,12,13,19,20,21,22,23,179,180,182,186,187,189,193,196,200,207,256,257,258,260,284,285,287,309,333,334,340,342,345,347,348,353,356,357,367,368,371,372,381,382,383,385,386,406,407,410,417,421,431,433,435,442,444,447,463,471,477,491,494,499,517,521,525,536,538,542,543,545,549,553,554,557,564,565,566,568,571,572,574,575,576,579,580,582,583,585,590,591,595,596,598,600,604,605,606,607,609,611,615,618,619,620,621,624,626,627,631,632,633,635,638,640,641,642,643,652,654,656,661,662,663,664,665,667,668,669,672,673,678,679,680,681,682,685,687,689,690,691,693,694,697,698,699,700,701,702,705,706,709,710,711,715,736,741,757,762,778,799,804,820,825
0009_00256	10,11,12,13,19,20,21,22,179,180,182,186,187,189,193,200,256,257,258,260,284,285,287,309,333,334,340,342,345,347,348,353,356,357,367,368,371,372,381,382,383,385,386,406,407,410,417,421,431,433,435,442,444,447,463,471,477,491,494,499,517,521,525,536,538,542,543,545,549,553,554,557,564,565,566,568,571,572,574,575,576,579,580,582,583,585,590,591,595,596,598,600,604,605,606,607,609,611,615,618,619,620,621,624,626,627,631,632,633,635,638,640,641,642,643,652,654,656,661,662,663,664,665,667,668,669,672,673,678,679,680,681,682,685,687,689,690,691,693,694,697,698,699,700,701,702,705,706,709,710,711,715,736,741,757,762,778,799,804,820,825
0009_00257	10,11,12,13,19,20,21,22,179,180,182,186,187,189,193,200,256,257,258,260,284,285,287,309,333,334,340,342,345,347,348,353,356,357,367,368,371,372,381,382,383,385,386,406,407,410,417,421,431,433,435,442,444,447,463,471,477,491,494,499,517,521,525,536,538,542,543,545,549,553,554,557,564,565,566,568,571,572,574,575,576,579,580,582,583,585,590,591,595,596,598,600,604,605,606,607,609,611,615,618,619,620,621,624,626,627,631,632,633,635,638,640,641,642,643,652,654,656,661,662,663,664,665,667,668,669,672,673,678,679,680,681,682,685,687,689,690,691,693,694,697,698,699,700,701,702,705,706,709,710,711,715,736,741,757,762,778,799,804,820,825
0009_00260	10,11,12,13,19,20,21,22,179,180,182,186,187,189,193,200,256,257,258,260,284,285,287,309,333,334,340,342,345,347,348,353,356,357,367,368,371,372,375,381,382,383,385,386,406,407,410,417,421,431,433,435,442,444,447,463,471,477,491,494,499,521,525,536,538,542,543,545,549,553,554,557,564,565,566,568,571,572,574,575,576,579,580,582,583,585,590,591,595,596,598,600,604,605,606,607,609,611,615,618,619,620,621,624,626,627,631,632,633,635,638,640,641,642,643,652,654,656,661,662,663,664,665,667,668,669,672,673,678,679,680,681,682,685,687,689,690,691,693,694,697,698,699,700,701,702,705,706,709,710,711,715,736,741,757,762,778,799,804,820,825
0009_00261	10,11,12,13,19,20,21,22,179,180,182,186,187,189,193,200,256,257,258,260,284,285,287,309,333,334,340,342,345,347,348,353,356,357,367,368,371,372,375,381,382,383,385,386,406,407,410,417,421,431,433,435,442,444,447,463,471,477,491,494,499,517,521,525,536,538,542,543,545,549,553,554,557,564,565,566,568,571,572,574,575,576,579,580,582,583,585,590,591,595,596,598,600,604,605,606,607,609,611,615,618,619,620,621,624,626,627,631,632,633,635,638,640,641,642,643,652,654,656,661,662,663,664,665,667,668,669,672,673,678,679,680,681,682,685,687,689,690,691,693,694,697,698,699,700,701,702,705,706,709,710,711,715,736,741,757,762,778,799,804,820,825
0009_00264	10,11,12,13,19,20,21,22,179,180,182,185,186,187,189,193,200,207,256,258,284,285,287,309,333,334,340,342,345,347,348,353,356,357,367,368,371,372,375,381,382,383,385,406,407,417,421,431,433,435,442,444,447,471,477,491,494,499,517,521,525,536,542,543,545,549,553,554,557,564,565,566,568,571,572,574,575,576,579,580,582,583,585,590,591,595,596,598,600,604,605,607,609,611,615,618,619,620,621,624,626,627,631,632,633,635,638,640,641,642,643,652,654,656,661,662,663,664,665,667,668,669,672,678,679,680,681,682,685,689,690,691,693,694,697,698,699,700,701,702,705,706,709,710,711,715,736,741,757,762,778,799,804,820,825
0009_00265	10,11,12,13,19,20,21,22,179,180,182,186,187,189,193,196,200,207,256,257,258,260,284,285,287,309,333,334,340,342,345,347,348,353,356,357,367,368,371,372,375,381,382,383,385,386,406,407,410,417,421,431,433,435,442,444,447,463,471,477,491,494,499,517,521,525,536,538,542,543,545,549,553,554,557,564,565,566,568,571,572,574,575,576,579,580,582,583,585,589,590,591,595,596,598,600,604,605,607,609,611,615,618,619,620,621,624,626,627,631,632,633,635,638,640,641,642,643,652,654,656,661,662,663,664,665,667,668,669,672,673,678,679,680,681,682,685,687,689,690,691,693,694,697,698,699,701,702,705,706,709,710,711,715,741,757,778,804,820
0009_00266	10,11,12,13,19,20,21,22,179,180,182,186,187,189,193,196,200,207,256,257,258,260,284,285,287,309,333,334,340,342,345,347,348,353,356,357,367,368,371,372,375,381,382,383,385,386,406,407,410,417,421,431,433,435,442,444,447,471,477,491,494,499,517,521,525,536,542,543,549,553,554,557,564,565,566,568,571,572,574,575,576,579,580,582,583,585,589,590,591,595,596,598,600,604,605,607,609,611,615,618,619,620,621,624,626,627,633,635,638,640,641,642,643,652,654,656,661,662,663,664,665,667,668,669,672,673,678,679,680,681,682,685,689,690,691,693,694,697,698,699,701,702,705,706,709,710,711,715,741,757,778,804,820
0009_00267	10,11,12,13,19,20,21,22,23,179,180,182,186,187,189,193,196,200,207,256,257,258,260,284,285,287,309,333,334,340,342,345,347,348,353,356,357,367,368,371,372,381,382,383,385,386,406,407,410,417,421,431,433,435,442,444,447,471,477,491,494,499,517,521,525,536,542,543,545,549,553,554,557,564,565,566,568,571,572,574,575,576,579,580,582,583,585,589,590,591,595,596,598,600,604,605,607,609,611,615,618,619,620,621,624,626,627,631,632,633,635,638,640,641,642,643,652,654,656,661,662,663,664,665,667,668,669,672,673,678,679,680,681,682,685,687,689,690,691,693,694,697,698,699,700,701,702,705,706,709,710,711,715,736,741,757,762,778,799,804,820,825
0009_00268	10,11,12,19,20,21,179,180,185,186,187,193,256,258,284,285,287,309,333,334,340,342,345,347,353,356,357,367,371,372,382,383,385,406,407,417,421,431,433,435,442,444,447,471,477,491,494,499,517,521,525,536,542,543,549,553,554,557,565,566,571,574,575,576,579,580,582,583,585,590,591,595,596,598,600,604,605,607,609,615,618,619,620,621,624,626,627,633,635,638,640,641,642,643,652,654,656,661,665,667,668,669,672,678,679,680,681,685,689,690,691,693,694,697,698,699,701,702,705,706,709,710,711,715,741,757,778,804,820
0009_00269	10,11,12,13,19,20,21,22,179,180,182,186,187,189,193,200,256,257,258,260,284,285,287,309,333,334,340,342,345,347,348,353,356,357,367,368,371,372,375,381,382,383,385,386,406,407,410,417,421,431,433,435,437,442,444,447,449,471,477,491,494,499,517,521,525,536,542,543,549,553,554,557,564,565,566,568,571,572,574,575,576,579,580,582,583,585,589,590,595,596,598,600,604,605,607,609,611,615,618,619,620,621,624,626,627,633,635,638,640,641,642,643,652,654,656,661,662,663,664,665,667,669,672,673,678,679,680,681,682,685,689,690,691,693,694,697,698,699,700,701,702,705,706,709,710,711,713,715,741,757,778,804,820
0009_00270	10,11,12,13,19,20,21,22,179,180,182,186,187,189,193,200,256,257,258,260,284,285,287,309,333,334,340,342,345,347,353,356,357,367,371,372,382,383,385,386,406,407,410,417,421,431,433,435,442,444,447,471,477,491,494,499,517,521,525,536,542,543,545,549,553,554,557,565,566,568,571,572,574,575,576,579,580,582,583,585,589,590,591,595,596,598,600,604,605,607,609,615,618,619,620,621,624,626,627,632,633,635,638,640,641,642,643,652,654,656,661,663,664,665,667,668,669,672,673,678,679,680,681,682,685,687,689,690,691,693,694,697,698,699,700,701,702,705,706,709,710,711,715,735,736,741,757,762,778,798,799,804,820,825
0009_00271	10,11,12,13,19,20,21,22,179,180,182,186,187,193,256,258,284,285,287,309,333,334,340,342,345,347,348,353,356,357,367,368,371,372,381,382,383,385,406,407,417,421,431,433,435,442,444,447,471,477,491,494,499,517,521,525,536,542,543,549,553,554,557,564,565,566,568,571,572,574,575,576,579,580,582,583,585,590,591,595,596,598,600,604,605,607,609,611,615,618,619,620,621,624,626,627,633,635,638,640,641,642,643,652,654,656,661,662,663,664,665,667,668,669,672,678,679,680,681,682,685,689,690,691,693,694,697,698,699,701,702,705,706,709,710,711,715,741,757,778,804,820
0009_00272	10,11,12,13,19,20,21,22,179,180,182,185,186,187,189,193,200,207,256,258,284,285,287,309,333,334,340,342,345,347,348,353,356,357,367,368,371,372,375,381,382,383,385,406,407,417,421,431,433,435,442,444,447,471,477,491,494,499,517,521,525,536,542,543,549,553,554,557,564,565,566,568,571,572,574,575,576,579,580,582,583,585,590,591,595,596,598,600,604,605,607,609,611,615,618,619,620,621,624,626,627,633,635,638,640,641,642,643,652,654,656,661,662,663,664,665,667,668,669,672,678,679,680,681,682,685,689,690,691,693,694,697,698,699,701,702,705,706,709,710,711,715,741,757,778,804,820
0009_00273	10,11,12,13,19,20,21,22,179,180,182,186,187,189,193,200,256,257,258,260,284,285,287,309,333,334,340,342,345,347,348,353,356,357,367,368,371,372,375,381,382,383,385,386,406,407,410,417,421,431,433,435,437,442,444,447,449,471,477,491,494,499,517,521,525,536,542,543,549,553,554,557,564,565,566,568,571,572,574,575,576,579,580,582,583,585,589,590,591,595,596,598,600,604,605,607,609,611,615,618,619,620,621,624,626,627,633,635,638,640,641,642,643,652,654,656,661,662,663,664,665,667,668,669,672,673,678,679,680,681,682,685,689,690,691,693,694,697,698,699,700,701,702,705,706,709,710,711,713,715,741,757,778,804,820
0009_00274	10,11,12,13,19,20,21,22,179,180,182,186,187,189,193,200,256,257,258,260,284,285,287,309,333,334,340,342,345,347,348,353,356,357,367,368,371,372,375,381,382,383,385,386,406,407,410,417,421,431,433,435,442,444,447,463,471,477,491,494,499,521,525,536,538,542,543,545,549,553,554,557,564,565,566,568,571,572,574,575,576,579,580,582,583,585,589,590,591,595,596,598,600,604,605,606,607,609,611,615,618,619,620,621,624,626,627,631,632,633,635,638,640,641,642,643,652,654,656,661,662,663,664,665,667,668,669,672,673,678,679,680,681,682,685,687,689,690,691,693,694,697,698,699,700,701,702,705,706,709,710,711,715,736,741,757,762,778,799,804,820,825
0009_00275	10,11,12,13,19,20,21,22,179,180,182,186,187,189,193,194,200,207,256,257,258,260,262,284,285,287,309,333,334,340,342,345,347,348,353,356,357,367,368,371,372,381,382,383,385,386,406,407,410,417,421,431,433,435,441,442,444,447,453,463,471,477,491,494,499,517,521,525,536,538,542,543,545,549,553,554,557,564,565,566,568,571,572,574,575,576,579,580,582,583,585,589,590,591,595,596,598,600,604,605,606,607,609,611,615,618,619,620,621,624,626,627,631,633,635,638,640,641,642,643,652,654,656,661,662,663,664,665,667,668,669,672,673,678,679,680,681,682,685,687,689,690,691,693,694,697,698,699,701,702,705,706,709,710,711,715,741,757,778,804,820
0009_00276	10,11,12,13,15,19,20,144,145,147,151,179,180,181,182,183,186,187,193,200,284,285,286,287,300,309,333,334,335,336,340,341,342,345,346,347,352,353,366,367,375,391,393,394,406,407,417,431,435,442,447,491,525,529,541,557,560,572,583,593,600,613,614,615,618,638,641,642,644,657,661,679,680,681,683,684,689,690,692,697,698,699,700,709,710,711,712,713,777,778,798,819,840,841,861,862
0009_00277	10,11,12,13,19,20,21,22,179,180,182,186,187,189,193,200,256,257,258,260,284,285,287,309,333,334,340,342,345,347,353,356,357,367,371,372,382,383,385,386,406,407,410,417,421,431,433,435,442,444,447,471,477,491,494,499,517,521,525,536,542,543,549,553,554,557,565,566,568,571,572,574,575,576,579,580,582,583,585,589,590,591,595,596,598,600,604,605,607,609,615,618,619,620,621,624,626,627,633,635,638,640,641,642,643,652,654,656,661,663,664,665,667,668,669,672,673,678,679,680,681,682,685,687,689,690,691,693,694,697,698,699,700,701,702,705,706,709,710,711,715,735,741,757,778,798,804,820
0009_00278	10,11,12,19,284,285,287,309,333,334,338,342,345,353,375,407,417,431,435,442,447,491,517,525,557,574,583,600,618,638,641,661,668,679,709,710
0009_00280	10,11,12,19,20,144,147,284,285,287,333,340,342,345,347,353,367,375,381,406,421,441,444,453,536,580,583,615,638,680,681,685,687,689,690,693,697,699,705
0009_00281	10,11,12,13,19,20,284,285,287,333,334,345,347,353,367,375,381,406,417,421,431,435,441,442,444,447,453,491,525,557,574,583,595,600,615,620,641,661,667,679
0009_00292	10,11,15,16,19,20,144,146,147,256,257,284,285,286,287,300,309,333,339,341,345,346,352,353,356,358,359,366,371,373,374,375,376,377,380,381,388,390,391,392,394,397,398,404,407,417,419,421,432,436,438,441,442,443,444,446,447,448,450,451,453,454,473,483,485,486,488,491,492,496,500,503,505,507,520,522,524,529,536,537,539,540,541,546,547,548,557,561,567,570,571,573,580,583,586,593,594,596,597,600,608,609,612,614,618,637,638,641,644,655,658,666,675,681,683,684,685,686,692,696,703
0009_00297	10,11,15,19,20,284,285,286,287,300,309,333,334,336,339,341,345,346,352,353,366,375,381,394,407,421,441,444,453,529,536,537,567,580,583,593,618,638,644,681,685,709,711
0009_00298	10,11,15,19,20,284,285,286,287,300,309,333,339,341,345,346,352,353,366,375,381,394,407,421,441,444,453,529,536,537,567,580,618,638,644
0009_00299	10,11,12,15,16,17,19,20,144,146,147,256,257,284,285,286,287,300,309,333,339,341,345,346,352,353,356,358,359,366,371,373,374,376,377,380,381,388,390,391,393,394,397,400,401,404,407,417,419,421,432,436,438,440,441,442,443,444,446,447,448,450,451,452,453,454,473,483,485,486,488,489,491,492,496,500,503,505,507,520,522,524,528,529,536,537,539,540,541,546,547,548,557,561,567,570,571,573,580,581,583,586,593,594,596,597,600,603,608,609,612,614,618,637,638,641,644,646,647,655,657,658,660,666,675,681,683,684,685,686,692,696,703
0009_00302	10,11,19,20,284,285,287,309,333,334,336,340,342,345,347,353,367,375,381,407,421,441,444,453,463,536,538,568,572,580,583,618,638,664,681,685,709,710
0009_00303	10,11,12,19,20,179,180,256,284,285,287,309,333,334,340,342,345,347,353,356,357,367,371,372,381,385,407,417,421,431,435,441,442,444,447,453,463,471,491,517,521,525,536,538,553,557,565,568,571,572,579,580,583,585,596,600,604,609,618,619,635,638,641,642,656,661,664,665,669,678,679,680,681,685,689,690,693,697,699,705,709,710,711
0009_00306	10,15,19,20,21,34,35,284,285,286,287,294,300,309,333,339,341,345,346,350,352,353,354,366,369,381,394,407,409,421,441,444,453,459,460,529,536,537,567,618,644
0009_00309	10,11,15,19,20,21,284,285,286,287,300,309,333,339,341,345,346,352,353,366,375,381,391,393,394,407,421,440,441,444,452,453,529,536,537,541,567,580,581,603,614,618,638,639,644,646,647,657,660,682,687,688
0009_00310	10,11,12,15,19,20,21,284,285,286,287,309,333,340,342,345,346,347,352,353,366,367,375,381,391,392,406,407,421,441,444,453,536,541,567,580,582,593,614,615,616,618,638,640,643,660,683,686
0009_00311	10,11,15,19,20,284,285,286,287,300,309,333,334,345,346,352,353,366,375,381,391,393,394,407,417,421,431,435,440,441,442,444,447,452,453,465,525,529,536,537,541,554,567,600,603,614,646,647,657,660,672,673
0009_00312	10,11,19,20,284,285,287,309,333,334,336,340,342,345,347,353,367,375,381,407,421,441,444,453,463,536,538,568,572,580,618,638,664,709
0009_00315	10,11,19,20,21,284,285,287,309,333,334,345,353,381,407,417,421,431,435,441,442,444,447,453,491,525,536,554,557,574,580,600,618,620,638,642,661,668,672,673,679,682,687,688
0009_00316	10,11,19,20,21,284,285,287,309,333,340,342,345,347,353,367,407,568,572,583,618,638,640,664,680,681,682,690,691,702
0009_00330	10,11,12,19,20,179,180,256,284,285,287,309,333,334,340,342,345,347,353,356,357,367,371,372,381,385,407,417,421,431,435,441,442,444,447,453,463,471,491,517,521,525,536,538,549,553,557,565,568,571,572,574,575,579,580,583,585,596,598,600,604,609,618,619,620,635,638,641,642,656,661,664,665,668,669,678,679,680,681,685,689,690,693,697,699,705,709,710,711
0009_00333	10,11,19,20,21,22,284,285,287,309,333,340,342,345,347,353,367,381,407,421,441,444,453,463,536,538,568,572,580,582,583,618,638,640,643,664,680,681,682,685,687,690,691,693,694,702,706
0009_00334	10,11,12,15,19,20,38,179,180,256,284,285,286,287,295,300,309,333,334,339,341,342,343,345,346,352,353,356,357,363,366,371,372,381,382,383,385,394,407,417,421,431,435,441,442,444,447,453,471,491,499,502,504,506,517,521,525,529,536,537,542,543,549,551,552,553,557,565,567,571,574,575,579,580,583,585,591,592,593,596,599,600,604,607,608,609,618,619,620,635,638,641,642,644,652,656,661,665,668,669,678,679,680,681,684,685,689,690,693,697,699,705,709,710,711,715,739,765,778,802,828
0009_00336	10,11,15,19,34,35,284,285,286,294,333,345,346,350,352,354,366,369,375,391,413,415,417,419,422,435,442,447,454,458,491,517,557,600
0009_00337	10,11,15,19,20,179,181,182,284,285,286,287,300,309,333,339,341,345,346,352,353,366,381,391,393,394,407,421,441,444,453,529,536,537,541,567,580,583,593,603,614,618,638,644,657,660,680,681,684,685,690,693
0009_00338	10,11,19,20,21,284,285,287,309,333,345,353,381,407,417,421,435,441,442,444,447,453,517,525,554,574,620,668,672,673
0009_00341	10,11,15,19,20,34,284,285,286,287,294,300,309,333,339,341,345,346,350,352,353,354,366,369,375,381,394,407,413,421,441,444,453,508,529,536,537,567,587,618,644
0009_00344	10,11,12,15,16,17,19,20,21,31,144,146,147,151,154,179,181,182,256,257,258,259,284,285,286,287,300,309,315,333,340,341,342,345,346,347,352,353,356,358,359,360,366,367,374,376,377,378,379,380,385,387,388,389,390,391,392,394,397,398,404,406,407,408,412,417,419,426,432,438,439,442,443,448,450,451,454,457,465,473,483,485,486,488,492,496,500,505,507,520,522,524,531,539,541,546,548,550,556,561,567,568,570,572,573,583,586,593,594,597,602,612,613,614,615,618,622,629,637,638,639,640,655,657,658,660,663,664,675,681,682,683,684,691,692,703
0009_00345	10,11,12,13,19,20,21,22,179,180,182,186,187,189,193,200,256,257,258,260,284,285,287,309,333,334,340,342,345,347,348,353,356,357,367,368,371,372,381,382,383,385,386,406,407,410,417,421,431,433,435,442,444,447,463,471,477,491,494,499,517,521,525,536,538,542,543,545,549,553,554,557,564,565,566,568,571,572,574,575,576,579,580,582,583,585,589,590,591,595,596,598,600,604,605,606,607,609,611,615,618,619,620,621,624,626,627,631,632,633,635,638,640,641,642,643,652,654,656,661,662,663,664,665,667,668,669,672,673,678,679,680,681,682,685,687,689,690,691,693,694,697,698,699,700,701,702,705,706,709,710,711,715,736,741,757,762,778,799,804,820,825
0009_00346	10,11,15,16,19,20,284,285,286,287,300,309,333,339,341,345,346,352,353,366,376,381,391,393,394,407,421,441,444,452,453,529,536,537,541,561,567,580,583,593,614,618,638,644,646,647,655,681,684,685,692,696,703
0009_00347	10,11,19,20,21,284,285,287,309,333,340,342,345,347,353,367,407,568,572,583,618,638,640,664,680,681,682,690,691,702
0009_00348	10,11,12,19,20,21,22,179,180,182,186,284,285,287,309,333,340,342,345,347,348,353,367,368,381,406,407,564,568,572,583,611,615,618,638,640,662,663,664,680,681,682,690,691,701,702,783,804,825
0009_00349	10,11,19,20,21,144,147,151,154,284,285,287,309,333,340,342,345,347,348,353,367,368,381,406,407,421,441,444,453,463,536,538,564,568,572,580,582,583,615,618,638,640,643,662,663,664,680,681,682,685,687,690,691,693,694,702,706
0009_00350	10,11,12,13,19,20,21,22,179,180,182,186,187,189,193,200,256,257,258,260,284,285,287,309,333,334,340,342,345,347,348,353,356,357,367,368,371,372,381,382,383,385,386,406,407,410,417,421,431,433,435,442,444,447,463,471,477,491,494,499,517,521,525,536,538,542,543,545,549,553,554,557,564,565,566,568,571,572,574,575,576,579,580,582,583,585,590,591,595,596,598,600,604,605,606,607,609,611,615,618,619,620,621,624,626,627,631,632,633,635,638,640,641,642,643,652,654,656,661,662,663,664,665,667,668,669,672,673,678,679,680,681,682,685,687,689,690,691,693,694,697,698,699,700,701,702,705,706,709,710,711,715,736,741,757,762,778,799,804,820,825
0009_00351	10,11,12,13,19,20,21,22,179,180,182,186,187,189,193,200,256,257,258,260,284,285,287,309,333,334,340,342,345,347,348,353,356,357,367,368,371,372,375,381,382,383,385,386,406,407,410,417,421,431,433,435,442,444,447,463,471,477,491,494,499,517,521,525,536,538,542,543,545,549,553,554,557,564,565,566,568,571,572,574,575,576,579,580,582,583,585,590,591,595,596,598,600,604,605,606,607,609,611,615,618,619,620,621,624,626,627,631,632,633,635,638,640,641,642,643,652,654,656,661,662,663,664,665,667,668,669,672,673,678,679,680,681,682,685,687,689,690,691,693,694,697,698,699,700,701,702,705,706,709,710,711,715,736,741,757,762,778,799,804,820,825
0009_00352	10,11,12,13,19,20,21,22,179,180,182,186,187,189,193,200,256,257,258,260,284,285,287,309,333,334,340,342,345,347,348,353,356,357,367,368,371,372,375,381,382,383,385,386,406,407,410,417,421,431,433,435,442,444,447,463,471,477,491,494,499,517,521,525,536,538,542,543,545,549,553,554,557,564,565,566,568,571,572,574,575,576,579,580,582,583,585,590,591,595,596,598,600,604,605,606,607,609,611,615,618,619,620,621,624,626,627,631,632,633,635,638,640,641,642,643,652,654,656,661,662,663,664,665,667,668,669,672,673,678,679,680,681,682,685,687,689,690,691,693,694,697,698,699,700,701,702,705,706,709,710,711,715,736,741,757,762,778,799,804,820,825
0009_00353	10,11,12,13,19,20,21,22,179,180,182,186,187,189,193,200,256,257,258,260,284,285,287,309,333,334,340,342,345,347,348,353,356,357,367,368,371,372,381,382,383,385,386,406,407,410,417,421,431,433,435,442,444,447,463,471,477,491,494,499,521,525,536,538,542,543,545,549,553,554,557,564,565,566,568,571,572,574,575,576,579,580,582,583,585,590,591,595,596,598,600,604,605,606,607,609,611,615,618,619,620,621,624,626,627,631,632,633,635,638,640,641,642,643,652,654,656,661,662,663,664,665,667,668,669,672,673,678,679,680,681,682,685,687,689,690,691,693,694,697,698,699,700,701,702,705,706,709,710,711,715,736,741,757,762,778,799,804,820,825
0009_00354	10,11,12,13,19,20,21,22,179,180,182,186,187,189,193,200,256,257,258,260,284,285,287,309,333,334,340,342,345,347,348,353,356,357,367,368,371,372,375,381,382,383,385,386,406,407,410,417,421,431,433,435,442,444,447,463,471,477,491,494,499,521,525,536,538,542,543,545,549,553,554,557,564,565,566,568,571,572,574,575,576,579,580,582,583,585,590,591,595,596,598,600,604,605,606,607,609,611,615,618,619,620,621,624,626,627,631,632,633,635,638,640,641,642,643,652,654,656,661,662,663,664,665,667,668,669,672,673,678,679,680,681,682,685,687,689,690,691,693,694,697,698,699,700,701,702,705,706,709,710,711,715,736,741,757,762,778,799,804,820,825
0009_00355	10,11,12,13,19,20,21,22,23,179,180,182,186,187,189,193,196,200,207,256,257,258,260,284,285,287,309,333,334,340,342,345,347,348,353,356,357,367,368,371,372,381,382,383,385,386,406,407,410,417,421,431,433,435,442,444,447,463,471,477,491,494,499,517,521,525,536,538,542,543,545,549,553,554,557,564,565,566,568,571,572,574,575,576,579,580,582,583,585,589,590,591,595,596,598,600,604,605,606,607,609,611,615,618,619,620,621,624,626,627,631,632,633,635,638,640,641,642,643,652,654,656,661,662,663,664,665,667,668,669,672,673,678,679,680,681,682,685,687,689,690,691,693,694,697,698,699,700,701,702,705,706,709,710,711,715,736,741,757,762,778,799,804,820,825
0009_00356	10,11,12,13,19,20,21,22,23,179,180,182,186,187,189,193,196,200,207,256,257,258,260,284,285,287,309,333,334,340,342,345,347,348,353,356,357,367,368,371,372,381,382,383,385,386,406,407,410,417,421,431,433,435,442,444,447,463,471,477,491,494,499,517,521,525,536,538,542,543,545,549,553,554,557,564,565,566,568,571,572,574,575,576,579,580,582,583,585,590,591,595,596,598,600,604,605,606,607,609,611,615,618,619,620,621,624,626,627,631,632,633,635,638,640,641,642,643,652,654,656,661,662,663,664,665,667,668,669,672,673,678,679,680,681,682,685,687,689,690,691,693,694,697,698,699,700,701,702,705,706,709,710,711,715,736,741,757,762,778,799,804,820,825
0009_00357	10,11,12,13,19,20,21,22,23,179,180,182,186,187,189,193,196,200,207,256,257,258,260,284,285,287,309,333,334,340,342,345,347,348,353,356,357,367,368,371,372,375,381,382,383,385,386,406,407,410,417,421,431,433,435,442,444,447,463,471,477,491,494,499,521,525,536,538,542,543,545,549,553,554,557,564,565,566,568,571,572,574,575,576,579,580,582,583,585,590,591,595,596,598,600,604,605,606,607,609,611,615,618,619,620,621,624,626,627,631,632,633,635,638,640,641,642,643,652,654,656,661,662,663,664,665,667,668,669,672,673,678,679,680,681,682,685,687,689,690,691,693,694,697,698,699,700,701,702,705,706,709,710,711,715,736,741,757,762,778,799,804,820,825
0009_00358	10,11,12,13,14,19,20,21,22,23,179,180,182,186,187,189,193,196,200,203,207,256,257,258,260,284,285,287,309,333,334,340,342,345,347,348,353,356,357,367,368,371,372,381,382,383,385,386,406,407,410,417,421,431,433,435,442,444,447,463,471,477,491,494,499,517,521,525,536,538,542,543,545,549,553,554,557,564,565,566,568,571,572,574,575,576,579,580,582,583,585,590,591,595,596,598,600,604,605,606,607,609,611,615,618,619,620,621,624,626,627,631,632,633,635,638,640,641,642,643,652,654,656,661,662,663,664,665,667,668,669,672,673,678,679,680,681,682,685,687,689,690,691,693,694,697,698,699,700,701,702,705,706,709,710,711,715,736,741,757,762,778,799,804,820,825
0009_00359	10,11,12,13,14,19,20,21,22,23,179,180,182,186,187,189,193,194,196,200,203,207,256,257,258,260,262,284,285,287,309,333,334,340,342,345,347,348,353,356,357,367,368,371,372,375,381,382,383,385,386,406,407,410,417,421,431,433,435,441,442,444,447,453,463,471,477,491,494,499,517,521,525,536,538,542,543,545,549,553,554,557,564,565,566,568,571,572,574,575,576,579,580,582,583,585,590,591,595,596,598,600,604,605,606,607,609,611,615,618,619,620,621,624,626,627,631,632,633,635,638,640,641,642,643,652,654,656,661,662,663,664,665,667,668,669,672,673,678,679,680,681,682,685,687,689,690,691,693,694,697,698,699,700,701,702,705,706,709,710,711,715,736,741,757,762,778,799,804,820,825
0009_00360	10,11,12,13,19,20,21,22,179,180,182,186,187,193,256,258,284,285,287,309,333,334,340,342,345,347,348,353,356,357,367,368,371,372,381,382,383,385,406,407,417,431,435,442,447,471,477,491,499,517,521,525,542,543,545,549,553,557,564,565,566,568,571,572,574,575,576,579,583,585,590,591,595,596,600,604,605,607,609,611,615,618,619,620,621,627,632,633,635,638,640,641,642,652,654,656,661,662,663,664,665,667,668,669,678,679,680,681,682,689,690,691,700,701,702,709,710,711,715,736,741,762,778,799,804,825
0009_00361	10,11,12,13,19,20,21,22,179,180,182,186,187,193,256,258,284,285,287,309,333,334,340,342,345,347,348,353,356,357,367,368,371,372,375,381,382,383,385,406,407,417,431,435,442,447,471,477,491,499,517,521,525,542,543,545,549,553,557,564,565,566,568,571,572,574,575,576,579,583,585,590,591,595,596,600,604,605,607,609,611,615,618,619,620,621,627,631,632,633,635,638,640,641,642,652,654,656,661,662,663,664,665,667,668,669,678,679,680,681,682,689,690,691,700,701,702,709,710,711,715,736,741,762,778,799,804,825
0009_00364	10,11,12,19,20,21,22,144,147,179,182,284,285,287,309,333,340,342,345,347,348,353,367,368,381,406,407,564,568,572,583,611,615,618,638,640,662,663,664,680,681,682,690,691,701,702
