id	bits.on
0339_00008	66,90,91,96,104,105,108,112,115,116,118,123,127,128,129,131,132,139,140,141,143,145,146,147,149,150,152,154,155,157,159,160,163,164,165
0339_00011	54,66,82,90,91,92,95,96,100,104,105,108,110,111,112,115,116,117,118,123,127,128,129,131,132,136,139,140,141,143,145,146,147,149,150,151,152,153,154,155,156,157,158,159,160,161,163,164,165
0339_00012	39,40,48,51,53,55,58,60,61,66,67,69,73,82,88,90,91,92,96,97,100,102,104,105,106,108,110,111,112,115,116,117,118,124,127,128,129,130,131,132,136,138,139,140,141,143,145,146,147,148,149,150,151,152,153,154,155,156,157,158,159,160,161,163,164,165
0339_00029	66,90,91,96,104,105,108,112,115,116,118,123,127,128,129,131,132,139,140,141,143,145,146,147,149,150,152,154,155,157,159,160,163,164,165
0339_00033	66,90,91,96,104,105,108,112,115,116,118,123,127,128,129,131,132,139,140,141,143,145,146,147,149,150,152,154,155,157,159,160,163,164,165
0339_00041	66,90,96,104,105,108,112,115,116,118,123,127,128,129,132,136,139,141,143,145,146,147,149,150,152,154,155,157,159,160,163,164,165
0339_00042	66,90,91,96,104,105,108,112,115,116,118,123,127,128,129,131,132,136,139,140,141,143,145,146,147,149,150,152,154,155,157,159,160,163,164,165
0339_00043	66,90,91,96,104,105,108,112,115,116,118,123,127,128,129,131,132,139,140,141,143,145,146,147,149,150,152,154,155,157,159,160,163,164,165
0339_00044	66,90,96,104,105,108,112,115,116,118,123,127,128,129,132,136,139,140,141,143,145,146,147,149,150,152,154,155,157,159,160,163,164,165
0339_00048	54,66,82,90,91,92,95,96,100,104,105,108,110,111,112,115,116,117,118,123,127,128,129,131,132,136,139,140,141,143,145,146,147,149,150,151,152,153,154,155,156,157,158,159,160,161,163,164,165
0339_00050	26,50,66,72,76,82,91,96,99,104,105,108,109,112,115,116,118,127,128,129,131,132,136,139,140,143,145,146,147,149,150,152,153,154,155,157,159,160,163,164,165
0339_00051	66,90,91,96,104,105,108,112,115,116,118,123,127,128,129,131,132,139,141,143,145,146,147,149,150,152,154,155,157,159,160,163,164,165
0339_00052	66,90,91,96,104,105,108,112,115,116,118,123,127,128,129,131,132,139,140,141,143,145,146,147,149,150,152,154,155,157,159,160,163,164,165
0339_00053	66,90,91,96,104,105,108,112,115,116,118,123,127,128,129,131,132,139,140,141,143,145,146,147,149,150,152,154,155,157,159,160,163,164,165
0339_00055	66,90,91,96,104,105,108,112,115,116,118,123,127,128,129,131,132,136,139,140,141,143,145,146,147,149,150,152,154,155,157,159,160,163,164,165
0339_00056	54,66,72,90,91,96,104,105,108,112,115,116,118,123,127,128,129,131,132,139,140,141,143,145,146,147,149,150,152,154,155,157,159,160,163,164,165
0339_00058	39,40,48,51,53,55,58,60,61,66,67,69,73,82,88,90,91,92,96,97,100,102,104,105,106,108,110,111,112,115,116,117,118,124,127,128,129,130,131,132,136,138,139,140,141,143,145,146,147,148,149,150,151,152,153,154,155,156,157,158,159,160,161,163,164,165
0339_00059	39,40,48,51,53,55,58,60,61,66,67,69,73,82,88,90,91,92,96,97,100,102,104,105,106,108,110,111,112,115,116,117,118,124,127,128,129,130,131,132,136,138,139,140,141,143,145,146,147,148,149,150,151,152,153,154,155,156,157,158,159,160,161,163,164,165
0339_00060	39,40,48,51,53,54,55,58,60,61,66,67,69,72,73,82,88,90,91,92,96,97,100,102,104,105,106,108,110,111,112,115,116,117,118,124,127,128,129,130,131,132,136,138,139,140,141,143,145,146,147,148,149,150,151,152,153,154,155,156,157,158,159,160,161,163,164,165
0339_00065	30,49,74,85,86,89,93,95,99,100,108,112,114,115,116,118,122,123,126,128,129,132,136,140,141,146,147,148,149,152,153,154,155,157,158,159,160,161,164
0339_00066	30,49,74,85,86,89,93,95,100,108,112,114,115,116,118,122,123,126,128,129,132,136,140,141,146,147,148,149,152,153,154,155,157,158,159,160,161,164
0339_00067	66,90,91,96,104,105,108,112,115,116,118,123,127,128,129,131,132,139,140,141,143,145,146,147,149,150,152,154,155,157,159,160,163,164,165
0339_00069	66,90,91,96,104,105,108,112,115,116,118,123,127,128,129,131,132,139,140,141,143,145,146,147,149,150,152,154,155,157,159,160,163,164,165
0339_00070	39,40,48,51,53,55,58,60,61,66,67,69,73,82,88,90,91,92,96,97,100,102,104,105,106,108,110,111,112,115,116,117,118,124,127,128,129,130,131,132,136,138,139,140,141,143,145,146,147,148,149,150,151,152,153,154,155,156,157,158,159,160,161,163,164,165
0339_00077	30,49,74,85,86,89,90,91,93,95,100,104,108,112,114,115,116,118,122,123,126,128,129,132,136,139,140,141,146,147,148,149,152,153,154,155,157,158,159,160,161,164
0339_00081	30,49,74,85,86,89,90,91,93,95,100,104,108,112,114,115,116,118,122,123,126,128,129,132,136,139,140,141,146,147,148,149,152,153,154,155,157,158,159,160,161,164
0339_00084	39,40,48,51,53,55,58,60,61,66,67,69,73,82,88,90,91,92,96,97,100,102,104,105,106,108,110,111,112,115,116,117,118,124,127,128,129,130,131,132,136,138,139,140,141,143,145,146,147,148,149,150,151,152,153,154,155,156,157,158,159,160,161,163,164,165
0339_00093	30,49,74,85,86,89,93,95,100,108,112,114,115,116,118,122,123,126,128,129,132,136,140,141,146,147,148,149,152,153,154,155,157,158,159,160,161,164
0339_00095	30,49,74,85,86,89,93,95,100,108,112,114,115,116,118,122,123,126,128,129,132,136,140,141,146,147,148,149,152,153,154,155,157,158,159,160,161,164
0339_00100	54,72,90,91,104,108,114,115,116,118,123,128,129,131,132,139,146,147,152,154,155,157,159,160,164
0339_00101	74,90,91,104,108,115,116,118,123,128,129,132,139,147,149,154,155,157,159,160,164
0339_00102	90,91,104,108,114,115,116,118,123,128,129,132,139,147,149,154,155,157,159,160,164
0339_00103	54,72,90,91,104,108,114,115,116,118,123,128,129,131,132,139,146,147,152,154,155,157,159,160,164
0339_00104	74,90,91,104,108,115,116,118,123,128,129,132,139,147,149,154,155,157,159,160,164
0339_00105	74,90,91,104,108,115,116,118,123,128,129,132,139,147,149,154,155,157,159,160,164
0339_00106	90,91,99,104,108,114,115,116,118,123,128,129,132,139,147,154,155,157,159,160,164
0339_00107	90,99,104,108,114,115,116,118,123,128,129,132,139,147,154,155,157,159,160,164
0339_00108	90,91,104,108,114,115,116,118,123,128,129,132,139,147,154,155,157,159,160,164
0339_00109	90,91,99,104,108,114,118,123,128,129,132,139,147,154,155,157,159,160,164
0339_00110	90,91,99,104,108,114,115,116,118,123,128,129,132,139,147,154,155,157,159,160,164
0339_00113	74,91,104,108,115,116,118,123,128,129,132,139,141,147,149,154,155,157,159,160,164
0339_00114	90,91,104,108,114,115,116,118,123,128,129,132,139,147,154,155,157,159,160,164
0339_00115	90,91,104,108,114,115,116,118,123,128,129,132,139,147,154,155,157,159,160,164
0339_00116	90,91,104,108,114,115,116,118,123,128,129,132,139,147,154,155,157,159,160,164
0339_00117	90,91,99,104,108,114,115,116,118,123,128,129,132,139,147,154,155,157,159,160,164
0339_00119	90,91,104,108,114,115,116,118,123,128,129,132,139,147,154,155,157,159,160,164
0339_00120	90,91,104,108,114,115,116,118,123,128,129,132,139,147,154,155,157,159,160,164
0339_00126	74,90,91,104,108,115,116,118,123,128,129,132,139,147,149,154,155,157,159,160,164
0339_00128	90,91,99,104,108,114,118,123,128,129,132,139,147,154,155,157,159,160,164
0339_00129	90,91,99,104,108,114,115,116,118,123,128,129,132,139,147,154,155,157,159,160,164
0339_00130	90,91,104,108,114,115,116,118,123,128,129,132,139,147,154,155,157,159,160,164
0339_00132	90,91,104,108,114,115,116,118,123,128,129,132,139,147,154,155,157,159,160,164
0339_00135	34,90,99,115,123,139,154,155,157,159,160,164
0339_00140	66,74,91,104,112,115,123,131,132,136,139,140,146,149,154,155,157,159,160,164
0339_00142	17,90,91,104,118,123,128,129,132,139,147,154,155,157,159,164
0339_00151	90,91,104,108,114,115,116,118,123,128,129,132,139,147,154,155,157,159,160,164
0339_00152	90,91,104,108,114,115,116,118,123,128,129,132,139,147,154,155,157,159,160,164
0339_00153	90,91,104,108,114,115,116,118,123,128,129,132,139,147,154,155,157,159,160,164
0339_00175	90,91,104,108,114,115,116,118,123,128,129,132,139,147,154,155,157,159,160,164
0339_00177	90,91,99,104,108,114,115,116,118,123,128,129,132,139,147,154,155,157,159,160,164
0339_00178	90,91,104,108,114,115,116,118,123,128,129,132,139,147,154,155,157,159,160,164
0339_00185	90,91,104,118,123,128,129,131,132,136,139,140,146,147,154,155,157,159,164
0339_00187	90,91,99,104,108,114,115,116,118,123,128,129,132,139,147,154,155,157,159,160,164
0339_00188	90,91,99,104,108,114,115,116,118,123,128,129,131,132,139,146,147,152,154,155,157,159,160,164
0339_00189	54,72,82,90,91,104,109,118,123,128,129,131,132,139,140,146,147,152,153,154,155,157,159,164
0339_00192	90,91,99,104,108,114,115,116,118,123,128,129,132,139,147,154,155,157,159,160,164
0339_00195	29,38,43,48,54,57,62,65,69,72,75,77,79,80,83,85,89,90,91,92,95,96,97,98,102,105,106,109,110,112,113,117,120,121,122,124,126,127,130,131,132,133,136,137,139,140,142,143,146,148,150,151,152,153,154,155,156,157,158,159,161,162,163,164,165
0339_00196	25,38,43,53,54,57,62,65,72,75,77,79,80,82,83,84,85,89,90,91,92,95,96,97,98,105,106,109,110,113,117,120,121,122,127,131,132,133,135,137,139,140,142,143,146,148,150,151,152,153,154,155,156,157,158,159,161,162,163,164,165
0339_00197	37,53,57,62,65,72,75,77,80,82,83,85,89,90,91,92,96,97,98,104,106,109,110,111,113,117,120,121,122,127,128,129,131,132,133,136,137,139,140,142,143,144,146,148,150,151,152,153,154,155,156,157,158,159,160,161,162,163,164,165
0339_00198	29,38,43,48,57,62,65,69,72,75,77,79,80,83,84,85,89,90,92,96,97,98,102,104,105,106,109,110,111,112,117,120,121,122,124,126,127,128,129,130,131,132,133,135,137,139,140,142,143,146,148,150,151,152,153,155,156,157,158,159,161,162,163,164,165
0339_00201	38,54,57,62,65,72,75,77,79,80,83,84,85,86,88,89,90,91,92,93,95,96,97,98,105,110,115,117,120,121,122,127,131,132,133,135,137,139,142,143,146,148,150,151,152,153,155,156,157,158,159,160,161,162,163,164,165
0339_00202	53,54,57,72,82,89,90,92,95,97,98,104,109,110,112,117,123,127,131,132,133,136,137,139,140,143,146,150,151,152,153,154,155,156,157,158,159,160,161,163,164,165
0339_00203	54,65,83,90,91,92,95,96,104,105,108,110,111,117,121,123,131,136,137,139,142,146,151,154,155,156,157,158,159,160,161,162,163,164,165
0339_00204	25,38,43,54,65,77,79,80,82,84,90,91,92,95,97,98,100,104,105,106,110,111,113,117,120,121,123,125,127,131,132,133,135,136,137,139,140,142,143,145,146,147,151,153,154,155,156,157,158,159,161,162,163,164,165
0339_00214	53,89,104,123,131,132,136,139,140,146,154,155,157,159,164
0339_00226	37,43,53,65,77,80,89,92,97,98,106,110,113,117,120,121,127,131,136,137,142,143,151,154,156,159,161,162,163,164,165
0339_00231	53,54,72,89,90,104,123,131,132,136,139,140,146,152,154,155,157,159,164
0339_00243	54,84,90,91,92,95,104,110,111,117,123,131,132,136,139,142,146,147,151,154,155,156,157,158,159,161,164
0339_00248	38,65,77,79,80,83,96,98,105,120,121,137,142,151,156,161,162,163,165
0339_00250	37,38,43,53,54,65,77,79,80,83,89,92,95,96,97,98,105,106,110,113,117,120,121,127,131,136,137,142,143,151,154,156,159,161,162,163,164,165
0339_00251	37,38,43,53,54,65,77,79,80,83,89,92,95,96,97,98,105,106,110,113,117,120,121,127,131,136,137,142,143,146,151,154,156,159,161,162,163,164,165
0339_00255	37,43,53,54,77,80,89,90,91,92,95,97,98,104,106,110,111,117,120,121,123,127,131,132,136,137,139,140,142,143,146,151,154,156,157,158,159,161,163,164,165
0339_00272	53,54,72,89,90,91,104,123,131,132,136,139,140,146,152,154,155,157,159,164
0339_00274	53,54,66,72,89,90,91,104,112,123,127,131,132,139,140,143,146,150,152,154,157,159,163,164,165
0339_00280	54,84,90,95,104,111,113,123,127,131,139,143,146,151,152,154,155,156,157,158,159,161,162,163,164,165
0339_00281	54,72,84,90,91,95,104,111,113,123,127,131,139,140,143,144,146,150,151,152,154,155,156,157,158,159,161,162,163,164,165
0339_00283	29,37,43,48,54,57,62,65,69,72,75,77,80,83,85,89,90,91,92,95,96,97,98,102,106,109,110,112,113,117,120,121,122,124,126,127,130,131,132,133,136,137,139,140,142,143,144,146,148,150,151,152,153,154,155,156,157,158,159,161,162,163,164,165
0339_00284	37,38,53,54,57,62,65,72,75,77,80,82,83,84,85,89,90,91,92,95,96,97,98,106,109,110,113,117,120,121,122,127,131,132,133,135,137,139,140,142,143,144,146,148,150,151,152,153,154,155,156,157,158,159,161,162,163,164,165
0339_00285	29,37,38,43,48,57,62,65,69,72,75,77,80,83,84,85,89,90,92,96,97,98,102,104,106,109,110,111,112,113,117,120,121,122,124,126,127,128,129,130,131,132,133,135,136,137,139,140,142,143,144,146,148,150,151,152,153,154,155,156,157,158,159,161,162,163,164,165
0339_00286	53,54,65,77,79,80,82,83,84,90,92,95,96,97,100,104,110,111,117,120,121,123,128,131,132,136,137,139,142,146,147,151,153,154,155,156,157,158,159,161,162,164,165
0339_00290	37,38,43,53,54,57,62,65,72,75,77,79,80,82,83,85,89,90,91,92,95,96,97,98,105,106,109,110,113,117,120,121,122,127,131,132,133,136,137,139,140,142,143,146,148,150,151,152,153,154,155,156,157,158,159,161,162,163,164,165
0339_00297	54,65,83,84,90,91,95,96,104,105,111,121,123,131,137,139,142,151,154,155,156,157,158,159,161,162,163,164,165
0339_00300	53,54,57,72,82,89,90,91,98,109,120,123,126,127,131,132,137,138,139,140,143,145,146,150,152,153,155,157,159,163,164,165
0339_00301	29,30,37,38,48,49,54,57,62,65,69,72,74,75,77,80,83,84,85,86,89,90,91,92,93,95,96,97,98,100,102,106,109,110,111,112,113,115,116,117,120,121,122,124,126,127,130,131,132,133,135,136,137,138,139,140,141,142,143,144,146,147,148,149,150,151,152,153,154,155,156,157,158,159,160,161,162,163,164,165
0339_00303	53,54,65,75,77,79,80,83,84,85,90,91,92,95,96,100,104,110,111,117,118,120,121,122,127,128,131,132,136,137,140,142,143,146,147,148,150,151,153,154,155,156,158,159,161,162,164,165
0339_00304	29,37,48,53,54,57,62,65,69,72,75,77,80,82,83,85,89,90,91,92,96,97,98,102,104,106,109,110,111,112,113,117,120,121,122,123,124,126,127,128,129,130,131,132,133,136,137,138,139,140,142,143,144,145,146,148,150,151,152,153,154,155,156,157,158,159,160,161,162,163,164,165
0339_00305	65,72,83,96,97,105,113,120,121,125,127,131,136,137,140,142,143,144,145,146,149,150,151,152,154,156,159,160,161,162,163,164,165
0339_00308	29,38,43,48,49,54,57,62,65,69,72,75,77,79,80,83,84,85,89,90,91,92,95,96,97,98,102,105,106,109,110,112,117,120,121,122,124,125,126,127,130,131,132,133,135,136,137,138,139,140,142,143,145,146,148,150,151,152,153,154,155,156,157,158,159,161,162,163,164,165
0339_00319	40,49,51,54,55,58,60,61,67,73,84,88,90,95,97,102,104,111,123,124,130,131,132,136,139,140,146,148,151,153,154,155,156,157,158,159,161,164
0339_00320	39,40,48,51,53,54,55,58,60,61,67,69,73,84,88,90,95,97,102,104,106,111,112,123,124,130,131,132,136,139,140,146,148,151,153,154,155,156,157,158,159,161,164
0339_00325	53,54,72,89,123,131,136,139,140,146,152,154,157,159,164
0339_00341	53,54,80,84,90,92,95,97,104,108,110,111,117,123,131,132,136,139,140,142,146,151,154,155,156,157,158,159,160,161,164
0339_00343	53,54,57,72,89,98,123,127,131,137,139,140,143,146,150,152,154,157,159,163,164,165
0339_00344	53,54,72,89,123,131,136,139,140,146,152,154,157,159,164
0339_00346	82,90,91,92,100,104,108,110,111,116,117,118,123,131,132,136,139,146,147,151,153,154,155,156,157,158,159,160,161,164
0339_00352	53,54,72,82,89,90,91,104,109,123,131,132,139,140,146,152,153,154,155,157,159,164
0339_00356	29,43,48,53,54,57,69,72,89,90,91,98,102,106,109,112,123,124,126,127,130,131,132,137,139,140,143,146,148,150,152,153,155,157,159,163,164,165
0339_00365	53,54,65,77,79,80,83,84,90,95,96,104,111,120,121,123,131,137,139,142,151,154,155,156,157,158,159,161,162,164,165
0339_00369	54,84,86,88,90,91,95,104,111,123,129,131,136,138,139,140,142,146,147,151,153,154,155,156,157,158,159,161,164
0339_00370	65,95,97,98,121,123,131,136,137,139,140,144,146,150,154,156,157,159,161,162,163,164,165
0339_00371	37,38,65,75,77,79,80,83,85,89,92,93,95,96,97,98,105,106,110,113,117,120,121,122,127,136,137,142,143,144,148,149,150,151,154,156,158,159,160,161,162,163,164,165
0339_00372	37,38,65,75,77,79,80,83,85,89,92,93,95,96,97,98,105,106,110,113,117,120,121,122,127,136,137,142,143,144,148,149,150,151,154,156,158,159,160,161,162,163,164,165
0339_00373	50,54,72,76,89,90,99,104,123,127,131,132,136,139,140,143,146,150,152,154,157,159,163,164,165
0339_00375	54,72,82,84,91,100,104,111,113,127,131,139,143,144,147,150,151,152,153,155,157,158,159,161,162,163,164,165
0339_00378	14,54,67,84,88,90,91,95,104,111,118,123,124,128,129,131,136,138,139,140,142,146,147,151,153,154,155,156,157,158,159,161,164
0339_00380	53,65,82,89,91,95,97,98,109,113,121,123,127,131,137,139,140,143,144,146,150,152,153,154,155,156,157,159,160,161,162,163,164,165
0339_00381	37,53,57,62,65,72,75,77,80,82,83,85,89,90,91,92,96,97,98,104,106,109,110,111,113,117,120,121,122,127,128,129,131,132,133,136,137,139,140,142,143,144,146,148,150,151,152,153,154,155,156,157,158,159,161,162,163,164,165
0339_00387	25,29,38,43,48,57,62,65,69,72,75,77,79,80,83,84,85,89,90,91,92,95,96,97,98,102,105,106,109,110,112,113,117,120,121,122,124,127,130,131,132,133,135,136,137,139,140,142,143,145,146,148,150,151,152,153,154,156,157,158,159,161,162,163,164,165
0339_00388	29,37,38,43,48,53,54,57,62,65,69,72,75,77,79,80,83,85,89,90,91,92,95,96,97,98,102,105,106,109,110,112,113,117,120,121,122,124,126,127,130,131,132,133,136,137,139,140,142,143,146,148,150,151,152,153,154,155,156,157,158,159,161,162,163,164,165
0339_00390	25,38,43,53,57,62,65,72,75,77,79,80,82,83,84,85,89,90,91,92,95,96,97,98,104,105,106,109,110,111,113,117,120,121,122,127,128,129,131,132,133,135,137,139,140,142,143,146,148,150,151,152,153,154,155,156,157,158,159,161,162,163,164,165
0339_00392	29,37,43,48,57,62,65,69,72,75,77,80,83,85,89,90,91,92,96,97,98,102,104,106,109,110,111,112,113,117,120,121,122,124,126,127,128,129,130,131,132,133,136,137,139,140,142,143,144,146,148,150,151,152,153,154,155,156,157,158,159,160,161,162,163,164,165
0339_00393	25,29,38,43,48,53,57,62,65,69,72,75,77,79,80,83,84,85,89,90,92,95,96,97,98,102,104,105,106,109,110,111,112,113,117,120,121,122,124,126,127,128,129,130,131,132,133,135,136,137,139,140,142,143,146,148,150,151,152,153,154,155,156,157,158,159,161,162,163,164,165
0339_00394	29,38,43,48,57,62,65,69,72,75,77,79,80,83,84,85,89,90,91,92,95,96,97,98,102,105,106,109,110,112,117,120,121,122,124,126,127,130,131,132,133,135,136,137,139,140,142,143,146,148,150,151,152,153,155,156,157,158,159,161,162,163,164,165
0339_00403	29,37,48,53,54,57,62,65,69,72,75,77,80,82,83,85,89,90,91,92,95,96,97,98,102,106,109,110,112,113,117,120,121,122,123,124,126,127,130,131,132,133,136,137,138,139,140,142,143,144,145,146,148,150,151,152,153,154,155,156,157,158,159,161,162,163,164,165
0339_00405	29,37,48,53,54,57,62,65,69,72,75,77,80,82,83,85,89,90,91,92,95,96,97,98,102,106,109,110,112,113,117,120,121,122,123,124,126,127,130,131,132,133,136,137,138,139,140,142,143,144,145,146,148,150,151,152,153,154,155,156,157,158,159,161,162,163,164,165
0339_00406	29,38,48,53,54,57,62,65,69,72,75,77,79,80,82,83,84,85,89,90,91,92,95,96,97,98,102,105,106,109,110,112,117,120,121,122,123,124,126,127,130,131,132,133,135,136,137,138,139,140,142,143,145,146,148,150,151,152,153,155,156,157,158,159,161,162,163,164,165
0339_00408	54,79,82,84,86,88,90,91,92,95,100,104,108,110,111,114,115,116,117,118,123,128,129,131,132,136,138,139,140,142,146,147,151,153,154,155,156,157,158,159,160,161,164
0339_00409	37,38,53,54,65,72,75,77,79,80,82,85,89,90,91,92,95,97,98,100,104,105,106,109,110,113,117,120,121,122,127,128,131,132,136,137,138,139,140,142,143,144,145,146,148,149,150,151,152,153,154,155,156,157,158,159,160,161,162,163,164,165
0339_00410	29,37,48,53,54,57,62,65,69,72,75,77,80,82,83,85,89,90,91,92,95,96,97,98,102,106,109,110,112,113,117,120,121,122,123,124,126,127,130,131,132,133,136,137,138,139,140,142,143,144,145,146,148,150,151,152,153,154,155,156,157,158,159,160,161,162,163,164,165
0339_00411	29,37,48,53,54,57,62,65,69,72,75,77,80,82,83,85,89,90,91,92,95,96,97,98,102,106,109,110,112,113,117,120,121,122,123,124,126,127,130,131,132,133,136,137,138,139,140,142,143,144,145,146,148,150,151,152,153,154,155,156,157,158,159,160,161,162,163,164,165
0339_00413	29,37,38,48,53,54,57,62,65,69,72,75,77,79,80,83,84,85,89,90,91,92,95,96,97,98,100,102,104,105,106,109,110,112,113,117,120,121,122,124,125,126,127,128,130,131,132,133,135,136,137,138,139,140,142,143,144,145,146,148,149,150,151,152,153,154,155,156,157,158,159,160,161,162,163,164,165
0339_00422	29,43,48,54,69,72,89,90,102,104,106,109,112,123,124,126,130,131,132,136,139,140,146,148,152,153,154,155,157,159,164
0339_00444	82,84,90,91,95,100,104,123,129,131,132,136,139,146,147,151,152,153,154,155,157,158,159,161,164
0339_00445	54,92,95,110,117,123,131,136,139,146,149,151,154,156,157,158,159,160,161,164
0339_00450	53,54,72,82,84,89,90,91,95,97,104,109,123,131,132,139,140,146,151,152,153,154,155,156,157,158,159,161,164
0339_00451	29,43,48,53,54,57,69,72,82,89,90,91,98,102,106,109,112,123,124,126,127,130,131,132,137,139,140,143,146,148,150,152,153,155,157,159,163,164,165
0339_00452	29,43,48,53,54,57,69,72,89,90,91,98,102,106,109,112,123,124,126,127,130,131,132,137,139,140,143,146,148,150,152,153,155,157,159,163,164,165
0339_00453	29,43,48,53,54,69,72,82,89,90,91,102,104,106,109,112,124,126,130,131,132,136,138,139,140,146,148,152,153,154,155,157,159,164
0339_00455	54,86,88,90,91,92,93,95,104,108,110,111,115,116,117,123,131,136,139,146,147,149,151,153,154,155,156,157,158,159,160,161,164
0339_00465	54,82,84,90,91,92,95,100,104,108,110,111,117,118,123,129,131,136,139,142,146,147,151,153,154,155,156,157,158,159,160,161,164
0339_00467	39,40,48,55,58,60,61,65,67,69,73,83,88,95,96,97,102,105,106,112,113,121,124,126,127,130,131,136,137,139,140,143,146,148,151,152,156,157,159,161,162,163,164,165
0339_00468	24,49,54,56,63,70,71,84,89,90,94,95,102,104,111,113,119,122,123,124,127,130,131,133,135,136,139,140,142,143,144,146,148,150,151,152,154,155,156,157,158,159,161,162,163,164,165
0339_00469	29,37,38,48,57,62,65,69,72,75,77,80,82,83,84,85,89,92,95,96,97,98,101,102,105,106,109,110,112,113,117,120,121,122,124,127,130,131,132,133,135,136,137,139,140,142,143,144,146,148,150,151,152,153,154,155,156,157,158,159,161,162,163,164,165
0339_00470	29,37,43,48,57,62,65,69,72,75,77,80,83,85,89,90,91,92,96,97,98,102,104,106,109,110,111,112,113,117,120,121,122,124,126,127,128,129,130,131,132,133,136,137,139,140,142,143,144,146,148,150,151,152,153,154,155,156,157,158,159,161,162,163,164,165
0339_00472	29,37,38,43,48,54,57,62,65,69,72,75,77,80,83,84,85,89,90,91,92,95,96,97,98,102,106,109,110,112,113,117,120,121,122,124,126,127,130,131,132,133,135,136,137,139,140,142,143,144,146,148,150,151,152,153,154,155,156,157,158,159,161,162,163,164,165
0339_00476	29,37,38,43,48,53,54,57,62,65,69,72,75,77,80,83,84,85,89,90,91,92,95,96,97,98,102,106,109,110,112,113,117,120,121,122,124,126,127,130,131,132,133,135,136,137,139,140,142,143,144,146,148,150,151,152,153,154,155,156,157,158,159,161,162,163,164,165
0339_00477	29,38,43,48,53,54,57,62,65,69,72,75,77,79,80,83,84,85,89,90,91,92,95,96,97,102,106,109,110,112,117,120,121,122,124,126,127,130,131,132,133,135,136,137,139,140,142,143,144,146,148,150,151,152,153,154,155,156,157,158,159,161,162,164,165
0339_00568	65,83,84,90,91,92,96,104,105,110,111,117,121,131,132,137,142,151,154,155,156,158,161,162,163,164,165
0339_00570	65,82,83,90,91,96,104,105,109,121,131,132,137,139,147,151,153,155,156,157,161,162,163,164,165
0339_00576	82,90,91,104,109,118,123,128,129,131,132,139,146,147,153,154,155,157,159,164
0339_00583	54,90,92,95,104,108,110,111,117,123,131,136,139,146,151,154,155,156,157,158,159,160,161,162,163,164,165
0339_00587	65,82,83,90,91,92,93,96,100,104,105,108,110,111,113,116,117,121,126,127,131,137,142,143,147,149,151,152,153,154,155,156,157,158,159,160,161,162,163,164,165
0339_00589	26,50,53,66,72,76,82,89,90,91,96,99,104,105,108,109,112,115,116,118,127,128,129,131,132,136,139,140,143,145,146,147,149,150,152,153,154,155,157,159,160,163,164,165
0339_00590	26,39,40,48,50,55,58,60,61,66,67,69,73,76,88,91,96,99,102,105,106,108,112,115,116,118,124,126,127,128,129,130,132,136,139,140,141,143,145,146,147,148,149,150,152,154,157,159,160,163,164,165
0339_00591	26,50,66,72,76,89,90,91,96,99,104,105,108,109,112,115,116,118,123,126,127,128,129,131,132,136,139,140,141,143,145,146,147,149,150,152,153,154,155,157,159,160,163,164,165
0339_00592	54,66,82,90,91,92,95,96,100,104,105,108,110,111,112,115,116,117,118,123,127,128,129,131,132,136,139,140,141,143,145,146,147,149,150,151,152,153,154,155,156,157,158,159,160,161,163,164,165
0339_00593	54,66,82,90,91,92,95,96,100,104,105,108,110,111,112,115,116,117,118,123,127,128,129,131,132,136,139,140,141,143,145,146,147,149,150,151,152,153,154,155,156,157,158,159,160,161,163,164,165
0339_00596	34,99,123,139,154,157,159,164
0339_00612	54,72,86,88,90,91,93,104,115,116,123,131,132,139,146,147,152,153,154,155,157,159,160,164
0339_00615	57,98,109,118,123,127,129,132,137,143,147,153,154,157,159,163,164,165
0339_00624	38,47,59,64,65,77,79,80,81,83,88,93,96,98,105,120,121,137,142,151,156,160,161,162,163,165
0339_00632	90,91,104,118,123,128,129,131,132,136,139,140,146,147,154,155,157,159,164
0339_00633	154,162,163,164,165
0339_00638	113,123,127,131,139,143,146,152,154,157,159,162,163,164,165
0339_00652	54,72,123,131,139,146,152,154,157,159,162,163,164,165
0339_00655	54,72,113,123,127,131,139,140,143,144,146,150,152,154,157,159,162,163,164,165
0339_00660	54,72,99,113,123,127,131,139,140,143,144,146,150,152,154,157,159,162,163,164,165
0339_00661	72,90,113,123,127,131,132,136,139,140,143,146,152,154,155,157,159,162,163,164,165
0339_00662	27,54,84,87,90,95,104,107,111,113,123,127,131,134,139,143,144,146,150,151,152,154,155,156,157,158,159,161,162,163,164,165
0339_00663	54,82,92,95,100,104,110,117,123,131,132,136,139,146,151,153,154,155,156,157,158,159,161,162,163,164,165
0339_00665	36,37,43,54,77,79,81,83,88,90,91,96,101,104,105,106,110,111,117,118,120,121,123,127,128,129,131,132,136,137,139,142,143,146,147,151,153,154,155,156,157,158,159,161,164,165
0339_00666	37,43,54,77,79,83,90,91,96,104,106,108,110,111,116,117,118,120,121,123,127,128,129,131,132,136,137,139,142,143,146,147,150,151,154,155,156,157,158,159,160,161,164,165
0339_00667	90,91,104,118,123,128,129,131,132,136,139,140,146,147,154,155,157,159,164
0339_00674	65,82,83,90,91,92,96,100,104,105,108,110,111,113,116,117,121,127,131,137,139,142,143,147,151,152,153,154,155,156,157,158,159,160,161,162,163,164,165
0339_00675	53,54,57,72,82,83,89,90,91,96,98,109,112,120,123,126,127,128,131,132,137,138,139,140,143,146,150,152,153,155,157,159,163,164,165
0339_00676	53,54,57,72,82,89,90,91,98,109,120,123,126,127,131,132,137,138,139,140,143,145,146,150,152,153,155,157,159,163,164,165
0339_00677	53,54,57,72,82,89,90,91,98,109,120,123,126,127,131,132,137,138,139,140,143,145,146,150,152,153,155,157,159,163,164,165
0339_00678	53,54,57,72,82,89,90,91,98,109,120,123,126,127,131,132,137,138,139,140,143,145,146,150,152,153,155,157,159,163,164,165
0339_00679	53,54,57,72,82,83,89,90,91,96,98,104,109,112,120,123,126,127,128,131,132,137,138,139,140,143,146,150,152,153,155,157,159,163,164,165
0339_00687	89,104,115,123,132,136,139,146,152,154,155,157,159,160,164
0339_00689	53,54,57,72,89,90,91,98,104,109,123,127,131,132,137,139,140,143,146,150,152,153,157,159,163,164,165
0339_00690	53,54,57,72,89,90,91,98,104,109,123,127,131,132,137,139,140,143,146,150,152,153,157,159,163,164,165
0339_00691	53,54,72,82,89,90,91,104,109,131,132,139,140,146,152,153,154,155,157,159,164
0339_00692	53,54,57,72,89,98,123,127,131,137,139,140,143,146,150,152,154,157,159,163,164,165
0339_00693	53,54,57,72,82,83,89,90,91,96,109,123,127,131,132,137,139,140,143,146,150,152,153,155,157,159,164,165
0339_00697	43,65,89,92,98,110,113,117,121,127,131,137,139,143,151,154,156,157,159,161,162,163,164,165
0339_00698	54,65,83,95,96,121,123,131,137,139,151,154,156,157,159,161,162,164,165
0339_00702	89,93,115,116,123,126,132,136,146,149,152,154,155,157,159,160,164
0339_00710	53,54,57,72,82,83,89,90,91,96,104,109,112,123,127,128,131,132,137,138,139,140,143,146,150,152,153,155,157,159,164,165
0339_00711	53,54,57,72,82,89,90,91,98,104,109,112,123,127,129,131,132,137,138,139,140,143,146,150,152,153,155,157,159,163,164,165
0339_00712	53,54,72,89,127,131,139,140,143,146,150,152,157,159,163,164,165
0339_00713	53,54,57,72,82,89,90,91,98,109,123,127,131,132,137,139,140,143,146,150,152,153,155,157,159,163,164,165
0339_00714	53,54,57,72,82,89,90,91,98,109,123,127,131,132,137,139,140,143,146,150,152,153,155,157,159,163,164,165
0339_00715	53,54,57,72,82,89,90,91,98,109,123,127,131,132,137,139,140,143,146,150,152,153,155,157,159,163,164,165
0339_00716	53,54,57,72,82,89,90,91,98,109,123,127,131,132,137,139,140,143,146,150,152,153,155,157,159,163,164,165
0339_00717	53,54,72,82,89,90,91,104,109,131,132,138,139,140,146,152,153,154,155,157,159,164
0339_00718	53,54,57,72,82,89,90,91,98,104,109,112,123,127,129,131,132,137,138,139,140,143,146,150,152,153,155,157,159,163,164,165
0339_00719	53,54,72,82,89,90,91,104,109,131,132,138,139,140,146,152,153,155,157,159,164
0339_00720	53,54,72,82,89,90,91,104,109,131,132,138,139,140,146,152,153,155,157,159,164
0339_00727	53,89,113,123,127,131,139,140,143,144,146,150,152,154,157,159,162,163,164,165
0339_00735	54,74,90,92,95,104,108,110,111,115,117,123,131,136,139,141,146,149,151,154,155,156,157,158,159,160,161,164
0339_00737	113,123,126,127,143,152,154,157,159,160,162,163,164,165
0339_00738	104,123,132,139,154,155,157,159,162,163,164,165
0339_00742	90,91,104,113,123,127,131,132,139,140,143,144,146,150,152,154,155,157,159,162,163,164,165
0339_00744	72,93,104,113,123,126,127,131,132,139,140,143,144,146,150,152,154,155,157,159,160,162,163,164,165
0339_00745	54,72,90,104,113,123,127,131,132,139,140,143,146,152,154,155,157,159,162,163,164,165
0339_00746	54,72,93,113,123,126,127,131,139,140,143,144,146,150,152,154,157,159,160,162,163,164,165
0339_00769	90,91,99,104,108,114,115,116,118,123,128,129,132,139,147,154,155,157,159,160,164
0339_00770	90,91,99,104,108,114,115,116,118,123,128,129,132,139,147,154,155,157,159,160,164
0339_00827	54,72,74,90,104,115,123,131,132,139,146,149,152,154,155,157,159,160,164
0339_00828	54,72,90,91,104,123,131,132,136,139,140,146,147,152,154,155,157,159,164
0339_00829	53,54,72,89,123,131,136,139,140,146,152,154,157,159,164
0339_00831	54,82,90,92,95,100,104,108,110,114,115,117,123,128,131,132,136,139,146,149,151,153,154,155,156,157,158,159,160,161,164
0339_00832	54,72,90,91,104,118,123,131,132,136,139,140,146,147,152,154,155,157,159,164
0339_00833	90,104,113,123,127,131,132,139,143,146,147,152,154,155,157,159,162,163,164,165
0339_00835	53,54,66,72,74,89,90,104,112,116,123,131,132,136,139,140,146,149,152,154,155,157,159,160,164
0339_00836	65,83,90,91,96,104,105,118,121,123,131,132,137,139,147,151,154,155,156,157,159,161,162,163,164,165
0339_00837	53,54,66,72,89,90,91,104,112,116,123,131,132,136,139,140,146,152,154,155,157,159,160,164
0339_00843	72,90,91,104,123,131,132,136,139,140,146,147,152,154,155,157,159,164
0339_00844	72,90,91,104,118,123,131,132,136,139,140,146,147,152,154,155,157,159,164
0339_00845	53,66,89,91,104,112,115,123,131,132,136,139,140,146,152,154,155,157,159,160,164
0339_00846	54,72,113,123,127,131,139,140,143,146,152,154,157,159,162,163,164,165
0339_00847	90,91,104,123,131,132,136,139,140,146,154,155,157,159,164
0339_00848	53,89,104,113,123,127,131,132,139,140,143,146,152,154,155,157,159,162,163,164,165
0339_00849	65,83,90,91,96,104,105,121,123,131,132,137,139,147,151,154,155,156,157,159,161,162,163,164,165
0339_00850	54,72,90,93,104,113,123,126,127,131,132,139,140,143,144,146,150,152,154,155,157,159,160,162,163,164,165
0339_00853	91,104,115,123,131,132,136,139,140,146,154,155,157,159,160,164
0339_00854	53,89,91,104,123,131,132,136,139,140,146,152,154,155,157,159,164
0339_00856	50,54,74,76,82,92,95,99,100,104,110,117,123,131,132,136,139,146,149,151,153,154,155,156,157,158,159,160,161,164
0339_00857	90,91,104,115,116,123,129,131,132,136,139,140,146,147,154,155,157,159,160,164
0339_00858	53,54,72,89,90,91,114,115,123,131,136,139,140,146,147,152,154,155,157,159,160,164
0339_00859	53,89,90,91,104,118,123,128,129,131,132,136,139,140,146,147,152,154,155,157,159,164
0339_00860	54,72,93,113,123,126,127,131,139,140,143,144,146,150,152,154,157,159,160,162,163,164,165
0339_00861	53,89,90,91,104,118,123,128,129,131,132,136,139,140,146,147,152,154,155,157,159,164
0339_00865	72,74,123,136,139,146,149,152,154,157,159,160,164
0339_00869	54,82,90,91,95,98,100,104,111,121,123,127,129,131,132,137,139,143,146,147,151,152,153,154,156,157,158,159,161,163,164,165
0339_00870	104,113,123,127,131,132,139,143,146,152,154,155,157,159,162,163,164,165
0339_00871	37,38,43,53,54,77,79,80,83,84,89,92,95,96,97,106,110,117,120,121,127,131,133,136,137,142,143,146,150,151,154,156,158,159,161,164,165
0339_00872	57,65,83,89,91,95,96,97,98,105,109,113,120,121,123,127,137,139,143,144,146,150,152,153,154,156,157,159,160,161,162,163,164,165
0339_00873	50,76,90,91,99,104,123,131,132,136,139,140,146,154,155,157,159,164
0339_00874	54,65,95,97,98,105,113,121,123,125,127,131,136,137,139,140,143,145,146,151,152,154,156,157,159,161,162,163,164,165
0339_00875	99,123,131,136,139,140,146,154,157,159,164
0339_00877	50,76,99,123,131,136,139,140,146,154,157,159,160,164
0339_00878	90,91,104,118,123,131,132,136,139,140,146,147,154,155,157,159,164
0339_00879	90,91,104,118,123,129,131,132,136,139,140,146,147,154,155,157,159,164
0339_00880	57,72,83,96,123,131,136,137,139,140,146,152,154,157,159,162,164,165
0339_00881	37,43,53,54,77,80,89,90,91,92,95,97,98,104,106,110,111,117,120,121,123,127,131,132,136,137,139,140,142,143,146,151,154,156,157,158,159,161,163,164,165
0339_00882	53,54,57,72,76,82,83,89,91,96,99,104,109,123,127,131,132,137,139,140,143,146,150,152,153,154,155,157,159,164,165
0339_00884	53,54,66,72,89,90,91,104,112,123,131,132,136,139,140,146,152,154,155,157,159,164
0339_00885	54,82,92,95,99,100,104,110,117,123,131,132,136,139,146,151,153,154,155,156,157,158,159,161,162,163,164,165
0339_00886	25,43,53,54,77,78,84,90,91,95,97,100,104,106,111,118,119,123,131,132,136,139,140,142,146,147,151,153,154,155,156,157,158,159,161,164
0339_00887	99,123,131,136,139,140,146,154,157,159,164
0339_00888	65,83,96,97,105,121,137,151,154,156,161,162,163,164,165
0339_00889	53,65,83,96,97,105,121,123,131,137,139,151,154,156,157,159,161,162,163,164,165
0339_00892	65,83,90,91,96,104,105,121,123,131,132,137,139,151,154,155,156,157,159,161,162,163,164,165
0339_00893	65,83,96,99,105,121,123,131,137,139,151,154,156,157,159,161,162,163,164,165
0339_00894	54,65,95,97,98,105,113,121,123,125,127,131,136,137,139,143,145,146,151,152,154,156,157,159,161,162,163,164,165
0339_00895	53,54,72,89,90,91,104,123,131,132,136,139,140,146,152,154,155,157,159,164
0339_00897	54,65,72,83,90,91,96,104,105,121,123,131,132,137,139,146,151,152,154,155,156,157,159,161,162,163,164,165
0339_00899	53,89,123,131,136,139,140,146,154,157,159,160,164
0339_00905	37,43,53,54,65,77,80,89,92,95,97,98,106,110,113,117,120,121,123,127,131,136,137,139,140,142,143,146,151,154,156,157,159,161,162,163,164,165
0339_00906	72,90,123,132,136,139,146,152,154,155,157,159,162,163,164,165
0339_00907	54,72,90,104,123,131,132,139,146,152,154,155,157,159,162,163,164,165
0339_00908	53,54,90,92,95,97,104,108,110,111,117,123,131,132,136,139,140,146,151,154,155,156,157,158,159,160,161,164
0339_00909	53,54,66,72,89,90,91,104,112,123,127,131,132,139,140,143,146,150,152,154,157,159,163,164,165
0339_00910	54,90,92,95,104,108,110,111,113,117,123,127,131,136,139,140,143,146,151,152,154,155,156,157,158,159,160,161,162,163,164,165
0339_00912	90,104,123,131,132,136,139,140,146,147,154,155,157,159,164
0339_00915	65,77,79,83,96,99,120,121,123,131,137,139,142,151,154,156,157,159,161,162,164,165
0339_00917	50,54,76,82,92,95,99,100,104,108,110,117,123,131,132,136,139,146,149,151,153,154,155,156,157,158,159,160,161,164
0339_00919	53,89,90,91,104,123,129,131,132,136,139,140,146,147,152,154,155,157,159,164
0339_00922	54,72,90,104,113,123,127,131,132,139,140,143,146,152,154,155,157,159,162,163,164,165
0339_00923	29,47,67,69,81,88,89,92,93,94,102,106,110,112,117,124,126,130,136,141,146,148,149,151,154,156,157,158,159,160,161,164
0339_00929	42,65,80,87,89,92,97,98,106,107,110,112,113,117,121,125,126,127,133,134,135,137,142,143,144,145,150,151,152,154,156,157,158,159,161,162,163,164,165
0339_00940	37,62,65,75,77,80,85,89,90,91,92,96,97,98,104,105,106,110,111,113,117,118,120,121,122,127,129,133,136,137,142,143,144,145,147,148,150,151,154,156,158,159,161,162,163,164,165
0339_00959	45,52,65,66,74,75,76,77,79,80,83,87,94,95,96,97,99,103,107,112,120,121,122,124,134,137,139,141,142,144,148,149,150,152,156,157,158,160,161,162,163,164,165
0339_00963	65,66,77,80,87,97,98,103,107,112,120,121,125,134,137,139,142,144,145,150,152,157,161,162,163,164,165
0339_00965	41,42,57,62,65,72,80,83,87,96,105,106,107,112,113,120,121,123,134,137,142,144,150,151,152,157,159,161,162,163,164,165
0339_00968	52,65,66,75,77,79,80,83,87,90,91,94,95,96,97,100,103,104,107,111,112,114,115,116,118,120,121,122,124,128,129,132,134,137,139,142,144,147,148,150,152,153,155,156,157,158,160,161,162,163,164,165
0339_00970	52,65,66,74,75,77,79,80,83,87,90,91,94,95,96,97,100,103,104,107,108,111,112,116,120,121,122,124,127,128,129,132,134,137,139,142,143,147,148,149,150,152,153,155,156,157,158,160,161,162,163,164,165
0339_00971	52,65,66,74,75,77,79,80,83,87,90,91,94,95,96,97,100,103,104,107,108,111,112,115,116,120,121,122,124,127,128,129,132,134,137,139,142,143,147,148,149,150,152,153,155,156,157,158,160,161,162,163,164,165
0339_00976	50,52,65,66,74,75,76,77,79,80,83,87,90,91,94,95,96,97,99,100,103,104,107,108,111,112,115,116,120,121,122,124,127,128,129,132,134,137,139,142,143,147,148,149,150,152,153,155,156,157,158,160,161,162,163,164,165
0339_00983	66,87,90,91,92,103,107,108,110,112,113,115,116,117,118,127,129,131,133,134,135,139,143,144,145,147,150,151,152,154,156,157,158,159,160,161,162,163,164,165
0339_00984	25,32,33,37,43,51,55,58,59,60,61,64,65,67,69,73,74,77,80,81,85,86,88,89,92,93,94,97,98,102,106,110,112,113,117,120,121,122,124,125,126,127,130,131,133,135,136,137,140,141,142,143,144,145,146,148,149,150,151,154,156,157,158,159,160,161,162,163,164,165
0339_01007	17,66,74,87,92,103,107,110,112,117,134,149,151,154,156,158,160,161,162,163,164,165
0339_01037	23,52,57,62,66,69,72,75,83,89,92,94,95,96,97,106,110,112,113,117,120,121,122,123,124,125,126,127,133,135,136,137,140,142,143,145,146,148,150,151,152,154,156,157,158,159,160,161,162,163,164,165
0339_01038	38,41,42,51,52,59,60,61,62,64,65,67,73,75,77,79,80,81,83,84,87,88,94,96,97,102,103,106,107,112,120,121,122,124,130,133,134,135,137,142,144,148,150,151,156,158,161,162,163,164,165
0339_01068	20,30,34,36,74,81,82,83,86,88,92,93,96,99,100,110,112,117,137,141,144,148,149,150,151,153,154,155,156,158,160,161,162,164,165
0339_01076	36,57,76,81,88,89,91,92,97,98,99,108,109,110,116,117,120,132,133,135,137,138,145,147,150,151,152,153,154,156,157,158,159,160,161,162,163,164,165
0339_01078	37,74,77,85,86,87,93,103,106,107,110,117,122,133,134,135,142,144,148,149,150,151,154,156,158,160,161,162,163,164,165
0339_01096	52,66,69,74,92,94,95,110,112,114,117,122,124,125,136,141,142,145,148,149,151,154,155,156,158,159,160,161,162,163,164,165
0339_01106	41,42,65,79,80,82,92,97,98,100,106,107,110,111,112,117,121,134,137,142,144,150,151,153,154,155,156,158,161,162,163,164,165
0339_01109	25,32,33,37,43,51,55,58,59,60,61,64,65,67,69,73,77,80,81,82,88,89,92,93,94,97,98,100,102,106,110,112,113,116,117,120,121,123,124,125,126,127,130,131,133,135,136,137,140,141,142,143,144,145,146,148,149,150,151,153,154,155,156,157,158,159,160,161,162,163,164,165
0339_01118	32,33,37,38,42,51,52,55,58,60,61,62,65,67,69,73,75,77,79,80,83,85,87,88,93,94,95,96,97,102,103,106,107,110,112,113,117,120,121,122,124,127,130,133,134,135,136,137,142,143,144,146,148,149,150,151,154,156,158,159,160,161,162,163,164,165
0339_01131	24,25,43,49,52,57,63,70,71,77,78,79,82,83,86,90,91,93,94,96,97,100,102,106,108,109,117,119,122,124,128,129,130,131,132,137,138,142,146,147,148,151,153,155,156,157,158,159,160,161,164,165
0339_01134	27,42,51,55,58,60,61,66,67,73,74,86,87,88,92,93,97,102,104,106,107,110,111,112,115,117,124,125,130,131,132,133,134,135,136,140,141,142,144,145,146,148,149,150,151,153,154,155,156,158,159,160,161,162,163,164,165
0339_01135	37,43,65,77,80,87,98,103,106,107,110,117,121,125,131,133,134,135,137,142,145,151,154,156,158,161,162,163,164,165
0339_01143	21,24,38,45,49,56,63,65,70,71,76,77,79,80,85,86,87,90,93,94,97,98,99,100,102,103,107,108,114,116,119,121,122,124,130,134,137,138,142,148,149,151,153,155,156,158,159,160,161,162,163,164,165
0339_01152	32,33,36,37,43,47,52,65,67,70,77,79,80,81,83,88,94,96,106,110,117,120,121,124,130,131,133,135,137,142,151,154,156,158,161,162,163,164,165
0339_01154	42,72,82,87,90,92,95,100,106,107,110,112,113,114,117,125,126,127,128,132,134,143,144,145,150,151,152,153,154,155,156,157,158,159,160,161,162,163,164,165
0339_01157	38,46,52,53,62,65,75,77,79,80,83,87,92,93,94,95,96,97,98,103,107,110,117,120,121,122,124,125,131,133,134,135,136,137,142,144,145,148,149,150,151,154,156,158,159,160,161,162,163,164,165
0339_01164	24,38,42,49,56,63,65,70,71,77,79,80,87,94,97,98,102,103,106,107,112,119,121,122,124,125,130,133,134,135,136,137,140,142,144,145,146,148,150,151,156,158,159,161,162,163,164,165
0339_01165	25,32,33,42,47,51,52,55,58,59,60,61,64,65,67,69,73,77,79,80,81,83,87,88,94,95,96,97,98,102,105,106,107,112,117,120,121,122,124,125,130,133,134,135,136,137,142,144,145,148,150,151,156,158,159,160,161,162,163,164,165
0339_01166	37,42,74,77,85,86,93,106,107,110,112,117,122,133,134,135,142,148,149,151,154,156,158,160,161,162,163,164,165
0339_01169	52,66,69,74,87,92,94,95,103,107,110,112,117,122,124,125,134,136,141,142,145,148,149,151,154,156,158,159,160,161,162,163,164,165
0339_01170	25,32,33,37,43,47,51,52,55,58,59,60,61,64,65,67,69,73,75,77,79,80,81,83,87,88,89,92,93,94,95,96,97,98,102,103,106,107,110,112,113,117,120,121,122,123,124,126,127,130,131,133,134,135,136,137,140,141,142,143,144,146,148,149,150,151,154,156,157,158,159,160,161,162,163,164,165
0339_01181	66,90,91,96,104,105,108,112,115,116,118,123,127,128,129,131,132,139,141,143,145,146,147,149,150,152,154,155,157,159,160,163,164,165
0339_01182	66,90,91,96,104,105,108,112,115,116,118,123,127,128,129,131,132,139,141,143,145,146,147,149,150,152,154,155,157,159,160,163,164,165
0339_01188	66,90,91,96,104,105,108,112,115,116,118,123,127,128,129,131,132,139,140,141,143,145,146,147,149,150,152,154,155,157,159,160,163,164,165
0339_01190	54,66,72,90,91,96,104,105,108,112,115,116,118,123,127,128,129,131,132,139,140,141,143,145,146,147,149,150,152,154,155,157,159,160,163,164,165
0339_01191	54,66,72,90,91,96,104,105,108,112,115,116,118,123,127,128,129,131,132,139,140,141,143,145,146,147,149,150,152,154,155,157,159,160,163,164,165
0339_01192	54,66,72,90,91,96,104,105,108,112,115,116,118,123,127,128,129,131,132,139,140,141,143,145,146,147,149,150,152,154,155,157,159,160,163,164,165
0339_01195	39,40,48,55,58,60,61,66,67,69,73,88,90,91,96,102,104,105,106,108,112,115,116,118,123,124,126,127,128,129,130,131,132,136,139,140,141,143,145,146,147,148,149,150,152,154,155,157,159,160,163,164,165
0339_01196	54,66,82,90,91,92,95,96,100,104,105,108,110,111,112,115,116,117,118,123,127,128,129,131,132,136,139,140,141,143,145,146,147,149,150,151,152,153,154,155,156,157,158,159,160,161,163,164,165
0339_01198	54,66,82,90,91,92,95,96,100,104,105,108,110,111,112,115,116,117,118,123,127,128,129,131,132,136,139,140,141,143,145,146,147,149,150,151,152,153,154,155,156,157,158,159,160,161,163,164,165
0339_01199	54,66,82,90,91,92,95,96,100,104,105,108,110,111,112,115,116,117,118,123,127,128,129,131,132,136,139,140,141,143,145,146,147,149,150,151,152,153,154,155,156,157,158,159,160,161,163,164,165
0339_01200	54,66,82,90,91,92,95,96,100,104,105,108,110,111,112,115,116,117,118,123,127,128,129,131,132,136,139,140,141,143,145,146,147,149,150,151,152,153,154,155,156,157,158,159,160,161,163,164,165
0339_01210	39,40,48,51,53,54,55,58,60,61,66,67,69,72,73,82,88,90,91,92,96,97,100,102,104,105,106,108,110,111,112,115,116,117,118,124,127,128,129,130,131,132,136,138,139,140,141,143,145,146,147,148,149,150,151,152,153,154,155,156,157,158,159,160,161,163,164,165
0339_01211	39,40,48,51,53,54,55,58,60,61,66,67,69,72,73,82,88,90,91,92,96,97,100,102,104,105,106,108,110,111,112,115,116,117,118,124,127,128,129,130,131,132,136,138,139,140,141,143,145,146,147,148,149,150,151,152,153,154,155,156,157,158,159,160,161,163,164,165
0339_01219	39,40,48,49,51,55,58,59,60,61,64,65,67,73,75,81,85,88,97,98,100,102,106,112,114,121,122,124,130,136,137,146,148,153,155,158,159,160,161,162,163,164,165
0339_01220	39,40,48,49,51,55,58,59,60,61,64,65,67,73,75,81,85,88,97,98,100,102,106,111,112,114,115,121,122,124,130,136,137,146,147,148,153,155,158,159,160,161,162,163,164,165
0339_01221	39,40,48,49,51,55,58,59,60,61,64,65,67,73,75,81,85,88,97,98,100,102,106,111,112,114,115,116,118,121,122,124,130,136,137,146,147,148,153,155,158,159,160,161,162,163,164,165
0339_01222	39,40,48,49,51,55,58,59,60,61,64,65,67,73,75,81,85,88,97,98,100,102,106,108,111,112,114,115,116,118,121,122,124,129,130,136,137,146,147,148,153,155,158,159,160,161,162,163,164,165
0339_01223	39,40,48,49,51,55,58,59,60,61,64,65,67,73,75,81,85,88,97,98,100,102,106,108,111,112,114,115,116,118,121,122,124,128,129,130,136,137,146,147,148,153,155,158,159,160,161,162,163,164,165
0339_01224	39,40,48,49,51,55,58,59,60,61,64,65,67,73,75,81,85,88,97,98,100,102,106,108,111,112,114,115,116,118,121,122,124,128,129,130,136,137,146,147,148,153,155,158,159,160,161,162,163,164,165
0339_01225	39,40,48,49,51,55,58,59,60,61,64,65,67,73,75,81,85,88,97,98,100,102,106,108,111,112,114,115,116,118,121,122,124,128,129,130,136,137,146,147,148,153,155,158,159,160,161,162,163,164,165
0339_01226	39,40,48,49,51,55,58,59,60,61,64,65,67,73,75,81,85,88,97,98,100,102,106,108,111,112,114,115,116,118,121,122,124,128,129,130,136,137,146,147,148,153,155,158,159,160,161,162,163,164,165
0339_01227	39,40,48,49,51,55,58,59,60,61,64,65,67,73,75,81,85,88,97,98,100,102,106,108,111,112,114,115,116,118,121,122,124,128,129,130,136,137,146,147,148,153,155,158,159,160,161,162,163,164,165
0339_01228	39,40,48,49,51,55,58,59,60,61,64,65,67,73,75,81,85,88,97,98,100,102,106,108,111,112,114,115,116,118,121,122,124,128,129,130,136,137,146,147,148,153,155,158,159,160,161,162,163,164,165
0339_01229	39,40,48,49,51,55,58,59,60,61,64,65,67,73,75,81,85,88,97,98,100,102,106,108,111,112,114,115,116,118,121,122,124,128,129,130,136,137,146,147,148,153,155,158,159,160,161,162,163,164,165
0339_01230	39,40,48,49,51,55,58,59,60,61,64,65,67,73,75,81,85,88,97,98,100,102,106,108,111,112,114,115,116,118,121,122,124,128,129,130,136,137,146,147,148,153,155,158,159,160,161,162,163,164,165
0339_01231	39,40,48,49,51,55,58,59,60,61,64,65,67,73,75,81,85,88,97,98,100,102,106,108,111,112,114,115,116,118,121,122,124,128,129,130,136,137,146,147,148,153,155,158,159,160,161,162,163,164,165
0339_01232	39,40,48,49,51,55,58,59,60,61,64,65,67,73,75,81,85,88,97,98,100,102,106,108,111,112,114,115,116,118,121,122,124,128,129,130,136,137,146,147,148,153,155,158,159,160,161,162,163,164,165
0339_01233	39,40,48,49,51,55,58,59,60,61,64,65,67,73,75,81,85,88,97,98,100,102,106,108,111,112,114,115,116,118,121,122,124,128,129,130,136,137,146,147,148,153,155,158,159,160,161,162,163,164,165
0339_01234	39,40,48,49,51,55,58,59,60,61,64,65,67,73,75,81,85,88,97,98,100,102,106,108,111,112,114,115,116,118,121,122,124,128,129,130,136,137,146,147,148,153,155,158,159,160,161,162,163,164,165
0339_01235	39,40,48,49,51,55,58,59,60,61,64,65,67,73,75,81,85,88,97,98,100,102,106,108,111,112,114,115,116,118,121,122,124,128,129,130,136,137,146,147,148,153,155,158,159,160,161,162,163,164,165
0339_01236	39,40,48,49,51,55,58,59,60,61,64,65,67,73,75,81,85,88,97,98,100,102,106,108,111,112,114,115,116,118,121,122,124,128,129,130,136,137,146,147,148,153,155,158,159,160,161,162,163,164,165
0339_01237	39,40,48,49,51,55,58,59,60,61,64,65,67,73,75,81,85,88,97,98,100,102,106,108,111,112,114,115,116,118,121,122,124,128,129,130,136,137,146,147,148,153,155,158,159,160,161,162,163,164,165
