id	bits.on
0058_00001	10,11,12,15,19,20,179,180,256,284,285,286,287,300,309,333,334,342,345,346,352,353,356,357,366,371,372,382,383,385,394,407,417,431,435,442,447,471,491,499,517,521,525,529,542,543,545,549,553,557,565,568,571,574,575,579,583,585,591,593,596,600,604,607,608,609,618,619,620,632,635,638,641,642,644,652,656,661,664,665,668,669,678,679,680,681,684,689,690,692,697,699,700,709,710,711,715,736,762,778,799,825
0058_00002	10,11,12,15,16,19,144,146,147,179,180,256,257,258,284,285,286,287,300,309,333,334,341,342,345,346,352,353,356,357,358,359,366,371,372,373,374,377,378,382,383,385,386,387,388,391,393,394,397,400,401,404,407,417,419,431,432,435,436,438,442,443,446,447,448,450,454,465,471,473,483,491,492,496,499,503,507,517,521,522,524,525,528,529,531,539,540,541,542,543,546,547,549,550,553,556,557,565,571,574,575,577,578,579,583,585,586,591,593,596,600,601,604,607,608,609,614,618,619,620,629,634,635,638,641,642,644,652,656,657,658,661,665,666,668,669,678,679,680,681,683,684,689,690,692,697,698,699,700,703,709,710,711,713,722,736,759,785,799,822
0058_00003	10,11,19,20,179,180,256,284,285,287,309,333,342,345,353,356,371,372,382,383,385,407,417,435,442,447,471,491,499,517,521,525,542,543,545,549,553,557,565,568,571,574,575,576,579,583,585,591,596,600,604,607,609,618,619,620,632,635,638,640,641,642,652,654,656,661,664,665,668,669,678,679,680,681,690,691,702,741,762,804,825
0058_00004	10,11,15,19,20,21,144,147,256,257,284,285,286,287,300,309,333,342,345,346,347,352,353,356,366,367,371,372,381,382,385,391,393,394,406,407,410,417,421,433,435,437,440,441,442,444,447,449,452,453,463,465,471,477,491,494,499,517,521,525,529,536,537,538,541,542,543,549,550,553,554,557,565,566,567,571,574,575,579,580,583,585,590,593,595,596,598,600,603,604,605,606,607,608,609,614,615,616,620,621,624,627,629,633,634,635,638,641,642,646,647,652,656,657,660,661,665,667,669,672,673,678,679,681,684,685,692,694,695,696,703
0058_00005	10,11,12,19,20,21,179,180,256,284,285,287,309,333,334,342,345,353,356,357,367,371,372,375,381,382,383,385,406,407,417,421,431,435,441,442,444,447,453,471,477,491,499,517,521,525,542,543,545,549,553,554,557,565,566,568,571,574,575,576,579,583,585,590,591,595,596,600,604,605,607,609,618,619,620,627,631,632,635,638,640,641,642,652,654,656,661,663,664,665,667,668,669,672,673,678,679,680,681,689,690,691,700,701,702,709,710,711,715,736,741,762,778,799,804,825
0058_00006	10,11,15,19,20,179,180,256,284,285,286,287,300,309,333,334,341,342,345,352,353,356,357,371,372,377,378,381,382,383,385,394,407,417,421,431,435,438,441,442,444,447,450,453,465,471,491,494,499,517,521,525,536,542,543,544,546,549,550,553,554,557,565,567,571,574,575,579,580,581,583,585,588,591,593,596,598,600,601,604,607,608,609,618,619,620,624,625,634,635,638,639,641,642,652,656,661,665,666,668,669,672,673,674,678,679,680,681,682,684,685,687,689,690,693,699,700,705,709,710,711,736,759,764,799,822,827
0058_00007	10,11,12,19,20,21,179,180,256,284,285,287,309,333,334,342,345,353,356,357,367,371,372,375,381,382,383,385,406,407,417,421,431,435,441,442,444,447,453,471,477,491,494,499,517,521,525,536,542,543,545,549,553,554,557,565,566,568,571,574,575,579,580,583,585,590,591,595,596,598,600,604,605,607,609,618,619,620,624,627,631,632,635,638,641,642,652,656,661,663,664,665,667,668,669,672,673,678,679,680,681,682,685,687,689,690,691,693,694,699,700,702,705,706,709,710,711,715,736,762,778,799,825
0058_00008	10,11,12,15,19,20,21,179,180,256,284,285,286,287,300,309,333,334,345,346,347,352,353,356,357,366,367,371,372,381,385,391,393,394,407,417,421,431,435,440,441,442,444,447,452,453,463,465,471,491,494,517,521,525,529,536,537,538,541,550,553,554,557,560,565,567,568,571,572,579,580,583,585,593,596,598,600,603,604,608,609,614,619,624,629,634,635,641,646,647,657,660,661,664,665,669,672,673,678,679,680,684,685,689,693,705,709,710,711
0058_00009	10,11,12,13,19,20,21,22,179,180,186,187,256,284,285,287,309,333,334,338,340,342,345,347,353,356,357,367,371,372,381,382,383,385,406,407,417,421,431,435,441,442,444,447,453,463,471,491,499,517,521,525,536,538,542,543,545,549,553,554,557,565,568,571,572,574,575,579,580,583,585,591,595,596,600,604,607,609,615,618,619,620,632,635,638,640,641,642,652,656,661,663,664,665,667,668,669,672,673,678,679,680,681,682,685,687,689,690,691,693,694,699,700,701,702,705,706,709,710,711,715,736,762,778,783,799,804,825
0058_00010	10,11,12,15,19,20,21,179,180,256,284,285,286,287,300,309,333,334,342,345,346,352,353,356,357,366,371,372,381,382,383,385,391,393,394,407,417,421,431,435,440,441,442,444,447,452,453,465,471,491,494,499,517,521,525,529,536,537,541,542,543,549,550,553,554,557,565,567,571,574,575,579,580,583,585,591,593,596,598,600,603,604,607,608,609,614,618,619,620,624,629,634,635,638,641,642,646,647,652,656,657,660,661,665,668,669,672,673,678,679,680,681,684,685,689,690,692,693,694,703,705,706,709,710,711,715,778
0058_00011	10,11,12,19,20,21,22,179,180,182,186,189,193,256,257,258,284,285,287,309,333,334,340,342,345,347,348,353,356,357,367,368,371,372,381,382,383,385,386,406,407,410,417,421,431,433,435,441,442,444,447,453,471,477,491,494,499,517,521,525,536,542,543,545,549,553,554,557,564,565,566,568,571,572,574,575,576,579,580,582,583,585,590,591,595,596,598,600,604,605,607,609,611,615,618,619,620,621,623,624,626,627,631,632,633,635,638,640,641,642,643,652,654,656,661,662,663,664,665,667,668,669,672,673,678,679,680,681,682,685,687,689,690,691,693,694,695,697,699,700,701,702,705,706,707,709,710,711,715,720,736,741,757,762,778,783,799,804,820,825
0058_00012	10,11,12,13,19,20,21,22,179,180,182,186,187,189,193,200,256,257,258,260,284,285,287,309,333,334,340,342,345,347,348,353,356,357,367,368,371,372,381,382,383,385,386,406,407,410,417,421,431,433,435,442,444,447,463,471,477,491,494,499,521,525,536,538,542,543,545,549,553,554,557,564,565,566,568,571,572,574,575,576,579,580,582,583,585,590,591,595,596,598,600,604,605,606,607,609,611,615,618,619,620,621,624,626,627,631,632,633,635,638,640,641,642,643,652,654,656,661,662,663,664,665,667,668,669,672,673,678,679,680,681,682,685,687,689,690,691,693,694,697,698,699,700,701,702,705,706,709,710,711,715,736,741,757,762,778,799,804,820,825
0058_00013	10,11,12,19,20,21,179,180,185,186,187,193,256,258,284,285,287,309,333,334,340,342,345,347,353,356,357,367,371,372,382,383,385,406,407,417,431,435,442,447,471,477,491,499,521,525,542,543,545,549,553,557,565,566,568,571,572,574,575,576,579,583,585,590,591,595,596,600,604,605,607,609,615,618,619,620,621,627,632,633,635,638,640,641,642,652,654,656,661,663,664,665,667,668,669,678,679,680,681,682,689,690,691,697,698,699,700,701,702,709,710,711,715,736,741,757,762,778,799,804,820,825
0058_00014	10,11,12,13,19,20,21,22,179,180,182,186,187,189,193,200,256,257,258,260,284,285,287,309,333,334,340,342,345,347,348,353,356,357,367,368,371,372,381,382,383,385,386,406,407,410,417,421,431,433,435,442,444,447,463,471,477,491,494,499,517,521,525,536,538,542,543,545,549,553,554,557,564,565,566,568,571,572,574,575,576,579,580,582,583,585,590,591,595,596,598,600,604,605,606,607,609,611,615,618,619,620,621,624,626,627,631,632,633,635,638,640,641,642,643,652,654,656,661,662,663,664,665,667,668,669,672,673,678,679,680,681,682,685,687,689,690,691,693,694,697,698,699,700,701,702,705,706,709,710,711,715,736,741,757,762,778,799,804,820,825
0058_00015	10,11,12,13,19,20,21,22,179,180,182,186,187,189,193,200,256,257,258,260,284,285,287,309,333,334,340,342,345,347,348,353,356,357,367,368,371,372,381,382,383,385,386,406,407,410,417,421,431,433,435,442,444,447,463,471,477,491,494,499,521,525,536,538,542,543,545,549,553,554,557,564,565,566,568,571,572,574,575,576,579,580,582,583,585,590,591,595,596,598,600,604,605,606,607,609,611,615,618,619,620,621,624,626,627,631,632,633,635,638,640,641,642,643,652,654,656,661,662,663,664,665,667,668,669,672,673,678,679,680,681,682,685,687,689,690,691,693,694,697,698,699,700,701,702,705,706,709,710,711,715,736,741,757,762,778,799,804,820,825
0058_00016	10,11,12,15,19,20,179,180,181,182,186,256,257,258,284,285,286,287,300,309,333,334,341,342,345,352,353,356,357,358,359,371,372,377,378,381,382,383,385,386,387,388,391,393,394,397,400,401,404,407,417,419,421,431,432,433,435,438,441,442,443,444,447,450,453,454,462,465,471,473,483,491,494,495,496,503,507,517,521,524,525,528,531,536,537,539,540,546,547,549,550,553,554,556,557,565,567,571,574,575,577,578,579,580,581,583,585,586,593,596,598,600,601,603,604,608,609,614,618,619,620,624,625,629,634,635,638,641,642,644,656,657,658,660,661,665,666,668,669,672,673,674,678,679,680,681,684,685,687,688,689,690,693,697,699,700,705,709,710,711,759,822
0058_00017	10,11,12,13,19,20,21,22,179,180,182,186,187,189,193,200,256,257,258,260,284,285,287,309,333,334,340,342,345,347,348,353,356,357,367,368,371,372,381,382,383,385,386,406,407,410,417,421,431,433,435,442,444,447,463,471,477,491,494,499,517,521,525,536,538,542,543,545,549,553,554,557,564,565,566,568,571,572,574,575,576,579,580,582,583,585,590,591,595,596,598,600,604,605,606,607,609,611,615,618,619,620,621,624,626,627,631,632,633,635,638,640,641,642,643,652,654,656,661,662,663,664,665,667,668,669,672,673,678,679,680,681,682,685,687,689,690,691,693,694,697,698,699,700,701,702,705,706,709,710,711,715,736,741,757,762,778,799,804,820,825
0058_00018	10,11,12,19,20,179,180,256,284,285,287,309,333,334,342,345,353,356,357,371,372,381,382,383,385,407,417,421,431,435,441,442,444,447,453,471,491,499,517,521,525,536,542,543,549,553,557,565,571,574,575,579,580,583,585,591,596,598,600,604,607,609,618,619,620,635,638,641,642,652,656,661,665,668,669,678,679,680,681,685,689,690,693,697,699,705,709,710,711,715,778
0058_00019	10,11,12,13,19,20,21,22,179,180,186,187,256,284,285,287,309,333,334,338,340,342,345,347,353,356,357,367,371,372,381,382,383,385,406,407,417,421,431,435,441,442,444,447,453,463,471,491,499,517,521,525,536,538,542,543,545,549,553,554,557,565,568,571,572,574,575,579,580,583,585,591,595,596,600,604,607,609,615,618,619,620,632,635,638,640,641,642,652,656,661,663,664,665,667,668,669,672,673,678,679,680,681,682,685,687,689,690,691,693,694,699,700,701,702,705,706,709,710,711,715,736,762,778,783,799,804,825
0058_00020	10,11,12,13,19,20,21,22,179,180,186,187,256,284,285,287,309,333,334,338,340,342,345,347,353,356,357,367,371,372,381,382,383,385,406,407,417,421,431,435,441,442,444,447,453,463,471,491,499,517,521,525,536,538,542,543,545,549,553,554,557,565,568,571,572,574,575,579,580,583,585,591,595,596,600,604,607,609,615,618,619,620,632,635,638,640,641,642,652,656,661,663,664,665,667,668,669,672,673,678,679,680,681,682,685,687,689,690,691,693,694,699,700,701,702,705,706,709,710,711,715,736,762,778,783,799,804,825
0058_00021	10,11,12,15,16,19,20,144,146,147,179,180,256,257,258,284,285,286,287,300,309,333,334,341,342,345,346,352,353,356,357,358,359,366,371,372,373,374,375,377,378,382,383,385,386,387,388,391,393,394,397,400,401,404,407,417,419,421,431,432,435,436,438,440,442,443,444,446,447,448,450,452,454,465,471,473,483,491,492,496,499,503,507,517,521,522,524,525,528,529,531,539,540,541,542,543,546,547,549,550,553,556,557,565,571,574,575,577,578,579,583,585,586,591,593,596,600,601,604,607,608,609,614,618,619,620,629,634,635,638,641,642,644,646,647,652,656,657,658,661,665,666,668,669,678,679,680,681,683,684,689,690,692,697,698,699,700,703,709,710,711,713,722,736,759,785,799,822
0058_00022	10,11,19,20,21,179,180,256,284,285,287,309,333,334,342,345,353,356,357,371,372,381,382,383,385,407,417,421,431,435,441,442,444,447,453,471,491,494,499,517,521,525,536,542,543,549,553,554,557,565,571,574,575,576,579,580,582,583,585,591,596,598,600,604,607,609,618,619,620,624,626,635,638,640,641,642,643,652,656,661,665,668,669,672,673,678,679,680,681,682,685,687,689,690,693,699,700,705,709,710,711,720,736,757,783,799,820
0058_00023	10,11,12,15,19,20,21,34,144,146,147,179,180,256,257,258,284,285,286,287,294,300,309,333,334,341,345,347,352,353,354,356,357,358,359,367,371,372,377,378,384,385,386,387,388,391,393,394,397,400,401,404,407,409,415,417,419,431,432,435,438,442,443,447,450,454,458,459,460,465,466,469,471,473,474,476,479,482,483,491,496,503,507,517,521,524,525,528,531,532,539,540,546,547,550,553,556,557,565,571,572,577,578,579,583,585,586,593,596,600,601,604,608,609,614,618,619,629,634,635,638,641,642,644,656,657,658,661,665,666,669,678,679,680,681,683,684,689,690,692,697,698,699,703,704,709,710,711,713,759,822
0058_00024	10,11,19,20,179,180,256,284,285,287,309,333,342,345,353,356,367,371,372,375,382,383,385,406,407,417,435,442,447,471,477,491,499,517,521,525,542,543,545,549,553,557,565,566,568,571,574,575,576,579,583,585,590,591,595,596,600,604,605,607,609,618,619,620,627,631,632,635,638,640,641,642,652,654,656,661,663,664,665,667,668,669,678,679,680,681,690,691,701,702,741,762,804,825
0058_00025	10,11,12,19,20,21,179,180,182,186,256,257,258,284,285,287,309,333,334,342,345,353,356,357,371,372,381,382,383,385,386,406,407,410,417,421,431,433,435,441,442,444,447,453,463,471,477,491,494,499,517,521,525,536,538,542,543,545,549,553,554,557,565,566,568,571,574,575,576,579,580,582,583,585,590,591,595,596,598,600,604,605,607,609,615,618,619,620,621,623,624,626,627,631,632,633,635,638,640,641,642,643,652,654,656,661,663,664,665,667,668,669,672,673,678,679,680,681,685,689,690,691,693,694,695,697,699,700,701,702,705,706,707,709,710,711,715,736,741,757,762,778,799,804,820,825
0058_00026	10,11,12,19,20,21,179,180,256,284,285,287,309,333,334,342,345,353,356,357,367,371,372,375,381,382,383,385,406,407,417,421,431,435,441,442,444,447,453,471,477,491,494,499,521,525,536,542,543,545,549,553,554,557,565,566,568,571,574,575,576,579,580,583,585,590,591,595,596,598,600,604,605,607,609,618,619,620,624,627,631,632,635,638,640,641,642,652,654,656,661,663,664,665,667,668,669,672,673,678,679,680,681,682,685,687,689,690,691,693,694,699,700,701,702,705,706,709,710,711,715,736,741,762,778,799,804,825
0058_00027	10,11,12,13,19,20,21,22,179,180,186,187,193,194,256,258,284,285,287,309,333,334,338,340,342,345,347,353,356,357,367,371,372,381,382,383,385,406,407,417,421,431,435,441,442,444,447,453,463,471,491,499,517,521,525,536,538,542,543,545,549,553,554,557,565,568,571,572,574,575,579,580,583,585,591,595,596,600,604,606,607,609,615,618,619,620,632,635,638,640,641,642,652,656,661,663,664,665,667,668,669,672,673,678,679,680,681,682,685,687,689,690,691,693,694,699,700,701,702,705,706,709,710,711,715,736,762,778,783,799,804,825
0058_00028	10,11,12,19,20,21,179,180,182,186,256,257,258,284,285,287,309,333,334,342,345,353,356,357,371,372,381,382,383,385,386,406,407,410,417,421,431,433,435,441,442,444,447,453,471,477,491,494,499,517,521,525,536,542,543,545,549,553,554,557,565,566,568,571,574,575,576,579,580,582,583,585,590,591,595,596,598,600,604,605,607,609,615,618,619,620,621,623,624,626,627,632,633,635,638,640,641,642,643,652,654,656,661,664,665,667,668,669,672,673,678,679,680,681,682,685,687,689,690,691,693,694,695,697,699,700,701,702,705,706,707,709,710,711,715,720,736,741,757,762,778,783,799,804,820,825
0058_00029	10,11,12,13,19,20,21,22,179,180,185,186,187,193,194,200,256,258,260,284,285,287,309,333,334,340,342,345,347,353,356,357,367,371,372,381,382,383,385,406,407,417,421,431,435,441,442,444,447,453,471,477,491,494,499,521,525,536,542,543,545,549,553,554,557,565,566,568,571,574,575,576,579,580,583,585,590,591,595,596,598,600,604,605,607,609,615,618,619,620,621,624,627,632,633,635,638,640,641,642,652,654,656,661,663,664,665,667,668,669,672,673,678,679,680,681,682,685,687,689,690,691,693,694,697,698,699,700,701,702,705,706,709,710,711,715,736,741,757,762,778,799,804,820,825
0058_00030	10,11,12,19,20,21,22,179,180,185,186,187,193,256,258,284,285,287,309,333,334,340,342,345,347,353,356,357,367,371,372,382,383,385,406,407,417,421,431,433,435,442,444,447,463,471,477,491,494,499,521,525,536,538,542,543,545,549,553,554,557,565,566,568,571,572,574,575,576,579,580,582,583,585,590,591,595,596,598,600,604,605,607,609,615,618,619,620,621,624,626,627,632,633,635,638,640,641,642,643,652,654,656,661,663,664,665,667,668,669,672,678,679,680,681,682,685,689,690,691,693,694,697,698,699,700,701,702,705,706,709,710,711,715,736,741,757,762,778,799,804,820,825
0058_00031	10,11,12,13,19,20,21,22,23,179,180,182,186,187,189,193,196,200,207,256,257,258,260,284,285,287,309,333,334,340,342,345,347,348,353,356,357,367,368,371,372,381,382,383,385,386,406,407,410,417,421,431,433,435,442,444,447,463,471,477,491,494,499,517,521,525,536,538,542,543,545,549,553,554,557,564,565,566,568,571,572,574,575,576,579,580,582,583,585,589,590,591,595,596,598,600,604,605,606,607,609,611,615,618,619,620,621,624,626,627,631,632,633,635,638,640,641,642,643,652,654,656,661,662,663,664,665,667,668,669,672,673,678,679,680,681,682,685,687,689,690,691,693,694,697,698,699,700,701,702,705,706,709,710,711,715,736,741,757,762,778,799,804,820,825
0058_00032	10,11,12,15,16,19,20,144,146,147,179,180,256,257,258,284,285,286,287,300,309,333,334,341,342,345,346,352,353,356,357,358,359,366,367,371,372,373,374,375,377,378,382,383,385,386,387,388,391,393,394,397,400,401,404,406,407,417,419,421,431,432,435,436,438,440,442,443,444,446,447,448,450,452,454,465,471,473,477,483,491,492,496,499,503,507,521,522,524,525,528,529,531,539,540,541,542,543,545,546,547,549,550,553,556,557,565,566,568,571,574,575,577,578,579,583,585,586,590,591,593,595,596,600,601,604,605,607,608,609,614,618,619,620,627,629,631,632,634,635,638,639,641,642,644,646,647,652,653,656,657,658,661,663,664,665,666,667,668,669,678,679,680,681,683,684,689,690,692,697,698,699,700,703,704,709,710,711,713,715,722,736,743,759,762,778,785,799,806,822,825
0058_00033	10,11,12,15,16,19,144,146,147,179,180,256,257,258,284,285,286,287,300,333,334,341,345,346,352,353,356,357,358,359,366,371,372,373,374,377,378,385,386,387,388,391,393,394,397,400,401,404,417,419,421,431,432,435,436,438,440,442,443,444,446,447,448,450,452,454,465,471,473,483,491,492,496,503,507,517,521,522,524,525,528,529,531,536,539,540,541,546,547,550,553,556,557,565,571,577,578,579,580,583,585,586,593,596,598,600,601,604,608,609,614,619,629,634,635,641,644,657,658,661,665,666,669,678,679,680,684,685,686,689,693,696,697,698,705,708,709,710,711,713,759,822
0058_00034	10,11,12,13,19,20,21,22,179,180,182,186,187,189,193,200,256,257,258,260,284,285,287,309,333,334,340,342,345,347,353,356,357,367,371,372,382,383,385,386,406,407,410,417,421,431,433,435,442,444,447,471,477,491,494,499,517,521,525,536,542,543,545,549,553,554,557,565,566,568,571,572,574,575,576,579,580,582,583,585,589,590,591,595,596,598,600,604,605,607,609,615,618,619,620,621,624,626,627,632,633,635,638,640,641,642,643,652,654,656,661,663,664,665,667,668,669,672,673,678,679,680,681,682,685,687,689,690,691,693,694,697,698,699,700,701,702,705,706,709,710,711,715,735,736,741,757,762,778,798,799,804,820,825
0058_00035	10,11,12,15,19,20,21,179,180,256,284,285,286,287,300,309,333,334,342,345,346,352,353,356,357,366,371,372,381,382,383,385,391,393,394,407,417,421,431,435,440,441,442,444,447,452,453,465,471,491,494,499,517,521,525,529,536,537,541,542,543,549,550,553,554,557,565,567,571,574,575,579,580,582,583,585,591,593,596,598,600,603,604,607,608,609,614,618,619,620,624,626,629,634,635,638,639,641,642,643,646,647,652,656,657,660,661,665,668,669,672,673,678,679,680,681,684,685,689,690,693,699,705,709,710,711,757,820
0058_00036	10,11,12,13,19,20,21,22,179,180,182,186,187,189,193,200,256,257,258,260,284,285,287,309,333,334,340,342,345,347,348,353,356,357,367,368,371,372,381,382,383,385,386,406,407,410,417,421,431,433,435,442,444,447,463,471,477,491,494,499,517,521,525,536,538,542,543,545,549,553,554,557,564,565,566,568,571,572,574,575,576,579,580,582,583,585,589,590,591,595,596,598,600,604,605,606,607,609,611,615,618,619,620,621,624,626,627,631,632,633,635,638,640,641,642,643,652,654,656,661,662,663,664,665,667,668,669,672,673,678,679,680,681,682,685,687,689,690,691,693,694,697,698,699,700,701,702,705,706,709,710,711,715,736,741,757,762,778,799,804,820,825
0058_00037	10,11,12,13,19,20,21,22,179,180,185,186,187,193,194,200,256,258,260,284,285,287,309,333,334,340,342,345,347,353,356,357,367,371,372,381,382,383,385,406,407,417,421,431,435,441,442,444,447,453,471,477,491,494,499,517,521,525,536,542,543,545,549,553,554,557,565,566,568,571,574,575,576,579,580,583,585,590,591,595,596,598,600,604,605,607,609,615,618,619,620,621,624,627,632,633,635,638,640,641,642,652,654,656,661,663,664,665,667,668,669,672,673,678,679,680,681,682,685,687,689,690,691,693,694,697,698,699,700,701,702,705,706,709,710,711,715,736,741,757,762,778,799,804,820,825
0058_00038	10,11,12,13,19,20,21,22,179,180,182,186,187,189,193,200,256,257,258,260,284,285,287,309,333,334,340,342,345,347,348,353,356,357,367,368,371,372,381,382,383,385,386,406,407,410,417,421,431,433,435,442,444,447,471,477,491,494,499,517,521,525,536,542,543,545,549,553,554,557,564,565,566,568,571,572,574,575,576,579,580,582,583,585,589,590,591,595,596,598,600,604,605,607,609,611,615,618,619,620,621,624,626,627,632,633,635,638,640,641,642,643,652,654,656,661,662,663,664,665,667,668,669,672,673,678,679,680,681,682,685,687,689,690,691,693,694,697,698,699,700,701,702,705,706,709,710,711,715,736,741,757,762,778,799,804,820,825
0058_00039	10,11,12,19,20,21,179,180,256,284,285,287,309,333,334,342,345,347,353,356,357,367,371,372,375,382,383,385,406,407,417,421,431,435,437,442,444,447,449,471,477,491,494,499,521,525,536,542,543,545,549,553,554,557,565,566,568,571,574,575,576,579,580,583,585,590,591,595,596,598,600,604,605,607,609,618,619,620,624,627,631,632,635,638,640,641,642,652,654,656,661,663,664,665,667,668,669,672,673,678,679,680,681,685,687,689,690,691,693,694,700,701,702,705,706,709,710,711,715,736,741,762,778,799,804,825
0058_00040	10,11,12,19,20,179,180,182,186,256,257,258,284,285,287,309,333,334,342,345,353,356,357,371,372,381,382,383,385,386,406,407,410,417,421,431,433,435,441,442,444,447,453,471,477,491,494,499,517,521,525,536,542,543,549,553,554,557,565,566,571,574,575,576,579,580,582,583,585,590,591,595,596,598,600,604,605,607,609,615,618,619,620,621,623,624,626,627,633,635,638,640,641,642,643,652,654,656,661,665,667,668,669,672,673,678,679,680,681,685,689,690,691,693,694,695,697,699,701,702,705,706,707,709,710,711,715,741,757,778,804,820
0058_00041	10,11,12,13,19,20,21,22,179,180,182,186,187,189,193,196,200,207,256,257,258,260,284,285,287,309,333,334,340,342,345,347,348,353,356,357,367,368,371,372,375,381,382,383,385,386,406,407,410,417,421,431,433,435,442,444,447,463,471,477,491,494,499,517,521,525,536,538,542,543,545,549,553,554,557,564,565,566,568,571,572,574,575,576,579,580,582,583,585,589,590,591,595,596,598,600,604,605,606,607,609,611,615,618,619,620,621,624,626,627,631,633,635,638,640,641,642,643,652,654,656,661,662,663,664,665,667,668,669,672,673,678,679,680,681,682,685,687,689,690,691,693,694,697,698,699,701,702,705,706,709,710,711,715,741,757,778,804,820
0058_00042	10,11,12,13,19,20,21,22,23,179,180,182,186,187,189,193,196,200,207,256,257,258,260,284,285,287,309,333,334,340,342,345,347,348,353,356,357,367,368,371,372,375,381,382,383,385,386,406,407,410,417,421,431,433,435,442,444,447,463,471,477,491,494,499,517,521,525,536,538,542,543,545,549,553,554,557,564,565,566,568,571,572,574,575,576,579,580,582,583,585,589,590,591,595,596,598,600,604,605,606,607,609,611,615,618,619,620,621,624,626,627,631,632,633,635,638,640,641,642,643,652,654,656,661,662,663,664,665,667,668,669,672,673,678,679,680,681,682,685,687,689,690,691,693,694,697,698,699,700,701,702,705,706,709,710,711,715,736,741,757,762,778,799,804,820,825
0058_00043	10,11,12,19,20,21,179,180,185,186,187,193,256,258,284,285,287,309,333,334,340,342,345,347,353,356,357,367,371,372,382,383,385,406,407,417,421,431,433,435,442,444,447,463,471,477,491,494,499,517,521,525,536,538,542,543,545,549,553,554,557,565,566,568,571,572,574,575,576,579,580,582,583,585,590,591,595,596,598,600,604,605,607,609,615,618,619,620,621,624,626,627,632,633,635,638,640,641,642,643,652,654,656,661,663,664,665,667,668,669,672,678,679,680,681,682,685,689,690,691,693,694,697,698,699,700,701,702,705,706,709,710,711,715,736,741,757,762,778,799,804,820,825
0058_00044	10,11,12,19,20,21,179,180,256,284,285,287,309,333,334,342,345,353,356,357,367,371,372,375,381,382,383,385,406,407,417,421,431,435,441,442,444,447,453,471,477,491,499,517,521,525,542,543,545,549,553,554,557,565,566,568,571,574,575,579,583,585,590,591,595,596,600,604,605,607,609,618,619,620,627,631,632,635,638,641,642,652,656,661,663,664,665,667,668,669,672,673,678,679,680,681,689,690,700,709,710,711,715,736,762,778,799,825
0058_00045	10,11,12,19,20,21,179,180,182,186,256,257,258,284,285,287,309,333,334,342,345,353,356,357,367,371,372,375,381,382,383,385,386,406,407,410,417,421,431,433,435,441,442,444,447,453,471,477,491,494,499,517,521,525,536,542,543,545,549,553,554,557,565,566,568,571,574,575,576,579,580,582,583,585,590,591,595,596,598,600,604,605,607,609,615,618,619,620,621,623,624,626,627,631,632,633,635,638,640,641,642,643,652,654,656,661,663,664,665,667,668,669,672,673,678,679,680,681,682,685,687,689,690,691,693,694,695,697,699,700,701,702,705,706,707,709,710,711,715,720,736,741,757,762,778,783,799,804,820,825
0058_00046	10,11,12,13,19,20,21,22,179,180,186,187,193,194,256,258,284,285,287,309,333,334,338,340,342,345,347,353,356,357,367,371,372,381,382,383,385,406,407,417,421,431,435,441,442,444,447,453,463,471,491,499,517,521,525,536,538,542,543,545,549,553,554,557,565,568,571,572,574,575,579,580,583,585,591,595,596,600,604,606,607,609,615,618,619,620,632,635,638,640,641,642,652,656,661,663,664,665,667,668,669,672,673,678,679,680,681,682,685,687,689,690,691,693,694,699,700,701,702,705,706,709,710,711,715,736,762,778,783,799,804,825
0058_00047	10,11,12,13,19,20,21,22,179,180,182,186,187,189,193,200,256,257,258,260,284,285,287,309,333,334,340,342,345,347,348,353,356,357,367,368,371,372,381,382,383,385,386,406,407,410,417,421,431,433,435,442,444,447,463,471,477,491,494,499,517,521,525,536,538,542,543,545,549,553,554,557,564,565,566,568,571,572,574,575,576,579,580,582,583,585,589,590,591,595,596,598,600,604,605,606,607,609,611,615,618,619,620,621,624,626,627,631,633,635,638,640,641,642,643,652,654,656,661,662,663,664,665,667,668,669,672,673,678,679,680,681,682,685,687,689,690,691,693,694,697,698,699,701,702,705,706,709,710,711,715,741,757,778,804,820
0058_00048	10,11,12,19,20,21,179,180,256,284,285,287,309,333,334,342,345,353,356,357,367,371,372,375,381,382,383,385,406,407,417,421,431,435,441,442,444,447,453,471,477,491,499,517,521,525,542,543,545,549,553,554,557,565,566,568,571,574,575,579,583,585,590,591,595,596,600,604,605,607,609,618,619,620,627,631,632,635,638,641,642,652,656,661,663,664,665,667,668,669,672,673,678,679,680,681,689,690,700,709,710,711,715,736,762,778,799,825
0058_00049	10,11,12,13,19,20,21,22,179,180,182,185,186,187,189,193,200,207,256,258,284,285,287,309,333,334,340,342,345,347,348,353,356,357,367,368,371,372,375,381,382,383,385,406,407,417,421,431,433,435,442,444,447,471,477,491,494,499,517,521,525,536,542,543,545,549,553,554,557,564,565,566,568,571,572,574,575,576,579,580,582,583,585,590,591,595,596,598,600,604,605,607,609,611,615,618,619,620,621,624,626,627,631,632,633,635,638,640,641,642,643,652,654,656,661,662,663,664,665,667,668,669,672,678,679,680,681,682,685,689,690,691,693,694,697,698,699,700,701,702,705,706,709,710,711,715,736,741,757,762,778,799,804,820,825
0058_00050	10,11,12,13,19,20,21,22,179,180,182,186,187,189,193,200,256,257,258,260,284,285,287,309,333,334,340,342,345,347,348,353,356,357,367,368,371,372,375,381,382,383,385,386,406,407,410,417,421,431,433,435,442,444,447,463,471,477,491,494,499,521,525,536,538,542,543,545,549,553,554,557,564,565,566,568,571,572,574,575,576,579,580,582,583,585,589,590,591,595,596,598,600,604,605,606,607,609,611,615,618,619,620,621,624,626,627,631,632,633,635,638,640,641,642,643,652,654,656,661,662,663,664,665,667,668,669,672,673,678,679,680,681,682,685,687,689,690,691,693,694,697,698,699,700,701,702,705,706,709,710,711,715,736,741,757,762,778,799,804,820,825
0058_00051	10,11,12,13,19,20,21,22,179,180,182,186,187,189,193,200,256,257,258,260,284,285,287,309,333,334,340,342,345,347,348,353,356,357,367,368,371,372,375,381,382,383,385,386,406,407,410,417,421,431,433,435,442,444,447,463,471,477,491,494,499,517,521,525,536,538,542,543,545,549,553,554,557,564,565,566,568,571,572,574,575,576,579,580,582,583,585,589,590,591,595,596,598,600,604,605,606,607,609,611,615,618,619,620,621,624,626,627,631,632,633,635,638,640,641,642,643,652,654,656,661,662,663,664,665,667,668,669,672,673,678,679,680,681,682,685,687,689,690,691,693,694,697,698,699,700,701,702,705,706,709,710,711,715,736,741,757,762,778,799,804,820,825
0058_00052	10,11,12,13,19,20,21,22,179,180,182,185,186,187,193,200,256,258,284,285,287,309,333,334,340,342,345,347,348,353,356,357,367,368,371,372,381,382,383,385,406,407,417,421,431,433,435,442,444,447,471,477,491,494,499,517,521,525,536,542,543,549,553,554,557,564,565,566,568,571,572,574,575,576,579,580,582,583,585,590,591,595,596,598,600,604,605,607,609,611,615,618,619,620,621,624,626,627,633,635,638,640,641,642,643,652,654,656,661,662,663,664,665,667,668,669,672,678,679,680,681,682,685,689,690,691,693,694,697,698,699,701,702,705,706,709,710,711,715,741,757,778,804,820
0058_00053	10,11,12,13,19,20,21,22,179,180,182,186,187,189,193,200,256,257,258,260,284,285,287,309,333,334,340,342,345,347,348,353,356,357,367,368,371,372,375,381,382,383,385,386,406,407,410,417,421,431,433,435,441,442,444,447,453,463,471,477,491,494,499,517,521,525,536,538,542,543,545,549,553,554,557,564,565,566,568,571,572,574,575,576,579,580,582,583,585,589,590,591,595,596,598,600,604,605,606,607,609,611,615,618,619,620,621,624,626,627,631,632,633,635,638,640,641,642,643,652,654,656,661,662,663,664,665,667,668,669,672,673,678,679,680,681,682,685,687,689,690,691,693,694,697,698,699,700,701,702,705,706,709,710,711,715,736,741,757,762,778,799,804,820,825
0058_00054	10,11,12,15,19,20,144,146,147,179,180,256,257,258,284,285,286,287,300,309,333,334,341,345,352,353,356,357,358,359,371,372,377,378,381,385,386,387,388,391,393,394,397,400,401,404,407,417,419,421,431,432,435,438,441,442,443,444,447,450,453,454,462,465,471,473,483,491,494,495,496,503,507,517,521,524,525,528,531,536,537,539,540,546,547,549,550,553,554,556,557,565,567,571,574,575,577,578,579,580,583,585,586,593,596,598,600,601,603,604,608,609,614,618,619,620,624,629,634,635,638,641,642,644,656,657,658,660,661,665,666,668,669,672,673,678,679,680,681,684,685,689,690,692,693,696,697,699,704,705,708,709,710,711,759,822
0058_00055	10,11,12,13,19,20,21,22,179,180,182,186,187,189,193,200,256,257,258,260,284,285,287,309,333,334,340,342,345,347,348,353,356,357,367,368,371,372,381,382,383,385,386,406,407,410,417,421,431,433,435,442,444,447,471,477,491,494,499,517,521,525,536,542,543,549,553,554,557,564,565,566,568,571,572,574,575,576,579,580,582,583,585,589,590,591,595,596,598,600,604,605,607,609,611,615,618,619,620,621,624,626,627,633,635,638,640,641,642,643,652,654,656,661,662,663,664,665,667,668,669,672,673,678,679,680,681,682,685,689,690,691,693,694,697,698,699,701,702,705,706,709,710,711,715,741,757,778,804,820
0058_00056	10,11,12,13,19,20,21,22,179,180,182,186,187,189,193,200,256,257,258,260,284,285,287,309,333,334,340,342,345,347,348,353,356,357,367,368,371,372,381,382,383,385,386,406,407,410,417,421,431,433,435,442,444,447,463,471,477,491,494,499,517,521,525,536,538,542,543,545,549,553,554,557,564,565,566,568,571,572,574,575,576,579,580,582,583,585,589,590,591,595,596,598,600,604,605,607,609,611,615,618,619,620,621,624,626,627,631,632,633,635,638,640,641,642,643,652,654,656,661,662,663,664,665,667,668,669,672,673,678,679,680,681,682,685,687,689,690,691,693,694,697,698,699,700,701,702,705,706,709,710,711,715,736,741,757,762,778,799,804,820,825
0058_00057	10,11,12,15,19,20,144,146,147,179,180,256,257,258,284,285,286,287,300,309,333,334,341,342,345,346,352,353,356,357,358,359,366,367,371,372,373,374,375,377,378,381,382,383,385,386,387,388,391,393,394,397,400,401,404,406,407,417,419,421,431,432,435,436,438,441,442,443,444,446,447,448,450,453,454,465,471,473,477,483,491,492,496,499,503,507,517,521,522,524,525,528,529,531,536,539,540,541,542,543,546,547,549,550,553,556,557,565,566,571,574,575,577,578,579,580,583,585,586,590,593,595,596,598,600,601,604,605,607,608,609,614,618,619,620,627,629,634,635,638,641,642,644,652,656,657,658,661,665,666,667,669,678,679,680,681,683,684,685,686,689,690,692,693,696,697,698,699,700,703,704,705,708,709,710,711,713,722,736,759,785,799,822
0058_00058	10,11,12,19,20,179,180,256,284,285,287,309,333,334,342,345,353,356,357,371,372,381,382,383,385,407,417,421,431,435,441,442,444,447,453,471,491,499,517,521,525,542,543,549,553,554,557,565,571,574,575,579,583,585,591,596,600,604,607,609,618,619,620,635,638,641,642,652,656,661,665,668,669,672,673,678,679,680,681,689,690,699,709,710,711,757,820
0058_00059	10,11,12,15,16,19,20,144,146,147,179,180,256,257,258,284,285,286,287,300,333,334,341,342,345,346,352,353,356,357,358,359,366,367,371,372,373,374,375,377,378,382,383,385,386,387,388,391,393,394,397,400,401,404,406,417,419,421,431,432,435,436,438,440,442,443,444,446,447,448,450,452,454,465,471,473,477,483,491,492,496,499,503,507,517,521,522,524,525,528,529,531,539,540,541,542,543,546,547,549,550,553,556,557,565,566,571,574,575,577,578,579,583,585,586,590,593,595,596,600,601,604,605,607,608,609,614,619,620,627,629,634,635,638,641,642,644,646,647,652,656,657,658,661,665,666,667,669,678,679,680,681,683,684,689,690,692,697,698,699,700,703,709,710,711,713,722,736,759,785,799,822
0058_00060	10,11,12,19,20,179,180,182,186,256,257,258,284,285,287,309,333,334,342,345,353,356,357,371,372,375,381,382,383,385,386,406,407,410,417,421,431,433,435,441,442,444,447,453,471,477,491,494,499,517,521,525,536,542,543,549,553,554,557,565,566,571,574,575,576,579,580,582,583,585,590,591,595,596,598,600,604,605,607,609,615,618,619,620,621,623,624,626,627,633,635,638,640,641,642,643,652,654,656,661,665,667,668,669,672,673,678,679,680,681,685,689,690,691,693,694,695,697,698,699,700,701,702,705,706,707,709,710,711,713,715,741,757,778,804,820
0058_00061	10,11,12,15,19,144,146,147,179,180,256,257,258,284,285,286,287,300,309,333,334,341,345,346,347,352,353,356,357,358,359,366,367,371,372,373,374,377,378,385,386,387,388,391,393,394,397,400,401,404,407,417,419,431,432,435,436,438,442,443,446,447,448,450,454,465,471,473,483,491,492,496,503,507,517,521,522,524,525,528,529,531,539,540,541,546,547,550,553,556,557,565,571,572,577,578,579,583,585,586,593,596,600,601,604,608,609,614,618,619,629,634,635,638,641,642,644,656,657,658,661,665,666,669,678,679,680,681,683,684,689,690,692,697,698,699,703,704,709,710,711,713,759,822
0058_00062	10,11,12,19,20,179,180,182,186,256,257,258,284,285,287,309,333,334,342,345,353,356,357,371,372,381,382,383,385,386,406,407,410,417,421,431,433,435,441,442,444,447,453,471,477,491,494,499,517,521,525,536,542,543,549,553,554,557,565,566,571,574,575,576,579,580,582,583,585,590,591,595,596,598,600,604,605,607,609,615,618,619,620,621,623,624,626,627,633,635,638,640,641,642,643,652,654,656,661,665,667,668,669,672,673,678,679,680,681,685,689,690,693,694,695,697,699,705,706,707,709,710,711,757,820
0058_00063	10,11,12,19,20,179,180,256,284,285,287,309,333,334,340,342,345,347,353,356,357,367,371,372,381,385,407,417,421,431,435,441,442,444,447,453,463,471,491,517,521,525,536,538,553,557,565,568,571,572,579,580,583,585,596,600,604,609,618,619,635,638,641,661,664,665,669,678,679,680,681,685,689,690,693,697,699,700,705,709,710,711
0058_00064	10,11,12,19,20,21,179,180,256,284,285,287,309,333,334,342,345,353,356,357,367,371,372,375,381,382,383,385,406,407,417,421,431,435,441,442,444,447,453,471,477,491,499,521,525,536,542,543,545,549,553,557,565,566,568,571,574,575,576,579,580,583,585,590,595,596,600,604,605,607,609,618,619,620,627,631,635,638,640,641,642,652,654,656,661,663,665,667,669,678,679,680,681,685,689,690,691,693,697,699,700,701,702,705,709,710,711,715,736,741,762,778,799,804,825
0058_00065	10,11,12,19,20,21,179,180,256,284,285,287,309,333,334,342,345,353,356,357,367,371,372,375,381,382,383,385,406,407,417,421,431,435,441,442,444,447,453,471,477,491,499,517,521,525,542,543,545,549,553,554,557,565,566,568,571,574,575,579,583,585,590,595,596,600,604,605,607,609,619,620,627,631,635,638,641,642,652,656,661,663,665,667,668,669,672,673,678,679,680,681,689,690,700,709,710,711,715,736,762,778,799,825
0058_00066	10,11,12,15,19,179,180,256,284,285,286,287,300,333,334,342,345,346,352,353,356,357,366,371,372,385,394,417,421,431,433,435,442,444,447,471,491,494,517,521,525,529,536,537,553,554,557,565,571,579,580,583,585,593,596,598,600,604,608,609,619,624,635,641,661,665,669,672,673,678,679,680,684,685,689,693,697,705,709,710,711
0058_00067	10,11,12,19,20,21,179,183,284,285,287,309,333,334,335,338,342,345,353,375,381,407,417,421,431,433,435,441,442,444,447,453,491,517,525,536,554,557,565,574,580,583,600,618,620,638,641,661,665,668,672,679,680,681,685,687,689,693,709,710,711,712,713
0058_00068	10,11,12,19,20,21,179,180,185,186,187,193,256,258,284,285,287,309,333,334,340,342,345,347,353,356,357,367,371,372,382,383,385,406,407,417,421,431,433,435,442,444,447,471,477,491,494,499,517,521,525,536,542,543,545,549,553,554,557,565,566,568,571,574,575,576,579,580,582,583,585,590,591,595,596,598,600,604,605,607,609,615,618,619,620,621,624,626,627,632,633,635,638,640,641,642,643,652,654,656,661,664,665,667,668,669,672,678,679,680,681,682,685,689,690,691,693,694,697,698,699,700,701,702,705,706,709,710,711,715,736,741,757,762,778,799,804,820,825
0058_00069	10,11,12,19,20,21,179,180,256,284,285,287,309,333,334,342,345,353,356,357,367,371,372,375,381,382,383,385,406,407,417,421,431,435,441,442,444,447,453,471,477,491,499,517,521,525,542,543,545,549,553,554,557,565,566,568,571,574,575,576,579,583,585,590,595,596,600,604,605,607,609,619,620,627,631,635,638,640,641,642,652,654,656,661,663,665,667,668,669,672,673,678,679,680,681,689,690,691,700,701,702,709,710,711,715,736,741,762,778,799,804,825
0058_00070	10,11,12,19,20,21,179,180,256,284,285,287,309,333,334,342,345,353,356,357,371,372,381,382,383,385,407,417,421,431,435,441,442,444,447,453,471,491,499,517,521,525,536,542,543,545,549,553,557,565,568,571,574,575,579,580,583,585,591,596,598,600,604,607,609,618,619,620,632,635,638,641,642,652,656,661,664,665,668,669,678,679,680,681,685,689,690,691,693,694,697,699,700,702,705,706,709,710,711,715,736,762,778,799,825
0058_00071	10,11,12,15,19,20,144,146,147,179,180,256,257,258,284,285,286,287,300,309,333,334,341,345,346,352,353,356,357,358,359,366,371,372,373,374,377,378,381,385,386,387,388,391,393,394,397,400,401,404,407,417,419,421,431,432,435,436,438,441,442,443,444,446,447,448,450,453,454,465,471,473,483,491,492,496,503,507,517,521,522,524,525,528,529,531,536,539,540,541,546,547,550,553,556,557,565,571,577,578,579,580,583,585,586,593,596,600,601,604,608,609,614,618,619,629,634,635,638,641,644,657,658,661,665,666,669,678,679,680,681,684,685,689,690,692,693,696,697,698,699,700,703,705,709,710,711,713,759,822
0058_00072	10,11,12,19,20,21,179,180,182,186,187,193,256,257,258,260,284,285,287,309,333,334,342,345,353,356,357,371,372,382,383,385,386,406,407,410,417,421,431,433,435,442,444,447,471,477,491,494,499,517,521,525,536,542,543,545,549,553,554,557,565,566,568,571,574,575,576,579,580,582,583,585,589,590,591,595,596,598,600,604,605,607,609,615,618,619,620,621,624,626,627,632,633,635,638,640,641,642,643,652,654,656,661,664,665,667,668,669,672,673,678,679,680,681,682,685,687,689,690,691,693,694,697,698,699,700,701,702,705,706,709,710,711,715,736,741,757,762,778,799,804,820,825
0058_00073	10,11,12,19,20,21,179,180,186,187,256,258,284,285,287,309,333,334,342,345,353,356,357,371,372,382,383,385,407,417,421,431,433,435,442,444,447,471,491,494,499,517,521,525,536,542,543,549,553,554,557,565,571,574,575,576,579,580,582,583,585,591,596,598,600,604,607,609,618,619,620,624,626,635,638,640,641,642,643,652,654,656,661,665,668,669,672,678,679,680,681,685,689,690,691,693,694,697,698,699,702,705,706,709,710,711,715,741,757,778,804,820
0058_00074	10,11,12,19,20,21,179,180,185,186,187,193,256,258,284,285,287,309,333,334,340,342,345,347,353,356,357,367,371,372,382,383,385,406,407,417,421,431,433,435,442,444,447,471,477,491,494,499,517,521,525,536,542,543,549,553,554,557,565,566,571,574,575,576,579,580,582,583,585,590,591,595,596,598,600,604,605,607,609,615,618,619,620,621,624,626,627,633,635,638,640,641,642,643,652,654,656,661,665,667,668,669,672,678,679,680,681,685,689,690,691,693,694,697,698,699,701,702,705,706,709,710,711,715,741,757,778,804,820
0058_00075	10,11,12,15,19,20,144,146,147,179,180,256,257,258,284,285,286,287,300,309,333,334,341,345,346,352,353,356,357,358,359,366,371,372,373,374,377,378,381,385,386,387,388,391,393,394,397,400,401,404,407,417,419,421,431,432,435,436,438,441,442,443,444,446,447,448,450,453,454,465,471,473,483,491,492,496,503,507,517,521,522,524,525,528,529,531,536,539,540,541,546,547,550,553,556,557,565,571,577,578,579,580,583,585,586,593,596,600,601,604,608,609,614,618,619,629,634,635,638,641,644,657,658,661,665,666,669,678,679,680,681,684,685,689,690,693,697,698,699,700,705,709,710,711,713,759,822
0058_00076	10,11,12,19,20,144,145,284,285,287,333,334,336,342,345,353,367,375,381,406,417,421,433,435,441,442,444,447,453,491,517,525,536,557,580,583,600,638,641,661,679,680,681,685,689,690,693,694,695,697,699,705,707,709,710,711,713,861
0058_00077	10,11,12,19,20,21,179,180,182,186,187,193,256,257,258,260,284,285,287,309,333,334,342,345,347,353,356,357,367,371,372,382,383,385,386,406,407,410,417,421,431,433,435,437,442,444,447,449,471,477,491,494,499,517,521,525,536,542,543,549,553,554,557,565,566,571,574,575,576,579,580,582,583,585,589,590,591,595,596,598,600,604,605,607,609,615,618,619,620,621,624,626,627,633,635,638,640,641,642,643,652,654,656,661,665,667,668,669,672,673,678,679,680,681,685,689,690,691,693,694,697,698,699,700,701,702,705,706,709,710,711,713,715,741,757,778,804,820
0058_00078	10,11,12,13,19,20,21,179,180,185,186,187,193,256,258,284,285,287,309,333,334,340,342,345,347,353,356,357,367,371,372,375,382,383,385,406,407,417,421,431,433,435,442,444,447,471,477,491,494,499,517,521,525,536,542,543,545,549,553,554,557,565,566,568,571,574,575,576,579,580,582,583,585,590,591,595,596,598,600,604,605,607,609,615,618,619,620,621,624,626,627,631,632,633,635,638,640,641,642,643,652,654,656,661,663,664,665,667,668,669,672,678,679,680,681,682,685,689,690,691,693,694,697,698,699,700,701,702,705,706,709,710,711,715,736,741,757,762,778,799,804,820,825
0058_00079	10,11,12,15,19,20,144,146,147,179,180,256,257,258,284,285,286,287,300,333,334,341,345,346,352,353,356,357,358,359,366,367,371,372,373,374,375,377,378,381,385,386,387,388,391,393,394,397,400,401,404,406,417,419,421,431,432,435,436,438,441,442,443,444,446,447,448,450,453,454,465,471,473,483,491,492,496,503,507,517,521,522,524,525,528,529,531,536,539,540,541,546,547,550,553,556,557,565,571,577,578,579,580,583,585,586,593,596,598,600,601,604,608,609,614,619,629,634,635,638,641,642,644,656,657,658,661,665,666,669,678,679,680,681,683,684,685,686,689,690,692,693,696,697,698,699,703,704,705,708,709,710,711,713,759,822
