id	bits.on
0044_00006	5,15,20,26,49,60,76,85,87,89,94,108,118,153,163,182,207,222,228,231,252,261,281,285,290,316,326,340,351,352,401,402,408,424,437,480,482,499,508,530,566,609,626,657,690,710,713,727,752,753,759,772,777,802,818,851,860,879,936,948,964,969,976,987,999,1003,1009,1015,1022
0044_00007	15,18,30,39,89,142,325,374,393,461,577,602,626,647,685,711,719,782,809,936,986
0044_00008	15,35,57,89,109,127,128,134,139,153,173,245,266,283,314,346,347,405,413,442,452,460,461,465,481,508,523,524,555,560,588,596,615,626,657,687,692,716,743,763,765,814,816,824,833,887,894,924,928,932,936,952,954,964,968,974,980
0044_00010	15,19,56,57,65,79,89,121,127,128,134,139,153,172,173,269,283,300,314,319,347,364,405,413,422,436,442,461,475,480,481,486,492,508,524,525,555,558,566,580,588,625,626,629,678,687,690,692,717,728,755,763,781,783,794,814,824,860,887,932,936,954,960,964,968,974,975,980,1021
0044_00019	57,64,67,79,89,120,121,129,132,134,139,145,153,159,163,168,173,177,197,209,212,245,257,269,300,304,309,319,337,347,351,364,387,401,405,422,442,461,481,486,492,506,508,524,525,555,566,582,588,615,626,631,662,669,692,719,722,763,783,792,860,868,874,887,889,936,954,968,974,980,997,1004
0044_00020	4,5,15,20,26,35,39,49,60,64,76,85,87,89,94,118,120,128,152,153,159,163,170,180,207,222,228,231,252,270,278,281,285,290,316,326,351,366,368,370,391,401,408,420,424,437,439,480,499,501,508,516,524,530,552,584,594,602,609,626,664,690,726,727,753,758,759,772,802,818,860,871,927,936,948,949,964,976,999,1009
0044_00022	20,45,56,94,97,107,153,207,231,261,367,480,508,516,530,626,647,655,727,734,739,752,762,797,893,896,948,960
0044_00023	20,94,107,141,207,228,365,390,481,500,508,626,715,727,802,948,952
0044_00024	15,19,20,24,34,56,57,65,89,104,126,134,139,153,159,167,168,172,173,177,194,212,240,257,269,300,316,319,340,341,347,351,359,364,382,387,405,422,432,436,442,460,461,465,467,475,479,481,486,492,508,509,524,525,555,558,566,569,580,588,599,603,625,626,629,633,653,655,657,678,680,687,690,692,706,707,719,723,727,728,733,755,757,763,764,783,793,808,838,842,847,860,861,887,900,936,954,960,966,968,974,975,980,990,997
0044_00025	19,56,65,89,134,139,153,155,159,167,172,197,212,244,319,351,387,401,405,422,436,442,461,481,486,524,525,558,566,580,621,625,626,629,653,658,678,690,711,719,728,755,783,785,791,881,887,915,935,936,948,960,968,974,975,990,1015,1017
0044_00027	15,85,89,153,180,217,311,326,351,413,442,461,462,542,545,548,622,626,631,711,719,733,782,858,936
0044_00029	15,20,25,26,36,61,72,82,85,89,129,134,139,141,148,153,222,245,250,255,291,305,311,315,316,326,343,351,357,358,399,408,446,452,499,508,513,566,595,603,626,681,727,755,768,772,801,836,852,855,862,875,888,898,900,926,944,948,968,969,978,1019,1022
0044_00030	1,15,26,29,49,60,68,85,87,89,92,134,160,222,231,251,257,276,285,315,325,359,398,415,447,453,467,482,499,514,515,550,566,602,621,626,634,640,648,653,676,733,748,769,772,811,830,879,908,931,936,939,947,948,968,1022
0044_00031	20,37,89,94,147,201,204,299,461,508,539,560,562,617,626,677,719,727,779,799,851,860,865,896,936,974
0044_00032	19,20,24,38,87,94,100,107,134,141,153,158,173,190,207,215,226,256,260,270,274,307,319,347,353,366,374,389,481,482,488,508,515,528,550,578,579,626,640,727,733,744,765,776,789,812,855,904,968,989,1003
0044_00034	15,73,81,89,116,134,183,245,272,298,332,380,381,385,393,405,419,464,487,508,524,543,550,585,618,651,667,683,686,688,706,725,772,898,905,948,968,1022
0044_00038	15,57,89,109,127,128,134,139,153,173,185,220,245,266,283,301,303,314,340,347,379,413,442,461,477,506,508,524,533,555,569,575,582,588,626,638,649,662,671,675,687,692,743,763,806,814,816,824,874,918,932,936,948,954,964,968,974,980
0044_00039	5,15,20,26,35,39,49,60,64,76,85,87,89,94,118,120,152,153,163,170,180,182,207,222,228,231,252,261,281,285,290,316,326,351,368,370,391,401,408,420,424,437,480,499,508,530,552,594,602,609,626,664,690,710,726,727,752,753,758,759,772,802,818,860,936,948,949,964,976,999,1009
0044_00040	15,19,56,65,89,134,139,146,152,155,168,172,212,251,252,267,269,288,318,319,369,401,405,422,427,436,461,481,486,508,524,525,539,540,547,557,558,566,580,625,626,629,653,678,690,691,711,719,728,741,747,754,755,769,783,816,817,887,936,960,968,974,975,979,990,1009
0044_00043	20,70,85,89,140,153,263,297,311,326,351,442,457,461,474,492,508,510,516,527,548,626,627,643,717,719,727,743,762,790,900,936,948,960,974
0044_00047	20,44,57,67,71,72,75,77,89,123,132,134,137,139,145,153,159,168,173,177,197,209,212,235,245,257,269,276,297,300,304,315,317,319,341,347,351,359,364,387,401,405,406,422,432,436,442,443,461,475,479,481,486,487,492,508,524,528,544,550,555,582,603,612,614,626,627,631,662,669,692,699,704,719,721,727,745,763,783,787,795,804,810,836,843,860,866,871,874,881,897,898,899,900,918,936,954,968,974,980,997,1005
0044_00049	20,56,94,107,153,207,231,261,367,480,508,516,530,604,626,655,727,752,812,869,893,948,961,994,998
0044_00051	19,36,56,57,65,89,105,119,131,134,139,153,155,159,172,173,177,197,207,211,212,219,220,240,245,253,257,262,269,292,300,319,324,347,351,364,367,387,390,394,399,400,401,403,405,411,422,423,436,442,461,467,475,481,486,489,492,506,508,515,522,524,525,532,538,555,558,560,563,566,580,582,585,596,603,607,615,616,622,625,626,629,647,653,655,658,662,668,678,690,691,692,701,710,719,728,746,755,758,763,775,783,841,860,874,887,900,919,934,935,936,948,954,960,968,974,975,980,990,997,1006,1018,1024
0044_00053	57,76,89,96,103,109,125,132,134,139,153,159,164,173,177,197,212,223,245,266,307,319,337,347,351,368,387,388,401,405,422,442,461,506,508,524,555,582,585,588,626,631,645,662,692,696,719,727,731,743,763,783,848,867,874,936,954,968,974,980,981,990,997,1007
0044_00057	20,56,94,107,134,153,207,263,480,508,511,516,564,626,647,655,672,727,739,762,797,857,948,960,981
0044_00058	24,47,57,60,76,79,87,89,109,153,173,177,266,269,288,347,351,409,410,442,461,492,508,527,555,565,566,588,626,692,719,743,763,826,886,901,920,934,936,954,964,974
0044_00061	22,85,89,153,187,197,212,218,268,311,326,351,442,461,562,612,626,647,689,719,743,757,936,974
0044_00062	15,31,35,85,89,127,134,139,153,245,283,311,314,326,346,405,413,430,442,452,460,461,465,481,508,523,524,560,596,615,626,657,716,742,765,814,824,833,887,894,924,928,936,952,964,968,974,980
0044_00064	19,56,65,85,89,134,139,153,155,159,172,197,212,311,319,326,351,387,390,401,405,422,436,442,461,481,486,524,525,558,566,580,625,626,629,653,678,690,710,719,728,743,755,783,887,935,936,960,968,974,975,990
0044_00067	20,21,82,94,107,141,153,203,207,217,231,261,347,430,475,480,481,485,508,530,544,545,626,640,727,752,776,789,797,850,950,1019,1022
0044_00069	9,11,14,15,20,26,56,64,94,97,107,134,136,141,153,159,163,202,203,207,226,231,242,245,261,279,297,337,351,367,374,405,408,431,447,477,480,481,506,508,516,518,530,550,582,588,605,606,615,626,631,635,649,651,655,659,662,700,727,739,752,774,778,789,810,860,879,887,889,890,893,896,897,910,921,967,968,1005,1018
0044_00070	15,24,57,60,67,85,87,89,153,206,229,282,300,311,326,347,410,442,461,508,527,562,588,599,626,692,719,743,894,936,954,974
0044_00072	22,29,89,179,197,200,247,260,408,461,562,565,612,626,647,716,719,720,768,936,948,974
0044_00073	72,85,89,153,166,179,187,229,232,311,326,442,461,481,553,626,647,651,687,719,743,746,830,839,936,967,974
0044_00074	20,62,124,128,138,140,153,171,207,224,272,283,306,319,347,358,370,387,434,437,497,508,511,526,530,556,575,627,640,662,700,727,733,748,755,778,781,826,827,833,918,919,948,994
0044_00076	20,37,43,56,69,94,107,153,188,207,231,278,330,337,363,387,508,516,536,581,626,655,727,811,850,881,915,948,992,996,1015
0044_00080	20,22,37,89,94,134,140,328,370,385,461,508,562,626,647,677,719,727,779,850,864,865,917,936,974,986
0044_00081	19,20,24,38,87,94,100,107,134,141,153,158,173,190,207,215,226,256,260,270,274,307,319,347,353,366,374,389,481,482,488,508,515,528,550,578,579,626,640,727,733,744,765,776,789,812,855,904,968,989,1003
0044_00086	24,47,57,60,66,85,87,89,134,139,153,159,167,169,173,177,197,212,227,229,236,245,257,269,277,282,285,300,311,326,347,351,361,364,387,401,410,434,442,452,461,475,492,506,508,524,527,555,562,565,569,626,630,657,662,692,719,743,763,766,806,826,860,874,894,900,915,936,952,954,964,968,974,980,997
0044_00088	57,76,89,109,134,139,153,159,173,177,197,212,245,266,274,347,351,387,401,405,442,452,460,461,465,481,508,523,524,555,560,588,596,615,626,631,657,681,692,716,719,743,763,765,807,833,874,887,928,936,952,954,968,974,980,997
0044_00090	48,52,89,118,134,153,207,210,242,245,257,259,326,346,390,461,508,534,576,582,590,606,626,667,676,719,906,936,978
0044_00096	85,89,147,153,261,284,311,326,351,442,461,539,562,582,617,626,689,690,719,743,851,936,974,1009
0044_00097	20,50,62,64,101,124,137,138,140,153,154,171,186,207,272,283,295,306,312,338,347,358,361,370,387,396,423,434,481,497,508,511,526,530,536,556,575,588,599,627,640,662,700,727,741,748,778,826,827,833,850,864,888,897,916,918,919,948,994
0044_00108	4,35,50,63,67,85,89,94,127,132,134,137,139,145,153,159,175,197,209,212,304,311,316,319,326,351,352,387,390,401,405,422,442,461,524,576,626,631,675,686,710,719,743,772,783,801,804,814,924,936,948,968,974,982
0044_00113	15,57,89,109,127,128,134,139,153,173,185,220,245,266,283,301,303,314,340,347,379,413,442,461,477,506,508,524,533,555,569,575,582,588,626,638,649,662,671,675,687,692,743,763,806,814,816,824,874,918,932,936,948,954,964,968,974,980
0044_00116	15,153,207,300,323,326,390,538,576,626,638,657,674,701,775,880,918,943,944
0044_00123	20,26,57,62,77,124,140,153,163,171,202,207,221,283,292,306,321,326,347,358,370,430,442,447,463,481,492,497,508,530,556,576,622,626,640,647,662,692,698,727,732,748,755,763,778,781,784,789,826,913,918,948,954,991,994
0044_00124	20,56,62,69,94,105,107,112,128,129,141,153,207,217,231,242,257,270,274,279,283,334,342,354,363,365,366,474,480,481,494,508,516,530,556,583,626,674,680,692,727,736,739,755,757,776,778,786,789,812,824,826,829,871,915,917,923,927,947,948,994
0044_00125	20,57,62,84,96,138,142,153,183,207,267,283,292,308,320,347,370,390,429,430,444,465,497,508,530,540,542,544,556,600,625,626,640,662,700,718,727,734,748,755,763,778,779,781,826,831,833,877,911,918,919,921,932,948,954,955,987,994,1019
0044_00127	15,153,207,300,323,326,390,452,495,538,576,626,701,775,781,918,1018
0044_00128	20,94,126,153,257,276,370,469,480,486,498,508,601,625,626,719,727,805,850,874,904,1011
0044_00134	52,89,134,206,207,242,245,278,346,390,461,508,534,543,582,606,626,650,667,683,684,719,828,850,906,936,953,978,979
0044_00135	85,89,147,153,261,284,311,326,351,442,461,539,562,582,617,626,689,690,719,743,851,936,974,1009
0044_00136	19,56,57,65,79,89,121,134,139,153,155,159,172,173,177,197,212,257,269,300,319,347,351,364,387,401,405,422,436,442,461,481,486,492,508,524,525,555,558,566,580,588,625,626,629,653,678,690,692,719,728,755,763,783,860,874,887,935,936,954,960,968,974,975,980,990,997
0044_00145	19,56,57,65,79,89,134,139,150,153,155,159,172,173,177,197,212,257,269,300,319,347,351,364,387,401,405,422,436,442,461,475,481,486,492,508,524,525,555,558,566,580,588,600,625,626,629,653,672,678,690,692,719,728,755,763,783,791,860,874,887,900,935,936,954,960,968,974,975,980,990,997
0044_00150	20,28,39,58,65,66,73,77,82,94,126,129,134,153,154,180,191,207,220,223,236,245,248,266,293,299,332,356,357,367,391,405,418,457,468,480,490,494,495,506,508,525,530,541,567,571,579,582,592,614,615,620,626,627,662,687,689,727,752,756,772,783,786,802,840,841,850,853,885,911,918,941,942,946,947,948,949,963,997
0044_00158	20,21,59,64,115,134,153,159,171,220,233,245,255,264,280,327,332,347,361,419,440,468,508,530,537,549,663,689,698,710,731,756,757,762,774,778,827,847,850,854,884,896,912,944,945,948,1014
0044_00160	1,15,20,25,26,49,60,72,85,87,89,116,134,141,148,222,236,245,255,280,285,291,297,311,315,351,357,393,399,452,467,471,477,499,508,513,560,566,595,603,614,702,727,755,762,768,772,801,836,849,875,902,944,948,968,969,1019,1022
0044_00161	19,24,47,56,57,60,65,66,85,87,89,134,139,153,155,159,172,173,177,197,212,257,269,300,311,319,326,347,351,364,387,401,402,405,410,422,436,442,461,475,481,486,492,508,523,524,525,527,555,558,562,565,566,580,625,626,629,653,678,689,690,692,719,728,743,755,763,783,826,860,874,887,894,900,915,935,936,954,960,964,968,974,975,980,990,997
0044_00162	15,153,177,207,323,326,390,538,576,626,701,729,916
0044_00169	20,94,107,126,141,153,207,292,347,481,498,508,544,626,686,727,762,776,789,861,886,948,977,989
0044_00170	15,50,57,64,67,70,79,89,120,121,127,128,129,131,132,134,139,153,163,168,173,245,269,283,300,309,314,319,337,347,364,405,413,422,442,461,475,481,486,492,506,508,524,525,555,566,582,588,615,626,631,662,669,687,692,763,783,791,792,814,824,853,860,868,887,889,932,936,954,964,968,974,980
0044_00172	20,48,57,62,84,124,138,140,153,167,171,207,267,283,292,306,308,320,347,358,370,429,430,497,508,530,540,542,544,556,565,600,625,640,648,662,685,698,700,718,727,734,746,747,748,755,763,778,781,826,833,857,877,911,918,919,921,932,948,954,994,1019
0044_00174	20,22,37,89,94,134,140,328,370,385,461,508,562,626,647,677,719,727,779,850,864,865,917,936,974,986
0044_00176	20,39,94,96,134,177,272,304,324,383,389,402,427,439,469,479,487,503,508,510,550,551,626,654,662,713,714,727,762,786,797,798,803,824,850,871,896,909,938,968
0044_00177	4,20,21,94,134,141,148,151,177,188,197,268,303,304,347,353,371,383,469,508,510,515,549,550,551,618,626,640,650,705,709,712,727,778,825,850,948,968
0044_00179	15,19,56,57,65,89,109,127,128,134,139,153,172,173,266,283,314,319,347,405,413,422,436,442,461,480,481,486,508,524,525,555,558,566,580,588,625,626,629,678,687,690,692,717,728,743,755,763,781,783,794,814,816,824,887,932,936,954,960,964,968,974,975,980,1021
0044_00181	19,20,24,38,87,94,107,134,141,147,153,158,190,207,215,256,260,270,307,319,347,389,481,482,508,515,528,550,579,605,616,620,626,640,676,727,733,744,776,789,812,871,904,945,947,968,989,1003
0044_00186	15,28,77,89,134,177,237,245,252,481,508,544,687,772,773,847,924
0044_00187	20,94,107,141,207,481,508,551,626,727,802,948,964
0044_00188	20,64,96,134,141,153,207,256,269,272,287,341,372,383,389,407,479,481,487,503,508,530,550,601,603,615,654,662,714,727,762,776,778,786,797,812,893,896,947,968,989
0044_00189	20,57,62,84,96,138,142,153,183,207,267,283,292,308,320,347,370,390,429,430,444,465,497,508,530,540,542,544,556,600,625,626,640,662,700,718,727,734,748,755,763,778,779,781,826,831,833,877,911,918,919,921,932,948,954,955,987,994,1019
0044_00190	20,44,57,71,72,75,89,123,134,138,153,173,177,235,276,297,341,347,351,359,406,432,442,443,461,481,487,508,528,550,555,612,626,627,669,692,719,721,727,745,763,769,795,810,841,842,843,850,854,871,877,881,897,898,899,918,936,954,968,974,1005
0044_00192	15,20,32,33,89,94,194,216,438,508,560,626,645,662,677,727,742,776,818,936,964
0044_00193	20,56,94,107,153,207,263,279,293,341,353,440,481,508,511,516,626,647,655,727,737,739,762,797,948,960,981
0044_00196	20,56,62,69,94,105,107,112,128,129,141,153,207,217,231,242,257,270,274,279,283,334,342,354,363,365,366,474,480,481,494,508,516,530,556,583,626,674,680,692,727,736,739,755,757,776,778,786,789,812,824,826,829,871,915,917,923,927,947,948,994
0044_00199	20,48,57,62,84,124,138,140,153,167,171,207,267,283,292,306,308,320,347,358,370,429,430,497,508,530,540,542,544,556,565,600,625,640,648,662,685,698,700,718,727,734,746,747,748,755,763,778,781,826,833,857,877,911,918,919,921,932,948,954,994,1019
0044_00201	20,39,49,94,107,153,207,387,390,508,527,626,727,784,802,820,924,948,976
0044_00203	14,20,94,107,141,153,207,451,468,481,508,626,700,727,747,776,789,842,988
0044_00204	15,30,39,89,95,208,393,439,461,577,602,612,626,647,685,711,719,765,782,809,936
0044_00205	10,15,20,71,89,96,104,118,128,132,134,145,146,153,167,207,219,296,326,333,347,349,421,461,478,480,487,494,500,508,524,540,550,576,601,626,647,686,727,742,762,784,834,849,863,871,923,948,956,964,968,972,974,983,1004,1006,1009,1021
0044_00206	11,20,37,55,57,65,87,94,107,153,207,266,274,292,347,390,508,533,538,588,626,646,692,701,727,757,758,763,941,954,978,1015
0044_00208	19,56,65,89,126,134,139,155,159,172,212,260,319,367,382,401,405,422,436,461,481,486,524,525,558,566,580,625,626,629,647,653,678,690,719,728,755,783,878,887,936,948,960,968,974,975,989,990,998
0044_00210	15,153,207,268,300,323,326,390,533,538,562,576,580,626,638,701,775,918,944
0044_00211	20,62,96,153,183,207,283,292,308,326,347,370,372,390,433,474,497,508,530,542,544,552,556,576,625,626,640,662,727,748,755,778,779,781,826,918,948,994,1019
0044_00213	15,20,25,26,36,72,82,85,89,129,134,141,148,222,245,250,255,271,272,291,305,311,315,316,351,357,358,372,399,446,452,499,508,513,566,568,595,603,626,727,755,762,768,772,801,814,836,855,862,875,900,944,948,968,969,978,1019,1022
0044_00214	20,39,49,94,107,141,153,171,207,266,481,508,527,545,626,727,776,789,802,948
0044_00215	57,67,76,77,89,109,132,134,137,139,145,153,159,168,173,177,197,209,212,245,266,304,315,317,319,347,351,387,401,405,422,436,442,461,479,486,508,524,544,555,582,588,614,626,631,662,692,699,704,719,743,763,783,787,804,836,866,874,936,954,968,974,980,997
0044_00217	15,20,89,90,94,137,153,252,339,463,480,497,508,530,547,626,664,727,737,752,772,773,778,803,820,951,972,976,998,1008
0044_00222	15,57,89,109,127,128,134,139,153,167,169,173,236,245,266,277,283,314,347,413,434,440,442,452,461,506,508,524,555,569,588,620,626,657,662,687,692,743,763,764,766,806,814,816,824,932,936,952,954,964,968,974,980
0044_00226	20,21,94,134,141,148,177,188,226,268,304,353,369,371,381,430,469,476,508,510,515,550,551,598,626,640,712,727,735,825,850,968
0044_00229	20,24,94,96,107,116,134,141,145,167,171,207,366,421,481,487,508,550,594,601,626,647,727,792,968
0044_00232	20,56,62,69,94,105,107,112,128,129,141,153,207,217,231,242,257,270,274,279,283,334,342,354,363,365,366,474,480,481,494,508,516,530,556,583,626,674,680,692,727,736,739,755,757,776,778,786,789,812,824,826,829,871,915,917,923,927,947,948,994
0044_00237	20,85,89,116,153,187,231,260,263,311,326,351,442,461,474,492,508,516,626,643,647,687,719,727,743,757,762,790,902,936,946,948,960,974
0044_00238	5,20,56,77,94,107,134,153,207,221,247,274,281,319,326,338,366,387,395,405,434,468,481,508,516,524,530,576,626,630,655,668,686,727,739,757,829,913,925,947,948,950,968,986,989
0044_00241	20,80,94,107,134,141,207,270,342,350,458,459,481,484,508,550,562,620,626,627,640,647,676,727,733,947,968
0044_00242	12,20,138,387,508,551,727,751,850,878,1009
0044_00245	6,20,57,62,94,107,146,153,163,207,266,292,347,445,473,508,571,588,618,626,683,692,727,757,763,808,954,958
0044_00246	15,17,20,23,40,51,73,86,89,134,151,177,182,206,211,212,227,231,322,328,337,347,353,387,396,415,444,453,461,508,511,515,534,540,552,564,579,592,602,606,626,640,648,676,727,750,752,759,761,762,888,894,897,920,941,947,968,1011,1019
0044_00248	20,94,134,153,207,332,390,480,508,511,616,626,669,727,802,948
0044_00251	20,37,43,56,69,94,107,153,188,207,231,278,330,337,363,387,508,516,536,581,626,655,727,811,850,881,915,948,992,996,1015
0044_00254	7,27,70,85,89,153,200,202,216,229,260,292,297,300,311,323,326,347,442,454,461,467,493,554,557,562,590,621,626,703,711,719,743,835,889,935,936,956,974,986
0044_00258	15,20,39,89,94,134,164,176,240,242,245,303,338,378,401,456,508,513,540,626,656,727,799,920,936,953,968,1009
0044_00259	13,32,64,72,85,89,134,135,153,156,197,214,223,245,278,284,302,311,326,342,351,353,392,405,418,442,461,481,506,508,524,576,582,595,596,615,626,662,686,719,721,743,843,860,887,889,901,918,936,945,948,965,968,969,973,974,979,999,1003,1005
0044_00260	19,20,24,64,87,94,107,113,134,141,153,158,207,215,270,328,414,481,482,508,515,528,533,626,640,727,733,776,789,820,904,968,989,1003
0044_00261	67,77,85,89,132,134,137,139,145,153,168,212,245,254,304,311,315,316,317,319,326,347,387,405,422,436,442,461,467,479,486,508,524,544,549,582,614,626,627,631,662,689,699,704,719,740,743,783,787,788,824,832,836,851,866,911,936,948,968,974
0044_00262	4,20,94,95,134,141,148,177,188,201,226,268,304,347,353,362,469,508,510,515,549,550,551,626,640,666,705,712,727,735,778,825,850,858,931,948,968,990,999
0044_00267	20,61,85,89,117,153,170,195,222,263,280,311,326,330,351,389,442,461,474,481,492,508,516,626,643,687,719,727,729,743,762,790,936,948,960,974,1014
0044_00268	15,20,80,89,94,134,199,201,245,264,411,429,508,554,626,662,677,727,772,842,954,1022
0044_00269	4,5,15,20,26,35,39,49,60,64,76,85,87,89,94,118,120,128,152,153,159,163,170,180,207,222,228,231,252,270,278,281,285,290,316,326,351,366,368,370,391,401,408,420,424,437,439,480,499,501,508,516,524,530,552,584,594,602,609,626,664,690,726,727,753,758,759,772,802,818,860,871,927,936,948,949,964,976,999,1009
0044_00280	1,15,26,29,55,68,85,89,92,134,180,189,222,240,251,257,267,276,305,315,316,325,341,358,362,398,415,430,467,491,499,515,550,566,574,596,621,626,634,636,640,648,650,676,733,769,772,801,811,830,855,866,879,908,909,913,939,947,948,968,1009,1022
0044_00282	20,85,89,116,153,187,231,260,263,311,326,351,442,461,474,492,508,516,626,643,647,687,719,727,743,757,762,790,902,936,946,948,960,974
0044_00291	20,48,50,62,64,124,140,153,154,171,207,283,292,306,308,312,319,321,326,347,358,361,370,372,481,497,508,530,542,544,556,558,576,599,625,626,640,648,662,727,748,755,778,781,826,850,864,902,918,948,994,1015,1019
0044_00296	15,16,17,21,30,85,89,92,134,153,195,200,216,220,226,245,269,311,326,330,335,347,351,353,361,369,381,416,419,438,442,461,476,493,500,508,515,523,529,533,550,562,588,591,602,626,640,648,661,676,683,689,694,719,743,745,748,750,759,798,811,827,864,872,918,935,936,947,968,970,974,996,1006
0044_00303	57,79,89,134,139,150,153,159,173,177,197,212,245,257,269,274,300,347,351,364,387,401,405,442,452,460,461,465,475,481,492,508,523,524,555,560,566,588,596,600,615,626,631,657,672,681,692,716,719,763,765,791,807,833,860,874,887,900,928,936,952,954,968,974,980,997
0044_00304	20,26,50,57,62,64,77,96,153,154,163,183,207,221,227,258,283,292,308,312,347,361,370,390,430,442,444,447,463,481,492,497,508,530,542,544,556,558,599,622,625,626,640,662,692,727,748,755,763,778,779,781,784,826,831,850,864,913,918,948,954,955,987,994,1019
0044_00306	20,94,107,126,134,151,153,207,209,259,295,316,341,382,480,481,508,511,626,727,756,847,917,995,999
0044_00307	35,43,70,72,86,89,134,139,146,153,166,177,215,217,236,297,347,351,442,461,481,508,555,573,608,609,626,662,687,719,777,872,917,936,963,974,994
0044_00309	77,134,153,154,207,224,226,279,326,350,353,369,381,390,412,476,481,515,539,550,626,640,647,813,836,849,867,906,968
0044_00315	15,50,57,64,67,70,79,89,120,127,128,129,131,132,134,139,150,153,163,168,173,245,269,283,300,309,314,319,337,347,364,405,413,422,442,461,475,481,486,492,506,508,524,555,566,582,588,600,615,626,631,662,669,672,687,692,763,783,791,792,814,824,853,860,868,887,889,900,932,936,954,964,968,974,980
0044_00316	15,20,25,26,49,72,85,87,89,97,119,134,141,148,153,211,222,233,245,255,258,280,285,315,326,351,357,371,393,399,413,467,469,499,506,508,513,517,557,560,566,580,603,610,626,704,727,736,755,766,768,772,774,819,821,822,836,866,898,936,948,950,964,968,977,1009,1019,1022
0044_00317	5,20,21,22,56,77,88,94,107,117,134,153,195,207,281,338,366,387,395,405,468,479,481,508,516,530,611,626,655,662,668,727,739,757,787,806,829,866,913,950,968,989
0044_00318	20,34,57,76,89,109,134,139,153,159,173,177,197,212,266,319,321,341,342,347,351,384,387,401,405,422,432,442,461,481,508,524,555,578,588,626,652,678,692,719,727,740,743,746,763,783,842,874,887,936,954,968,974,975,980,987,997
0044_00320	13,15,20,61,89,135,138,153,175,194,237,291,298,371,387,397,415,508,524,636,645,692,727,772,809,814,851,892,929,1004,1018
0044_00323	15,19,56,57,65,79,89,127,128,134,139,150,153,172,173,269,283,300,314,319,347,364,405,413,422,436,442,461,475,480,481,486,492,508,524,525,555,558,566,580,588,600,625,626,629,672,678,687,690,692,717,728,755,763,781,783,791,794,814,824,860,887,900,932,936,954,960,964,968,974,975,980,1021
0044_00324	34,62,141,153,207,225,231,283,285,313,326,387,390,394,399,481,556,576,626,662,674,679,701,755,778,781,826,877,948,994
0044_00329	20,39,49,94,107,141,153,171,207,266,481,508,527,545,626,727,776,789,802,948
0044_00332	15,26,47,58,76,89,90,96,123,125,134,175,198,207,218,222,237,241,248,268,285,295,300,351,384,425,458,462,495,499,540,593,598,605,609,626,652,653,668,683,729,730,733,742,743,745,768,772,777,802,818,837,842,844,850,853,860,876,890,900,933,936,940,942,948,952,970,993,995,1001,1014,1022
0044_00334	20,62,124,128,138,140,153,171,207,224,272,283,306,319,332,347,358,370,387,434,437,497,508,511,526,530,575,627,640,700,727,733,778,826,827,833,919,948,994
0044_00337	20,43,56,94,107,153,188,207,231,265,337,363,508,516,626,647,655,721,727,734,739,762,797,881,896,915,948,960,992,1015
0044_00340	15,48,64,67,89,120,129,132,134,139,145,146,152,163,168,212,245,252,267,269,288,304,309,318,319,337,369,401,405,422,427,461,481,486,506,508,524,525,539,540,547,557,582,615,626,631,662,669,691,711,719,722,741,747,754,769,783,792,816,817,860,868,887,889,936,968,974,979,1004,1009
0044_00344	22,85,89,153,187,229,268,300,311,326,442,461,562,626,647,651,658,719,743,786,864,936,974,986
0044_00345	15,31,85,89,127,134,139,153,185,220,245,283,301,303,311,314,326,340,379,413,430,442,461,477,506,508,524,533,569,575,582,626,638,649,662,671,675,742,806,814,824,874,918,936,948,964,968,974,980
0044_00346	72,85,89,153,166,187,311,326,351,442,461,481,553,626,647,687,719,743,746,757,830,839,893,917,936,967,974
0044_00347	20,94,126,153,257,276,370,469,480,486,498,508,601,625,626,719,727,805,850,874,904,1011
0044_00351	19,20,91,93,94,107,134,141,153,207,226,262,270,281,353,369,381,476,481,482,508,515,528,550,601,604,626,640,727,776,789,808,968,977,989
0044_00353	11,20,94,107,207,241,390,508,626,666,727,802,948,977,978
0044_00354	60,96,129,134,145,278,300,304,421,481,487,491,508,514,550,578,627,741,825,829,850,881,968,1010
0044_00357	57,79,89,121,134,139,153,159,167,169,173,177,197,212,227,236,245,257,269,277,285,300,347,351,361,364,387,401,434,442,452,461,492,506,508,524,525,555,566,569,588,626,630,657,662,692,719,763,766,806,860,874,936,952,954,968,974,980,997
0044_00360	19,24,56,57,65,85,89,134,139,153,155,167,172,212,281,287,311,319,326,347,384,387,401,405,415,422,432,436,442,461,467,481,486,508,524,525,558,566,580,588,599,625,626,629,653,660,678,690,692,719,728,749,755,761,783,835,887,936,954,960,968,974,975,990
0044_00363	19,20,44,56,57,65,71,72,75,89,123,134,139,153,155,159,172,173,177,197,212,235,257,269,276,297,300,319,341,347,351,359,364,387,401,405,406,422,432,436,442,443,461,475,481,486,487,492,508,524,525,528,550,555,558,566,580,603,612,625,626,627,629,653,669,678,690,692,719,721,727,728,745,755,763,783,795,810,843,860,871,874,881,887,897,898,899,900,918,935,936,954,960,968,974,975,980,990,997,1005
0044_00367	20,128,138,153,171,207,224,272,280,347,387,434,497,508,511,526,575,627,654,700,727,733,762,827,833,886,919,948,993,1019
0044_00369	20,26,57,62,77,96,153,163,183,207,221,227,258,283,292,308,347,370,390,430,442,444,447,463,481,492,497,508,530,542,544,556,622,625,626,640,662,692,727,748,755,763,778,779,781,784,826,831,913,918,948,954,955,987,994,1019
0044_00370	15,20,80,89,94,134,199,201,245,264,411,429,508,554,626,662,677,727,772,842,954,1022
0044_00378	20,24,57,66,85,87,89,107,112,134,139,153,159,167,169,173,177,197,212,227,236,245,257,263,269,277,285,300,311,312,326,334,347,351,361,364,374,387,401,402,410,434,442,452,461,474,475,492,506,507,508,516,524,555,565,569,626,630,643,657,662,692,703,719,727,743,762,763,766,790,806,860,874,900,915,925,936,948,952,954,960,964,968,974,980,997
0044_00382	26,43,46,54,60,85,87,89,94,139,153,209,263,311,326,347,351,402,410,412,414,442,450,461,471,493,523,549,555,557,562,574,626,672,689,719,729,732,743,755,829,855,936,937,974,979,994
0044_00383	11,20,65,80,94,107,207,390,412,489,508,538,620,626,646,727,978,988,992,1015
0044_00385	13,15,20,22,38,56,88,89,100,117,134,150,153,170,175,190,195,201,207,211,213,237,245,264,307,331,341,347,371,384,387,391,395,397,405,411,415,429,479,481,508,516,524,554,611,615,645,646,662,727,739,749,772,787,814,835,842,866,914,942,968,984,989,1009,1022
0044_00387	20,51,94,107,141,153,174,207,217,231,270,294,341,353,360,481,504,508,516,545,552,626,643,727,771,776,778,789,986
0044_00391	1,15,20,25,26,44,49,60,85,86,87,89,134,144,146,197,214,222,236,274,280,285,297,311,318,347,357,377,381,393,456,467,471,473,499,508,516,530,540,542,560,566,597,609,614,626,654,692,700,702,711,727,738,755,762,772,801,816,820,840,843,849,902,923,948,968,984
0044_00394	20,26,57,62,77,96,153,163,183,207,221,227,258,283,292,308,347,370,390,430,442,444,447,463,481,492,497,508,530,542,544,556,622,625,626,640,662,692,727,748,755,763,778,779,781,784,826,831,913,918,948,954,955,987,994,1019
0044_00399	20,94,107,141,207,383,481,508,626,634,727,802,948
0044_00402	15,22,24,44,57,85,89,125,127,128,134,139,153,173,185,220,245,269,283,291,300,301,303,311,314,326,339,340,347,351,364,379,413,435,442,461,466,475,477,492,506,508,524,533,555,562,565,569,575,582,604,626,638,649,662,666,671,675,687,689,692,708,719,743,763,806,814,824,860,874,900,905,908,915,918,932,936,948,954,964,968,974,980
0044_00403	11,20,65,80,83,94,107,187,207,390,508,538,620,626,628,646,727,917,978,988,1015
0044_00405	15,31,35,85,89,127,134,139,153,245,283,311,314,326,346,405,413,430,442,452,460,461,465,481,508,523,524,560,596,615,626,657,716,742,765,814,824,833,887,894,924,928,936,952,964,968,974,980
0044_00408	20,56,62,94,96,107,134,145,153,207,230,270,421,487,508,516,550,558,588,626,647,655,727,731,739,741,762,797,820,948,950,960,968,978,989,992
0044_00420	15,20,25,26,36,61,72,85,89,102,129,134,139,141,148,153,205,211,222,233,245,255,305,315,326,350,351,357,358,399,408,413,469,499,508,513,517,523,527,566,603,610,626,640,681,704,727,730,755,766,768,772,774,790,801,819,822,836,852,855,862,898,926,936,948,968,1009,1019,1022
0044_00430	20,93,94,107,141,153,202,207,217,231,259,261,341,463,481,508,545,626,642,659,698,704,727,756,771,776,778,789,833,915
0044_00431	20,94,177,265,469,508,511,551,626,727,850
0044_00433	88,117,134,141,153,195,207,326,365,387,395,405,423,479,481,557,576,625,626,662,787,819,866,867,960,968,989
0044_00434	20,56,94,105,107,128,129,131,141,153,207,217,231,254,257,270,365,366,375,399,480,481,508,516,530,583,612,626,674,692,727,739,757,776,789,812,829,871,917,927,947,948,994
0044_00437	13,20,29,38,49,59,76,89,96,119,134,153,183,200,201,207,220,231,242,245,272,280,327,332,400,419,467,468,487,508,515,530,540,550,605,654,688,689,691,714,733,757,762,773,774,778,787,802,827,840,850,855,884,904,906,912,945,948,968,992
0044_00439	15,19,25,26,44,49,60,76,85,87,89,106,134,144,153,205,207,214,215,222,223,231,274,285,295,311,318,351,357,373,400,430,431,473,499,503,540,566,583,594,613,626,654,660,690,692,700,755,759,772,774,778,801,802,808,816,818,840,841,849,860,886,890,894,909,936,948,964,968,976,977,984,999,1023
0044_00441	20,24,37,47,57,60,66,87,89,94,118,134,139,153,159,167,169,173,177,197,204,212,227,236,245,257,269,277,285,300,347,351,361,364,387,401,425,434,442,452,461,475,492,506,508,524,527,555,562,565,569,626,630,657,661,662,677,692,719,727,763,766,779,799,806,852,860,865,874,894,900,915,936,952,954,964,968,974,975,980,997
0044_00442	22,85,89,153,187,197,212,218,268,311,326,351,442,461,562,612,626,647,689,719,743,757,936,974
0044_00446	15,20,26,39,60,71,76,85,87,89,94,120,153,163,170,182,207,215,222,223,231,252,261,285,290,316,370,391,398,401,424,437,480,491,499,503,508,530,580,594,602,609,614,626,664,690,697,710,726,727,752,758,759,772,801,802,818,860,909,915,936,948,964,967,972,976
0044_00450	8,20,24,57,67,85,89,134,139,153,159,167,169,173,177,197,200,212,227,236,245,257,263,269,277,285,300,311,317,326,346,347,351,361,364,387,394,401,434,442,452,461,474,475,492,493,506,508,516,524,542,555,565,569,602,626,630,637,643,657,662,692,719,727,743,762,763,766,790,806,851,860,874,900,915,936,943,948,952,954,960,968,974,980,997
0044_00453	15,35,57,89,127,128,134,138,139,153,173,233,245,267,269,283,288,314,346,347,405,413,418,442,452,459,460,461,465,481,508,523,524,555,560,596,615,626,637,645,657,687,716,763,765,814,824,833,846,872,877,887,894,901,924,928,932,936,952,954,964,968,974,980
0044_00455	20,62,124,128,138,140,153,171,207,224,272,283,306,319,347,358,370,387,434,437,497,508,511,526,530,556,575,627,640,662,700,727,733,748,755,778,781,826,827,833,918,919,948,994
0044_00458	3,15,17,40,73,89,129,134,182,214,226,228,231,259,288,337,353,369,371,381,394,413,415,444,461,476,494,503,511,515,534,540,550,552,564,588,594,626,640,676,750,759,888,904,936,947,951,968,1019
0044_00459	85,89,134,153,245,311,326,332,351,406,432,442,461,508,528,534,600,626,672,690,704,707,719,795,805,837,906,936
0044_00473	4,5,15,20,26,35,39,45,49,60,64,76,80,85,87,89,92,99,118,120,146,152,153,159,163,170,180,207,222,228,231,236,243,252,270,281,285,290,314,316,326,351,360,366,368,370,391,401,408,420,424,437,479,499,508,516,524,530,552,594,602,609,626,664,690,726,727,753,758,759,772,802,808,818,860,936,948,949,964,970,976,999,1009
0044_00474	22,57,76,89,109,153,173,177,187,197,212,218,235,266,279,347,351,442,461,508,555,562,588,612,626,647,692,719,743,763,936,954,974,982
0044_00475	57,79,89,121,134,139,153,159,173,177,197,212,245,257,269,274,300,347,351,364,387,401,405,442,452,460,461,465,481,492,508,523,524,525,555,560,566,588,596,615,626,631,657,681,692,716,719,763,765,807,833,860,874,887,928,936,952,954,968,974,980,997
0044_00480	70,85,89,115,134,139,146,153,201,245,252,269,311,326,338,379,403,405,422,442,452,459,460,461,465,480,481,508,510,523,524,525,539,560,596,615,626,657,716,765,773,816,833,852,868,887,919,920,928,952,968,974,1009,1012
0044_00484	72,85,89,153,166,179,187,229,232,311,326,442,461,481,553,626,647,651,687,719,743,746,830,839,936,967,974
0044_00485	20,77,94,107,141,153,207,231,301,343,436,481,508,509,605,626,643,702,727,778,836,877,913
0044_00486	7,27,60,64,70,85,87,89,140,153,202,260,292,297,311,326,347,351,402,410,442,461,467,471,523,554,562,626,689,719,727,743,789,835,888,889,935,936,962,974,986
0044_00488	22,85,89,153,180,187,268,311,326,351,442,461,562,626,647,658,689,719,743,757,864,936,974,986
0044_00491	10,15,20,39,89,94,134,199,201,217,245,264,331,411,462,506,508,540,553,560,617,626,662,677,707,712,727,981,1022
0044_00493	22,85,89,153,180,187,268,311,326,351,442,461,562,626,647,658,689,719,743,757,864,936,974,986
0044_00494	57,76,89,109,134,139,153,159,173,177,197,212,245,266,274,347,351,387,401,405,442,452,460,461,465,481,508,523,524,555,560,588,596,615,626,631,657,681,692,716,719,743,763,765,807,833,874,887,928,936,952,954,968,974,980,997
0044_00500	20,94,107,141,153,207,326,455,481,508,576,626,727,776,789,963
0044_00501	19,20,62,94,96,107,134,141,145,153,207,230,270,421,449,481,482,487,508,528,550,558,588,626,727,747,776,789,968,989
0044_00502	67,77,85,89,132,134,137,139,145,153,159,168,197,209,212,245,304,311,315,317,319,326,351,387,390,401,405,422,436,442,461,479,486,508,524,544,582,614,626,631,662,699,704,710,719,743,783,787,804,836,866,936,968,974
0044_00504	20,50,57,62,64,96,153,154,183,207,266,283,292,308,312,347,361,370,390,444,481,497,508,530,542,544,556,558,588,599,625,626,640,662,692,727,748,755,757,763,778,779,781,821,826,831,850,864,900,918,948,954,955,987,994,1019
0044_00510	19,20,24,44,56,57,65,71,72,75,89,94,126,134,138,139,153,167,168,169,172,173,177,210,212,233,235,257,267,269,276,297,300,316,319,347,351,359,364,387,405,406,422,436,442,443,445,456,459,460,461,467,481,486,487,492,508,524,525,528,550,555,558,566,569,580,588,599,612,614,625,626,627,629,647,653,678,690,692,706,710,719,721,727,728,745,755,763,783,795,808,810,823,843,846,860,861,877,887,897,898,918,936,954,960,965,966,967,968,974,975,990,1005
0044_00514	57,79,89,134,139,150,153,159,167,169,173,177,197,212,227,236,245,257,269,277,285,300,347,351,361,364,387,401,434,442,452,461,475,492,506,508,524,555,566,569,588,600,626,630,657,662,672,692,719,763,766,791,806,860,874,900,936,952,954,968,974,980,997
0044_00516	20,94,134,160,177,195,252,304,366,387,395,405,445,469,479,508,510,551,611,626,662,727,787,850,968,973
0044_00517	57,67,77,89,106,132,134,137,138,139,145,153,159,168,173,177,197,209,212,233,245,267,269,304,315,317,319,347,351,387,401,405,422,436,442,456,459,461,479,486,508,524,544,555,582,614,626,631,662,692,696,699,704,710,719,738,763,769,783,787,804,836,846,866,874,877,936,954,968,974,980,997
0044_00518	57,118,153,207,266,292,311,326,347,390,474,508,576,588,626,692,757,763,779,900,926,954,955
0044_00519	19,20,24,56,57,65,80,86,89,113,134,139,144,153,155,159,167,172,173,186,204,207,212,269,270,275,287,298,300,313,319,347,353,360,364,366,369,387,390,401,405,415,422,423,436,442,461,467,475,481,486,492,499,502,508,516,524,525,530,535,548,554,555,558,566,574,580,588,599,603,607,625,626,629,653,660,664,678,688,690,692,719,727,728,749,751,755,761,763,783,831,860,887,888,891,900,912,914,917,925,929,936,948,954,960,963,968,974,975,977,980,990
0044_00523	24,47,57,60,64,66,67,85,87,89,120,129,132,134,139,145,153,159,163,168,173,177,197,209,212,245,257,269,300,304,309,311,319,326,337,347,351,364,387,401,402,405,410,422,442,461,475,481,486,492,506,508,523,524,527,555,562,565,582,615,626,631,662,669,689,692,719,722,743,763,783,792,826,860,868,874,887,889,894,900,915,936,954,964,968,974,980,997,1004
0044_00528	4,5,15,20,26,35,39,45,49,60,64,76,80,85,87,89,92,99,118,120,146,152,153,159,163,170,180,207,222,228,231,236,243,252,270,281,285,290,314,316,326,351,360,366,368,370,391,401,408,420,424,437,479,499,508,516,524,530,552,594,602,609,626,664,690,726,727,753,758,759,772,802,808,818,860,936,948,949,964,970,976,999,1009
0044_00529	57,76,89,109,134,139,153,159,167,169,173,177,197,212,227,236,245,266,277,285,347,351,361,387,401,434,442,452,461,506,508,524,555,569,588,626,630,657,662,692,719,743,763,766,806,874,936,952,954,968,974,980,997
0044_00530	20,26,48,57,62,77,124,140,153,163,167,171,207,221,283,292,306,308,324,347,358,370,430,442,447,463,481,492,497,508,530,542,544,556,565,622,625,626,640,647,648,662,685,692,698,727,748,755,763,778,781,784,826,857,913,918,948,954,994,1019
0044_00531	85,89,96,103,125,132,134,139,153,159,164,197,212,223,245,307,311,319,326,337,351,368,387,388,390,401,405,422,442,461,506,508,524,582,585,626,631,645,662,696,710,719,727,731,743,783,848,867,936,968,974,981,990,1007
0044_00537	15,26,39,61,72,89,118,139,153,212,263,280,326,414,448,461,475,492,620,626,659,711,719,797,809,855,898,919,936
0044_00538	15,19,56,65,89,134,139,146,152,155,168,172,212,251,252,267,269,288,318,319,369,401,405,422,427,436,461,481,486,508,524,525,539,540,547,557,558,566,580,625,626,629,653,678,690,691,711,719,728,741,747,754,755,769,783,816,817,887,936,960,968,974,975,979,990,1009
0044_00539	20,84,94,107,141,145,153,207,228,242,254,294,365,481,508,598,626,727,802,948,994
0044_00540	20,50,62,64,101,124,137,138,140,153,154,171,186,207,272,283,295,306,312,338,347,358,361,370,387,396,423,434,481,497,508,511,526,530,536,556,575,588,599,627,640,662,700,727,741,748,778,826,827,833,850,864,888,897,916,918,919,948,994
0044_00541	57,79,89,134,139,150,153,159,167,169,173,177,197,212,227,236,245,257,269,277,285,300,347,351,361,364,387,401,434,442,452,461,475,492,506,508,524,555,566,569,588,600,626,630,657,662,672,692,719,763,766,791,806,860,874,900,936,952,954,968,974,980,997
0044_00542	15,20,44,56,58,84,89,115,134,160,220,245,274,302,364,454,473,508,512,540,649,655,660,666,762,871,890,934,948,968,972
0044_00544	20,62,124,128,138,140,153,171,207,224,272,283,306,319,347,358,370,387,434,437,497,508,511,526,530,556,575,627,640,662,700,727,733,748,755,778,781,826,827,833,918,919,948,994
0044_00548	4,15,26,31,37,39,89,139,151,153,212,263,280,326,390,414,440,461,475,549,557,626,711,719,797,809,855,877,936
0044_00549	15,20,32,69,89,94,199,411,437,438,508,587,626,662,676,677,727,776,818,936,964
0044_00553	19,24,56,57,65,89,109,134,139,153,155,167,172,173,212,266,287,319,347,369,387,401,405,415,422,436,442,461,467,481,486,499,508,524,525,555,558,566,580,588,595,599,625,626,629,653,660,678,690,692,719,728,743,749,755,761,763,783,887,925,936,954,960,968,974,975,980,990
0044_00555	15,20,25,26,36,72,85,89,102,129,134,141,148,205,211,222,233,245,255,272,305,315,350,351,357,358,372,399,413,469,499,508,513,517,527,553,566,568,603,610,626,704,727,730,755,762,766,768,772,774,790,801,814,819,822,836,855,862,936,948,968,1009,1019,1021,1022
0044_00556	20,66,69,94,107,115,134,141,153,207,242,271,379,409,480,481,508,626,674,727,776,789,908,909,915,969
0044_00560	72,85,89,107,153,166,187,222,311,326,351,442,461,481,626,637,647,687,715,719,743,746,757,830,893,936,974
0044_00562	15,20,26,49,60,67,72,76,85,87,89,93,94,134,153,156,163,182,205,207,215,222,223,231,245,261,285,399,424,448,461,480,499,503,508,530,540,562,566,594,609,613,626,632,679,697,703,705,710,727,752,759,765,772,780,801,802,851,860,879,887,909,948,963,969,976,1022
0044_00565	22,24,44,57,85,89,125,134,139,153,159,167,169,173,177,197,212,227,236,245,257,269,277,285,291,300,311,326,339,347,351,361,364,387,401,434,435,442,452,461,466,475,492,506,508,524,555,562,565,569,604,626,630,657,662,666,689,692,708,719,743,763,766,806,860,874,900,905,908,915,936,952,954,968,974,980,997
0044_00566	20,138,184,207,336,378,387,390,438,508,573,620,626,727,915,978
0044_00567	20,62,124,128,138,140,153,171,207,224,272,283,306,319,332,347,358,370,387,434,437,497,508,511,526,530,575,627,640,700,727,733,778,826,827,833,919,948,994
0044_00568	20,70,85,89,140,153,263,297,311,326,351,442,457,461,474,492,508,510,516,527,548,626,627,643,717,719,727,743,762,790,900,936,948,960,974
0044_00571	20,35,94,177,222,265,341,469,481,508,551,626,727,850,874,1003
0044_00575	20,50,62,64,138,146,153,154,283,312,361,387,398,405,423,481,497,508,530,556,558,575,599,662,727,755,778,781,826,850,864,918,948,994
0044_00579	20,48,57,62,84,124,138,140,153,167,171,207,267,283,292,306,308,320,347,358,370,429,430,497,508,530,540,542,544,556,565,600,625,640,648,662,685,698,700,718,727,734,746,747,748,755,763,778,781,826,833,857,877,911,918,919,921,932,948,954,994,1019
0044_00580	15,31,85,89,127,134,139,153,167,169,236,245,277,283,311,314,326,413,430,434,440,442,452,461,506,508,524,569,620,626,657,662,742,764,766,806,814,824,936,952,964,968,974,980
0044_00581	20,57,84,89,134,138,139,153,159,173,177,197,210,212,245,257,267,269,274,300,347,351,364,387,401,402,405,430,442,445,452,460,461,465,481,492,508,523,524,540,555,560,596,600,615,626,631,657,681,692,700,716,718,719,763,765,807,833,846,860,874,877,887,911,919,928,932,936,948,952,954,965,968,974,980,994,997
0044_00585	20,94,107,116,141,153,207,340,341,353,440,481,508,511,626,727,776,779,789
0044_00586	15,20,94,107,141,153,176,207,302,323,326,346,390,481,508,533,538,562,576,616,626,701,727,734,815,926
0044_00589	85,89,134,139,153,159,167,169,197,212,227,236,245,277,285,311,326,351,361,387,390,401,434,442,452,461,506,508,524,569,626,630,657,662,710,719,743,766,806,936,952,968,974
0044_00592	19,20,58,64,94,96,107,134,141,153,207,214,269,272,372,383,389,407,479,481,487,503,508,550,603,615,626,654,662,714,727,762,776,778,786,789,797,812,893,896,968,989
0044_00594	15,20,21,25,26,36,61,72,85,89,117,129,134,139,141,148,153,208,216,222,245,255,302,305,313,315,326,351,357,358,399,401,408,449,458,472,499,508,513,566,603,626,627,648,649,681,713,727,733,749,751,755,768,772,782,801,836,852,855,862,898,926,948,968,973,1019,1022
