id	bits.on
0332_00004	66,90,91,96,104,105,108,112,115,116,118,123,127,128,129,131,132,139,140,141,143,145,146,147,149,150,152,154,155,157,159,160,163,164,165
0332_00005	26,50,66,74,76,90,96,99,104,105,108,112,115,116,118,127,128,129,132,139,141,143,145,147,149,150,152,157,160,163,164,165
0332_00006	26,50,66,74,76,91,96,99,104,105,108,112,115,116,118,127,128,129,132,139,141,143,145,147,149,150,152,154,155,157,159,160,163,164,165
0332_00009	26,50,57,66,76,83,90,96,98,99,101,104,105,108,109,112,115,116,118,120,123,127,128,129,132,137,139,141,143,145,146,147,149,152,153,157,159,160,163,164,165
0332_00010	26,50,66,76,90,91,96,99,104,105,108,112,115,116,118,123,127,128,129,131,132,136,139,140,141,143,145,146,147,149,150,152,154,155,157,159,160,163,164,165
0332_00011	54,66,82,90,91,92,95,96,100,104,105,108,110,111,112,115,116,117,118,123,127,128,129,131,132,136,139,140,141,143,145,146,147,149,150,151,152,153,154,155,156,157,158,159,160,161,163,164,165
0332_00012	39,40,48,51,53,55,58,60,61,66,67,69,73,82,88,90,91,92,96,97,100,102,104,105,106,108,110,111,112,115,116,117,118,124,127,128,129,130,131,132,136,138,139,140,141,143,145,146,147,148,149,150,151,152,153,154,155,156,157,158,159,160,161,163,164,165
0332_00016	26,50,66,74,76,90,96,99,104,105,108,112,115,116,118,127,128,129,132,139,141,143,145,147,149,150,152,154,155,157,159,160,163,164,165
0332_00029	66,90,91,96,104,105,108,112,115,116,118,123,127,128,129,131,132,139,140,141,143,145,146,147,149,150,152,154,155,157,159,160,163,164,165
0332_00032	26,50,66,74,76,90,96,99,104,105,108,112,115,116,118,127,128,129,131,132,139,141,143,145,147,149,150,152,155,157,159,160,163,164,165
0332_00037	30,49,74,85,86,89,93,95,100,108,112,115,122,123,126,132,136,140,141,146,148,149,152,153,154,155,157,158,159,160,161,164
0332_00038	30,49,74,85,86,89,93,95,100,108,112,114,115,122,123,126,132,136,140,141,146,148,149,152,153,154,155,157,158,159,160,161,164
0332_00039	30,49,74,85,86,89,93,95,100,104,108,112,115,122,123,126,128,132,136,139,140,141,146,148,149,152,153,154,155,157,158,159,160,161,164
0332_00040	30,49,74,85,86,89,93,95,100,108,112,114,115,116,118,122,123,126,128,129,132,136,140,141,146,147,148,149,152,153,154,155,157,158,159,160,161,164
0332_00041	66,90,96,104,105,108,112,115,116,118,123,127,128,129,132,136,139,141,143,145,146,147,149,150,152,154,155,157,159,160,163,164,165
0332_00042	66,90,91,96,104,105,108,112,115,116,118,123,127,128,129,131,132,136,139,140,141,143,145,146,147,149,150,152,154,155,157,159,160,163,164,165
0332_00043	66,90,91,96,104,105,108,112,115,116,118,123,127,128,129,131,132,139,140,141,143,145,146,147,149,150,152,154,155,157,159,160,163,164,165
0332_00044	66,90,96,104,105,108,112,115,116,118,123,127,128,129,132,136,139,140,141,143,145,146,147,149,150,152,154,155,157,159,160,163,164,165
0332_00048	54,66,82,90,91,92,95,96,100,104,105,108,110,111,112,115,116,117,118,123,127,128,129,131,132,136,139,140,141,143,145,146,147,149,150,151,152,153,154,155,156,157,158,159,160,161,163,164,165
0332_00052	66,90,91,96,104,105,108,112,115,116,118,123,127,128,129,131,132,139,140,141,143,145,146,147,149,150,152,154,155,157,159,160,163,164,165
0332_00055	66,90,91,96,104,105,108,112,115,116,118,123,127,128,129,131,132,136,139,140,141,143,145,146,147,149,150,152,154,155,157,159,160,163,164,165
0332_00056	54,66,72,90,91,96,104,105,108,112,115,116,118,123,127,128,129,131,132,139,140,141,143,145,146,147,149,150,152,154,155,157,159,160,163,164,165
0332_00058	39,40,48,51,53,55,58,60,61,66,67,69,73,82,88,90,91,92,96,97,100,102,104,105,106,108,110,111,112,115,116,117,118,124,127,128,129,130,131,132,136,138,139,140,141,143,145,146,147,148,149,150,151,152,153,154,155,156,157,158,159,160,161,163,164,165
0332_00059	39,40,48,51,53,55,58,60,61,66,67,69,73,82,88,90,91,92,96,97,100,102,104,105,106,108,110,111,112,115,116,117,118,124,127,128,129,130,131,132,136,138,139,140,141,143,145,146,147,148,149,150,151,152,153,154,155,156,157,158,159,160,161,163,164,165
0332_00060	39,40,48,51,53,54,55,58,60,61,66,67,69,72,73,82,88,90,91,92,96,97,100,102,104,105,106,108,110,111,112,115,116,117,118,124,127,128,129,130,131,132,136,138,139,140,141,143,145,146,147,148,149,150,151,152,153,154,155,156,157,158,159,160,161,163,164,165
0332_00061	30,49,74,85,86,89,93,95,100,108,112,114,115,122,123,126,128,132,136,140,141,146,147,148,149,152,153,154,155,157,158,159,160,161,164
0332_00062	30,49,74,85,86,89,93,95,100,108,112,115,118,122,123,126,128,129,132,136,140,141,146,147,148,149,152,153,154,155,157,158,159,160,161,164,166
0332_00064	30,49,74,85,86,89,93,95,100,108,112,114,115,116,118,122,123,126,128,129,132,136,140,141,146,147,148,149,152,153,154,155,157,158,159,160,161,164
0332_00065	30,49,74,85,86,89,93,95,99,100,108,112,114,115,116,118,122,123,126,128,129,132,136,140,141,146,147,148,149,152,153,154,155,157,158,159,160,161,164
0332_00066	30,49,74,85,86,89,93,95,100,108,112,114,115,116,118,122,123,126,128,129,132,136,140,141,146,147,148,149,152,153,154,155,157,158,159,160,161,164
0332_00068	26,50,66,76,82,90,91,96,99,104,105,108,109,112,115,116,118,127,128,129,131,132,139,141,143,145,147,149,150,152,153,155,157,159,160,163,164,165
0332_00070	39,40,48,51,53,55,58,60,61,66,67,69,73,82,88,90,91,92,96,97,100,102,104,105,106,108,110,111,112,115,116,117,118,124,127,128,129,130,131,132,136,138,139,140,141,143,145,146,147,148,149,150,151,152,153,154,155,156,157,158,159,160,161,163,164,165
0332_00074	30,49,74,85,86,89,93,95,100,108,112,115,122,123,126,132,136,140,141,146,148,149,152,153,154,155,157,158,159,160,161,164
0332_00076	30,49,74,85,86,89,90,91,93,95,100,104,108,112,115,118,122,123,126,128,132,136,139,140,141,146,147,148,149,152,153,154,155,157,158,159,160,161,164
0332_00077	30,49,74,85,86,89,90,91,93,95,100,104,108,112,114,115,116,118,122,123,126,128,129,132,136,139,140,141,146,147,148,149,152,153,154,155,157,158,159,160,161,164
0332_00079	30,49,74,85,86,89,93,95,100,108,112,114,115,116,118,122,123,126,128,129,132,136,140,141,146,147,148,149,152,153,154,155,157,158,159,160,161,164
0332_00081	30,49,74,85,86,89,90,91,93,95,100,104,108,112,114,115,116,118,122,123,126,128,129,132,136,139,140,141,146,147,148,149,152,153,154,155,157,158,159,160,161,164
0332_00082	30,49,74,85,86,89,93,95,99,100,108,112,114,115,116,118,122,123,126,128,129,132,136,140,141,146,147,148,149,152,153,154,155,157,158,159,160,161,164
0332_00084	39,40,48,51,53,55,58,60,61,66,67,69,73,82,88,90,91,92,96,97,100,102,104,105,106,108,110,111,112,115,116,117,118,124,127,128,129,130,131,132,136,138,139,140,141,143,145,146,147,148,149,150,151,152,153,154,155,156,157,158,159,160,161,163,164,165
0332_00085	30,49,74,85,86,89,93,95,100,108,112,114,115,122,123,126,128,132,136,140,141,146,148,149,152,153,154,155,157,158,159,160,161,164
0332_00086	30,49,50,74,76,85,86,89,93,95,99,100,108,112,115,122,123,126,132,136,140,141,146,148,149,152,153,154,155,157,158,159,160,161,164
0332_00088	30,49,74,85,86,89,90,93,95,100,104,108,112,115,122,123,126,128,132,136,139,140,141,146,147,148,149,152,153,154,155,157,158,159,160,161,164
0332_00089	30,49,74,85,86,89,93,95,99,100,108,112,114,115,116,118,122,123,126,129,132,136,140,141,146,147,148,149,152,153,154,155,157,158,159,160,161,164
0332_00090	30,49,74,85,86,89,93,95,100,108,112,114,115,116,118,122,123,126,128,129,132,136,140,141,146,147,148,149,152,153,154,155,157,158,159,160,161,164
0332_00091	30,49,74,85,86,89,91,93,95,100,104,108,112,115,122,123,126,128,132,136,139,140,141,146,148,149,152,153,154,155,157,158,159,160,161,164
0332_00092	30,49,74,85,86,89,93,95,99,100,108,112,114,115,116,118,122,123,126,128,129,132,136,140,141,146,147,148,149,152,153,154,155,157,158,159,160,161,164
0332_00093	30,49,74,85,86,89,93,95,100,108,112,114,115,116,118,122,123,126,128,129,132,136,140,141,146,147,148,149,152,153,154,155,157,158,159,160,161,164
0332_00094	30,49,74,85,86,89,93,95,99,100,108,112,114,115,116,118,122,123,126,128,129,132,136,140,141,146,147,148,149,152,153,154,155,157,158,159,160,161,164
0332_00095	30,49,74,85,86,89,93,95,100,108,112,114,115,116,118,122,123,126,128,129,132,136,140,141,146,147,148,149,152,153,154,155,157,158,159,160,161,164
0332_00099	74,90,91,104,108,115,116,118,123,128,129,132,139,147,149,154,155,157,159,160,164
0332_00101	74,90,91,104,108,115,116,118,123,128,129,132,139,147,149,154,155,157,159,160,164
0332_00102	90,91,104,108,114,115,116,118,123,128,129,132,139,147,149,154,155,157,159,160,164
0332_00104	74,90,91,104,108,115,116,118,123,128,129,132,139,147,149,154,155,157,159,160,164
0332_00105	74,90,91,104,108,115,116,118,123,128,129,132,139,147,149,154,155,157,159,160,164
0332_00107	90,99,104,108,114,115,116,118,123,128,129,132,139,147,154,155,157,159,160,164
0332_00111	90,91,99,104,108,114,115,116,118,123,128,129,132,139,147,154,155,157,159,160,164
0332_00113	74,91,104,108,115,116,118,123,128,129,132,139,141,147,149,154,155,157,159,160,164
0332_00124	90,91,104,108,114,115,116,118,123,128,129,132,139,147,154,155,157,159,160,164
0332_00126	74,90,91,104,108,115,116,118,123,128,129,132,139,147,149,154,155,157,159,160,164
0332_00127	22,50,76,90,91,99,104,108,114,115,116,118,123,128,129,132,139,147,150,154,155,157,159,160,164,165
0332_00128	90,91,99,104,108,114,118,123,128,129,132,139,147,154,155,157,159,160,164
0332_00129	90,91,99,104,108,114,115,116,118,123,128,129,132,139,147,154,155,157,159,160,164
0332_00130	90,91,104,108,114,115,116,118,123,128,129,132,139,147,154,155,157,159,160,164
0332_00131	90,91,99,104,108,114,118,123,128,129,132,139,147,154,155,157,159,160,164
0332_00138	99,123,131,136,139,140,146,154,157,159,164
0332_00142	17,90,91,104,118,123,128,129,132,139,147,154,155,157,159,164
0332_00151	90,91,104,108,114,115,116,118,123,128,129,132,139,147,154,155,157,159,160,164
0332_00152	90,91,104,108,114,115,116,118,123,128,129,132,139,147,154,155,157,159,160,164
0332_00153	90,91,104,108,114,115,116,118,123,128,129,132,139,147,154,155,157,159,160,164
0332_00159	34,90,91,99,104,118,123,128,129,132,139,147,154,155,157,159,164
0332_00164	17,90,91,99,104,108,114,115,116,118,123,128,129,132,139,147,154,155,157,159,160,164
0332_00168	90,91,104,108,114,115,116,118,123,128,129,132,139,147,149,154,155,157,159,160,164
0332_00175	90,91,104,108,114,115,116,118,123,128,129,132,139,147,154,155,157,159,160,164
0332_00178	90,91,104,108,114,115,116,118,123,128,129,132,139,147,154,155,157,159,160,164
0332_00195	29,38,43,48,54,57,62,65,69,72,75,77,79,80,83,85,89,90,91,92,95,96,97,98,102,105,106,109,110,112,113,117,120,121,122,124,126,127,130,131,132,133,136,137,139,140,142,143,146,148,150,151,152,153,154,155,156,157,158,159,161,162,163,164,165
0332_00196	25,38,43,53,54,57,62,65,72,75,77,79,80,82,83,84,85,89,90,91,92,95,96,97,98,105,106,109,110,113,117,120,121,122,127,131,132,133,135,137,139,140,142,143,146,148,150,151,152,153,154,155,156,157,158,159,161,162,163,164,165
0332_00197	37,53,57,62,65,72,75,77,80,82,83,85,89,90,91,92,96,97,98,104,106,109,110,111,113,117,120,121,122,127,128,129,131,132,133,136,137,139,140,142,143,144,146,148,150,151,152,153,154,155,156,157,158,159,160,161,162,163,164,165
0332_00198	29,38,43,48,57,62,65,69,72,75,77,79,80,83,84,85,89,90,92,96,97,98,102,104,105,106,109,110,111,112,117,120,121,122,124,126,127,128,129,130,131,132,133,135,137,139,140,142,143,146,148,150,151,152,153,155,156,157,158,159,161,162,163,164,165
0332_00200	29,48,49,54,57,62,65,69,72,75,80,83,84,85,89,90,91,92,95,96,97,98,102,106,109,110,112,117,120,121,122,124,126,127,130,131,132,133,136,137,139,140,142,143,146,148,150,151,152,153,154,155,156,157,158,159,161,162,163,164,165
0332_00201	38,54,57,62,65,72,75,77,79,80,83,84,85,86,88,89,90,91,92,93,95,96,97,98,105,110,115,117,120,121,122,127,131,132,133,135,137,139,142,143,146,148,150,151,152,153,155,156,157,158,159,160,161,162,163,164,165
0332_00202	53,54,57,72,82,89,90,92,95,97,98,104,109,110,112,117,123,127,131,132,133,136,137,139,140,143,146,150,151,152,153,154,155,156,157,158,159,160,161,163,164,165
0332_00203	54,65,83,90,91,92,95,96,104,105,108,110,111,117,121,123,131,136,137,139,142,146,151,154,155,156,157,158,159,160,161,162,163,164,165
0332_00204	25,38,43,54,65,77,79,80,82,84,90,91,92,95,97,98,100,104,105,106,110,111,113,117,120,121,123,125,127,131,132,133,135,136,137,139,140,142,143,145,146,147,151,153,154,155,156,157,158,159,161,162,163,164,165
0332_00207	29,38,48,49,54,57,62,65,69,72,75,77,79,80,83,84,85,89,90,91,92,95,96,97,98,102,105,106,109,110,112,117,120,121,122,124,125,126,127,130,131,132,133,135,136,137,138,139,140,142,143,145,146,148,150,151,152,153,154,155,156,157,158,159,161,162,163,164,165
0332_00218	54,82,86,93,95,100,104,115,123,131,132,139,151,153,154,155,157,158,159,160,161,164
0332_00219	54,84,95,123,131,139,151,154,156,157,158,159,160,161,164
0332_00226	37,43,53,65,77,80,89,92,97,98,106,110,113,117,120,121,127,131,136,137,142,143,151,154,156,159,161,162,163,164,165
0332_00227	37,38,43,65,77,80,84,97,98,106,110,113,117,120,121,127,131,133,135,137,142,143,151,154,156,158,161,162,163,164,165
0332_00231	53,54,72,89,90,104,123,131,132,136,139,140,146,152,154,155,157,159,164
0332_00234	25,43,75,77,78,79,83,85,86,90,91,92,93,95,96,97,100,104,106,110,111,115,117,119,120,121,122,127,131,132,133,137,142,143,148,150,151,153,154,156,158,160,161,164,165
0332_00238	25,43,77,78,84,85,86,90,93,95,100,104,106,115,119,122,123,131,132,139,142,148,151,153,154,155,156,157,158,159,160,161,164
0332_00248	38,65,77,79,80,83,96,98,105,120,121,137,142,151,156,161,162,163,165
0332_00250	37,38,43,53,54,65,77,79,80,83,89,92,95,96,97,98,105,106,110,113,117,120,121,127,131,136,137,142,143,151,154,156,159,161,162,163,164,165
0332_00251	37,38,43,53,54,65,77,79,80,83,89,92,95,96,97,98,105,106,110,113,117,120,121,127,131,136,137,142,143,146,151,154,156,159,161,162,163,164,165
0332_00254	37,43,53,65,77,80,89,92,97,98,106,110,113,117,120,121,127,131,136,137,142,143,144,150,151,154,156,159,160,161,162,163,164,165
0332_00259	54,82,90,91,95,98,100,104,111,118,121,123,129,131,137,139,147,151,153,154,156,157,158,159,161,163,164,165
0332_00260	14,54,67,84,88,90,95,104,111,123,124,129,131,136,138,139,140,142,146,151,153,154,155,156,157,158,159,161,164
0332_00262	37,43,54,77,82,84,90,91,95,100,104,106,110,111,117,118,123,131,136,139,142,146,147,151,153,154,155,156,157,158,159,161,164
0332_00267	65,97,98,121,123,137,139,154,157,159,161,162,163,164,165
0332_00268	65,80,84,92,97,98,110,117,121,137,142,151,154,156,158,161,162,163,164,165
0332_00275	53,65,82,89,90,91,95,97,98,108,109,113,121,127,129,131,137,138,139,143,144,146,150,152,153,155,156,157,159,160,161,162,163,164,165
0332_00279	54,84,90,95,104,111,123,131,139,151,154,155,156,157,158,159,161,162,163,164,165
0332_00281	54,72,84,90,91,95,104,111,113,123,127,131,139,140,143,144,146,150,151,152,154,155,156,157,158,159,161,162,163,164,165
0332_00283	29,37,43,48,54,57,62,65,69,72,75,77,80,83,85,89,90,91,92,95,96,97,98,102,106,109,110,112,113,117,120,121,122,124,126,127,130,131,132,133,136,137,139,140,142,143,144,146,148,150,151,152,153,154,155,156,157,158,159,161,162,163,164,165
0332_00284	37,38,53,54,57,62,65,72,75,77,80,82,83,84,85,89,90,91,92,95,96,97,98,106,109,110,113,117,120,121,122,127,131,132,133,135,137,139,140,142,143,144,146,148,150,151,152,153,154,155,156,157,158,159,161,162,163,164,165
0332_00285	29,37,38,43,48,57,62,65,69,72,75,77,80,83,84,85,89,90,92,96,97,98,102,104,106,109,110,111,112,113,117,120,121,122,124,126,127,128,129,130,131,132,133,135,136,137,139,140,142,143,144,146,148,150,151,152,153,154,155,156,157,158,159,161,162,163,164,165
0332_00286	53,54,65,77,79,80,82,83,84,90,92,95,96,97,100,104,110,111,117,120,121,123,128,131,132,136,137,139,142,146,147,151,153,154,155,156,157,158,159,161,162,164,165
0332_00289	54,84,90,91,95,97,104,111,123,131,132,133,135,136,139,142,144,146,150,151,152,154,155,156,157,158,159,161,162,163,164,165
0332_00290	37,38,43,53,54,57,62,65,72,75,77,79,80,82,83,85,89,90,91,92,95,96,97,98,105,106,109,110,113,117,120,121,122,127,131,132,133,136,137,139,140,142,143,146,148,150,151,152,153,154,155,156,157,158,159,161,162,163,164,165
0332_00292	25,29,38,43,48,57,62,65,69,72,75,77,79,80,83,84,85,89,90,92,95,96,97,98,102,104,105,106,109,110,111,112,113,117,120,121,122,124,126,127,128,129,130,131,132,133,135,136,137,139,140,142,143,146,148,150,151,152,153,154,155,156,157,158,159,161,162,163,164,165
0332_00293	29,38,43,48,54,57,62,65,69,72,75,77,79,80,83,84,85,89,90,91,92,95,96,97,98,102,105,106,109,110,112,117,120,121,122,124,126,127,130,131,132,133,135,137,139,140,142,143,146,148,150,151,152,153,155,156,157,158,159,161,162,163,164,165
0332_00297	54,65,83,84,90,91,95,96,104,105,111,121,123,131,137,139,142,151,154,155,156,157,158,159,161,162,163,164,165
0332_00301	29,30,37,38,48,49,54,57,62,65,69,72,74,75,77,80,83,84,85,86,89,90,91,92,93,95,96,97,98,100,102,106,109,110,111,112,113,115,116,117,120,121,122,124,126,127,130,131,132,133,135,136,137,138,139,140,141,142,143,144,146,147,148,149,150,151,152,153,154,155,156,157,158,159,160,161,162,163,164,165
0332_00302	38,49,54,57,61,62,65,72,75,77,79,80,83,84,85,86,88,89,90,91,92,93,95,96,97,98,104,105,110,111,115,116,117,120,121,122,123,127,129,131,132,133,135,137,138,139,140,142,143,146,147,148,150,151,152,153,154,155,156,157,158,159,160,161,162,163,164,165
0332_00303	53,54,65,75,77,79,80,83,84,85,90,91,92,95,96,100,104,110,111,117,118,120,121,122,127,128,131,132,136,137,140,142,143,146,147,148,150,151,153,154,155,156,158,159,161,162,164,165
0332_00306	29,38,48,49,54,57,62,65,69,72,75,77,79,80,83,84,85,89,90,91,92,95,96,97,98,102,105,106,109,110,112,113,117,120,121,122,124,125,126,127,130,131,132,133,136,137,138,139,140,142,143,145,146,148,150,151,152,153,154,155,156,157,158,159,161,162,163,164,165
0332_00309	30,49,74,85,86,89,93,95,100,108,112,114,115,116,118,122,123,126,128,129,132,136,140,141,146,147,148,149,152,153,154,155,157,158,159,160,161,164
0332_00316	29,43,48,53,69,82,84,90,97,100,102,104,106,111,112,124,130,131,132,138,139,146,147,148,151,153,155,158,159,161,164
0332_00329	53,54,82,84,88,90,91,95,104,111,123,131,139,147,151,153,154,155,156,157,158,159,161,164
0332_00330	30,49,74,85,86,93,95,100,112,115,122,123,132,141,148,149,153,154,155,157,158,159,160,161,164
0332_00331	54,84,90,91,95,104,111,114,115,123,131,139,147,151,154,155,156,157,158,159,160,161,164
0332_00338	53,54,82,83,90,91,95,96,97,100,104,111,121,123,127,131,132,137,139,143,146,151,152,153,154,156,157,158,159,161,164,165
0332_00345	54,82,90,91,95,98,100,104,111,118,121,123,129,131,137,139,147,151,153,154,156,157,158,159,161,163,164,165
0332_00347	54,84,90,91,95,104,111,118,123,131,132,136,139,140,146,147,151,154,155,156,157,158,159,161,164
0332_00348	54,90,91,93,95,104,108,111,116,123,131,132,136,139,140,146,147,151,154,155,156,157,158,159,160,161,164
0332_00361	53,80,82,84,86,90,100,104,111,118,128,129,131,138,142,147,151,153,155,158,161
0332_00362	65,95,98,121,123,137,139,154,156,157,159,161,162,163,164,165
0332_00363	65,77,79,83,96,99,120,121,123,131,137,139,142,151,154,156,157,159,161,162,164,165
0332_00365	53,54,65,77,79,80,83,84,90,95,96,104,111,120,121,123,131,137,139,142,151,154,155,156,157,158,159,161,162,164,165
0332_00367	54,65,75,77,79,80,83,84,85,90,93,95,96,104,108,111,120,121,122,123,131,137,139,142,148,151,154,155,156,157,158,159,160,161,162,164,165
0332_00368	54,84,90,91,95,104,111,118,123,131,136,139,140,142,146,147,151,154,155,156,157,158,159,161,164
0332_00369	54,84,86,88,90,91,95,104,111,123,129,131,136,138,139,140,142,146,147,151,153,154,155,156,157,158,159,161,164
0332_00374	37,38,65,75,77,79,80,83,85,89,92,93,95,96,97,98,105,106,110,113,117,120,121,122,127,136,137,141,142,143,144,148,149,150,154,156,158,159,160,161,162,163,164,165
0332_00375	54,72,82,84,91,100,104,111,113,127,131,139,143,144,147,150,151,152,153,155,157,158,159,161,162,163,164,165
0332_00377	54,84,90,91,95,97,104,109,111,118,123,126,128,129,131,132,136,139,140,146,147,151,153,154,155,156,157,158,159,161,164
0332_00378	14,54,67,84,88,90,91,95,104,111,118,123,124,128,129,131,136,138,139,140,142,146,147,151,153,154,155,156,157,158,159,161,164
0332_00380	53,65,82,89,91,95,97,98,109,113,121,123,127,131,137,139,140,143,144,146,150,152,153,154,155,156,157,159,160,161,162,163,164,165
0332_00382	37,38,53,57,62,65,72,75,77,80,82,83,84,85,89,90,91,92,96,97,98,104,106,109,110,111,113,117,120,121,122,127,128,129,131,132,133,135,137,139,140,142,143,144,146,148,150,151,152,153,154,155,156,157,158,159,161,162,163,164,165
0332_00389	38,54,57,62,65,72,75,77,79,80,83,84,85,89,92,95,96,97,98,105,110,117,120,121,122,127,131,133,135,137,139,142,143,146,148,150,151,152,156,157,158,159,160,161,162,163,164,165
0332_00390	25,38,43,53,57,62,65,72,75,77,79,80,82,83,84,85,89,90,91,92,95,96,97,98,104,105,106,109,110,111,113,117,120,121,122,127,128,129,131,132,133,135,137,139,140,142,143,146,148,150,151,152,153,154,155,156,157,158,159,161,162,163,164,165
0332_00391	25,29,38,43,48,54,57,62,65,69,72,75,77,79,80,83,84,85,89,90,91,92,95,96,97,98,102,105,106,109,110,112,113,117,120,121,122,124,126,127,130,131,132,133,135,136,137,139,140,142,143,146,148,150,151,152,153,154,155,156,157,158,159,161,162,163,164,165
0332_00393	25,29,38,43,48,53,57,62,65,69,72,75,77,79,80,83,84,85,89,90,92,95,96,97,98,102,104,105,106,109,110,111,112,113,117,120,121,122,124,126,127,128,129,130,131,132,133,135,136,137,139,140,142,143,146,148,150,151,152,153,154,155,156,157,158,159,161,162,163,164,165
0332_00394	29,38,43,48,57,62,65,69,72,75,77,79,80,83,84,85,89,90,91,92,95,96,97,98,102,105,106,109,110,112,117,120,121,122,124,126,127,130,131,132,133,135,136,137,139,140,142,143,146,148,150,151,152,153,155,156,157,158,159,161,162,163,164,165
0332_00395	25,29,38,43,48,53,54,57,62,65,69,72,75,77,79,80,83,84,85,89,90,91,92,95,96,97,98,102,105,106,109,110,112,113,117,120,121,122,124,126,127,130,131,132,133,135,136,137,139,140,142,143,146,148,150,151,152,153,154,155,156,157,158,159,161,162,163,164,165
0332_00398	53,80,82,84,86,90,91,100,104,111,118,128,129,131,138,142,147,151,153,155,158,161
0332_00399	29,36,38,47,48,49,65,69,75,77,80,81,83,84,85,88,90,91,96,98,100,102,106,108,109,112,116,120,121,122,124,126,128,130,131,132,133,135,137,138,139,140,142,144,146,147,148,149,150,151,153,155,156,157,158,159,160,161,162,163,164,165
0332_00408	54,79,82,84,86,88,90,91,92,95,100,104,108,110,111,114,115,116,117,118,123,128,129,131,132,136,138,139,140,142,146,147,151,153,154,155,156,157,158,159,160,161,164
0332_00409	37,38,53,54,65,72,75,77,79,80,82,85,89,90,91,92,95,97,98,100,104,105,106,109,110,113,117,120,121,122,127,128,131,132,136,137,138,139,140,142,143,144,145,146,148,149,150,151,152,153,154,155,156,157,158,159,160,161,162,163,164,165
0332_00413	29,37,38,48,53,54,57,62,65,69,72,75,77,79,80,83,84,85,89,90,91,92,95,96,97,98,100,102,104,105,106,109,110,112,113,117,120,121,122,124,125,126,127,128,130,131,132,133,135,136,137,138,139,140,142,143,144,145,146,148,149,150,151,152,153,154,155,156,157,158,159,160,161,162,163,164,165
0332_00425	25,29,43,48,53,69,77,78,84,85,86,90,93,94,95,97,100,102,104,106,112,115,117,119,122,123,124,130,131,132,136,139,140,142,146,148,151,153,154,155,156,157,158,159,160,161,164
0332_00432	25,43,77,78,84,90,91,100,104,106,111,118,119,123,131,132,139,142,147,151,153,154,155,156,157,158,159,161,164
0332_00437	29,30,48,49,69,74,85,86,90,91,93,95,100,102,106,109,111,112,115,116,122,124,126,130,132,138,139,140,141,146,147,148,149,153,155,157,158,159,160,161,164
0332_00441	37,38,43,65,77,80,84,97,98,106,110,113,117,120,121,127,131,133,135,137,142,143,144,150,151,154,156,158,160,161,162,163,164,165
0332_00455	54,86,88,90,91,92,93,95,104,108,110,111,115,116,117,123,131,136,139,146,147,149,151,153,154,155,156,157,158,159,160,161,164
0332_00457	30,49,74,85,86,93,100,108,111,112,115,116,118,122,123,132,141,147,148,149,153,154,155,157,158,159,160,161,164
0332_00459	53,80,82,84,86,90,91,100,104,111,118,128,129,131,138,142,147,151,153,155,158,161
0332_00464	53,65,82,84,90,91,95,97,98,100,108,109,113,121,127,129,131,137,138,139,142,143,144,150,151,152,153,155,156,157,158,159,160,161,162,163,164,165
0332_00465	54,82,84,90,91,92,95,100,104,108,110,111,117,118,123,129,131,136,139,142,146,147,151,153,154,155,156,157,158,159,160,161,164
0332_00466	25,54,74,77,78,84,85,86,90,91,93,95,100,104,106,108,111,118,119,122,123,131,139,142,147,148,149,151,153,154,155,156,157,158,159,160,161,164
0332_00468	24,49,54,56,63,70,71,84,89,90,94,95,102,104,111,113,119,122,123,124,127,130,131,133,135,136,139,140,142,143,144,146,148,150,151,152,154,155,156,157,158,159,161,162,163,164,165
0332_00469	29,37,38,48,57,62,65,69,72,75,77,80,82,83,84,85,89,92,95,96,97,98,101,102,105,106,109,110,112,113,117,120,121,122,124,127,130,131,132,133,135,136,137,139,140,142,143,144,146,148,150,151,152,153,154,155,156,157,158,159,161,162,163,164,165
0332_00471	54,72,82,84,93,95,100,104,113,126,127,131,132,139,143,144,146,150,151,152,153,155,157,158,159,160,161,162,163,164,165
0332_00472	29,37,38,43,48,54,57,62,65,69,72,75,77,80,83,84,85,89,90,91,92,95,96,97,98,102,106,109,110,112,113,117,120,121,122,124,126,127,130,131,132,133,135,136,137,139,140,142,143,144,146,148,150,151,152,153,154,155,156,157,158,159,161,162,163,164,165
0332_00477	29,38,43,48,53,54,57,62,65,69,72,75,77,79,80,83,84,85,89,90,91,92,95,96,97,102,106,109,110,112,117,120,121,122,124,126,127,130,131,132,133,135,136,137,139,140,142,143,144,146,148,150,151,152,153,154,155,156,157,158,159,161,162,164,165
0332_00479	30,49,74,84,85,86,90,91,93,95,100,104,108,111,112,115,116,118,122,123,129,141,142,147,148,149,151,153,154,155,156,157,158,159,160,161,164
0332_00568	65,83,84,90,91,92,96,104,105,110,111,117,121,131,132,137,142,151,154,155,156,158,161,162,163,164,165
0332_00569	72,93,99,113,123,126,127,131,139,140,143,144,146,150,152,154,157,159,160,162,163,164,165
0332_00570	65,82,83,90,91,96,104,105,109,121,131,132,137,139,147,151,153,155,156,157,161,162,163,164,165
0332_00571	65,82,83,84,90,91,96,100,104,105,111,121,131,137,142,147,151,153,155,156,158,161,162,163,165
0332_00573	65,82,83,84,90,91,96,100,104,105,111,113,121,127,131,137,139,142,143,147,151,152,153,155,156,157,158,161,162,163,164,165
0332_00574	38,50,54,65,74,76,77,79,80,82,83,91,96,98,99,100,105,116,120,121,131,133,135,137,142,149,151,153,155,156,158,160,161,162,163,165
0332_00575	62,65,75,80,83,85,86,93,96,98,100,108,111,115,116,118,120,121,122,137,142,147,148,150,153,156,158,160,161,162,163,165
0332_00577	65,95,98,105,121,123,125,137,139,145,154,156,157,159,161,162,163,164,165
0332_00578	54,65,95,97,98,105,113,121,123,125,127,131,136,137,139,143,145,146,151,152,154,156,157,159,161,162,163,164,165
0332_00579	54,65,95,97,98,105,113,121,123,125,127,131,136,137,139,140,143,145,146,151,152,154,156,157,159,161,162,163,164,165
0332_00582	54,65,79,83,84,90,91,92,95,96,104,105,110,111,117,121,131,137,142,151,154,155,156,158,161,162,163,164,165
0332_00583	54,90,92,95,104,108,110,111,117,123,131,136,139,146,151,154,155,156,157,158,159,160,161,162,163,164,165
0332_00584	65,82,83,86,90,91,93,96,100,104,105,111,115,116,121,131,137,142,147,151,153,155,156,158,160,161,162,163,165
0332_00586	37,38,43,53,65,77,79,80,89,92,95,97,98,105,106,110,113,117,120,121,125,127,131,136,137,142,143,144,145,149,150,151,154,156,159,160,161,162,163,164,165
0332_00587	65,82,83,90,91,92,93,96,100,104,105,108,110,111,113,116,117,121,126,127,131,137,142,143,147,149,151,152,153,154,155,156,157,158,159,160,161,162,163,164,165
0332_00588	27,54,84,87,90,95,104,107,111,113,123,125,126,127,131,134,139,140,143,144,145,146,150,151,152,154,155,156,157,158,159,161,162,163,164,165
0332_00589	26,50,53,66,72,76,82,89,90,91,96,99,104,105,108,109,112,115,116,118,127,128,129,131,132,136,139,140,143,145,146,147,149,150,152,153,154,155,157,159,160,163,164,165
0332_00591	26,50,66,72,76,89,90,91,96,99,104,105,108,109,112,115,116,118,123,126,127,128,129,131,132,136,139,140,141,143,145,146,147,149,150,152,153,154,155,157,159,160,163,164,165
0332_00592	54,66,82,90,91,92,95,96,100,104,105,108,110,111,112,115,116,117,118,123,127,128,129,131,132,136,139,140,141,143,145,146,147,149,150,151,152,153,154,155,156,157,158,159,160,161,163,164,165
0332_00593	54,66,82,90,91,92,95,96,100,104,105,108,110,111,112,115,116,117,118,123,127,128,129,131,132,136,139,140,141,143,145,146,147,149,150,151,152,153,154,155,156,157,158,159,160,161,163,164,165
0332_00623	25,38,43,65,77,79,80,84,92,95,97,98,105,106,110,113,117,120,121,125,127,131,133,135,137,142,143,145,151,154,156,158,161,162,163,164,165
0332_00628	84,133,135,151,156,158,161,162,163,165
0332_00633	154,162,163,164,165
0332_00635	123,139,154,157,159,162,163,164,165
0332_00636	113,127,139,143,152,154,157,159,162,163,164,165
0332_00637	113,127,139,143,152,154,157,159,162,163,164,165
0332_00638	113,123,127,131,139,143,146,152,154,157,159,162,163,164,165
0332_00643	53,84,97,113,123,127,131,133,135,139,143,146,151,152,154,156,157,158,159,161,162,163,164,165
0332_00644	53,54,84,95,97,113,123,127,131,133,135,139,143,144,146,150,151,152,154,156,157,158,159,161,162,163,164,165
0332_00645	54,84,95,113,123,127,131,133,135,139,143,144,146,150,151,152,154,156,157,158,159,161,162,163,164,165
0332_00649	54,82,84,95,100,104,131,132,139,151,152,153,155,157,158,161,162,163,164,165
0332_00650	82,84,100,104,111,113,127,131,139,143,147,151,152,153,155,157,158,161,162,163,164,165
0332_00656	90,91,104,113,123,127,131,132,139,143,144,146,147,150,152,154,155,157,159,162,163,164,165
0332_00659	72,82,84,93,100,104,111,113,126,127,131,139,143,144,147,150,151,152,153,155,157,158,159,160,161,162,163,164,165
0332_00662	27,54,84,87,90,95,104,107,111,113,123,127,131,134,139,143,144,146,150,151,152,154,155,156,157,158,159,161,162,163,164,165
0332_00664	54,72,82,91,98,100,104,105,108,111,113,116,121,127,131,137,139,143,144,145,147,150,151,152,153,156,157,158,159,160,161,162,163,164,165
0332_00665	36,37,43,54,77,79,81,83,88,90,91,96,101,104,105,106,110,111,117,118,120,121,123,127,128,129,131,132,136,137,139,142,143,146,147,151,153,154,155,156,157,158,159,161,164,165
0332_00666	37,43,54,77,79,83,90,91,96,104,106,108,110,111,116,117,118,120,121,123,127,128,129,131,132,136,137,139,142,143,146,147,150,151,154,155,156,157,158,159,160,161,164,165
0332_00669	65,98,105,121,123,125,137,139,145,154,156,157,159,161,162,163,164,165
0332_00670	65,83,90,91,96,105,121,132,137,151,154,155,156,161,162,163,164,165
0332_00671	65,83,90,91,96,104,105,113,121,123,127,131,132,137,139,143,146,151,152,154,155,156,157,159,161,162,163,164,165
0332_00672	65,83,90,91,93,96,105,116,121,123,126,132,137,151,154,155,156,157,159,160,161,162,163,164,165
0332_00673	65,83,90,91,96,105,108,109,114,121,123,126,129,132,137,151,153,154,155,156,157,159,160,161,162,163,164,165
0332_00674	65,82,83,90,91,92,96,100,104,105,108,110,111,113,116,117,121,127,131,137,139,142,143,147,151,152,153,154,155,156,157,158,159,160,161,162,163,164,165
0332_00697	43,65,89,92,98,110,113,117,121,127,131,137,139,143,151,154,156,157,159,161,162,163,164,165
0332_00698	54,65,83,95,96,121,123,131,137,139,151,154,156,157,159,161,162,164,165
0332_00705	90,91,104,115,116,123,131,132,136,139,140,146,147,154,155,157,159,160,164
0332_00706	90,91,104,118,123,129,131,132,136,139,140,146,147,154,155,157,159,164
0332_00707	90,91,93,104,108,116,118,123,126,132,136,139,140,146,147,154,155,157,159,160,164
0332_00728	53,84,89,92,97,110,113,117,127,131,139,143,144,150,151,152,154,156,157,158,159,161,162,163,164,165
0332_00731	139,152,157,160,162,163,164,165
0332_00732	82,84,100,104,111,147,151,153,155,158,161,162,163,165
0332_00749	99,154,162,163,164,165
0332_00750	83,92,96,105,110,117,121,127,135,137,143,144,150,151,154,156,158,160,161,162,163,164,165
0332_00758	27,54,84,87,90,95,104,107,111,113,123,125,126,127,131,134,139,140,143,144,145,146,150,151,152,154,155,156,157,158,159,161,162,163,164,165
0332_00759	27,54,84,87,90,95,104,107,111,113,123,125,126,127,131,134,139,140,143,144,145,146,150,151,152,154,155,156,157,158,159,161,162,163,164,165
0332_00774	50,66,74,76,99,108,112,115,116,118,123,139,141,147,149,150,154,157,159,160,163,164,165
0332_00778	26,50,53,66,72,76,82,89,90,91,96,99,104,105,108,109,112,115,116,118,127,128,129,131,132,136,139,140,143,145,146,147,149,150,152,153,154,155,157,159,160,163,164,165
0332_00779	26,50,53,66,72,76,82,89,90,91,96,99,104,105,108,109,112,115,116,118,127,128,129,131,132,136,139,140,143,145,146,147,149,150,152,153,154,155,157,159,160,163,164,165
0332_00780	26,50,66,72,76,82,91,96,99,104,105,108,109,112,115,116,118,127,128,129,131,132,136,139,140,143,145,146,147,149,150,152,153,154,155,157,159,160,163,164,165
0332_00781	54,72,82,89,90,99,104,108,109,114,115,116,118,123,126,128,129,131,132,138,139,140,146,147,152,153,154,155,157,159,160,164
0332_00784	26,50,66,72,76,96,99,105,108,109,112,115,116,118,123,126,127,128,129,132,136,140,141,143,145,146,147,149,150,152,153,154,155,157,159,160,163,164,165
0332_00786	108,109,114,115,116,118,123,126,128,129,136,138,140,141,144,146,147,149,150,153,154,155,157,159,160,162,163,164,165
0332_00794	39,40,48,51,53,55,58,60,61,66,67,69,73,82,88,90,91,92,96,97,100,102,104,105,106,108,110,111,112,115,116,117,118,124,127,128,129,130,131,132,136,138,139,140,141,143,145,146,147,148,149,150,151,152,153,154,155,156,157,158,159,160,161,163,164,165
0332_00796	26,50,66,74,76,90,96,99,104,105,108,112,115,116,118,127,128,129,132,139,141,143,145,147,149,150,152,155,157,160,163,164,165
0332_00806	29,48,69,72,82,84,89,90,91,95,100,102,104,106,108,109,111,112,114,115,116,118,123,124,126,128,129,130,131,132,136,138,139,140,146,147,148,149,151,152,153,154,155,157,158,159,160,161,164
0332_00820	65,77,79,83,96,105,120,121,137,142,144,149,150,151,156,160,161,162,163,165
0332_00828	54,72,90,91,104,123,131,132,136,139,140,146,147,152,154,155,157,159,164
0332_00831	54,82,90,92,95,100,104,108,110,114,115,117,123,128,131,132,136,139,146,149,151,153,154,155,156,157,158,159,160,161,164
0332_00836	65,83,90,91,96,104,105,118,121,123,131,132,137,139,147,151,154,155,156,157,159,161,162,163,164,165
0332_00847	90,91,104,123,131,132,136,139,140,146,154,155,157,159,164
0332_00849	65,83,90,91,96,104,105,121,123,131,132,137,139,147,151,154,155,156,157,159,161,162,163,164,165
0332_00850	54,72,90,93,104,113,123,126,127,131,132,139,140,143,144,146,150,152,154,155,157,159,160,162,163,164,165
0332_00851	82,84,90,91,100,104,111,118,123,131,132,139,147,151,153,154,155,157,158,159,161,164
0332_00856	50,54,74,76,82,92,95,99,100,104,110,117,123,131,132,136,139,146,149,151,153,154,155,156,157,158,159,160,161,164
0332_00859	53,89,90,91,104,118,123,128,129,131,132,136,139,140,146,147,152,154,155,157,159,164
0332_00867	54,83,90,91,92,95,96,104,110,111,117,121,123,127,131,132,136,137,139,143,146,147,151,154,156,157,158,159,161,164,165
0332_00869	54,82,90,91,95,98,100,104,111,121,123,127,129,131,132,137,139,143,146,147,151,152,153,154,156,157,158,159,161,163,164,165
0332_00871	37,38,43,53,54,77,79,80,83,84,89,92,95,96,97,106,110,117,120,121,127,131,133,136,137,142,143,146,150,151,154,156,158,159,161,164,165
0332_00872	57,65,83,89,91,95,96,97,98,105,109,113,120,121,123,127,137,139,143,144,146,150,152,153,154,156,157,159,160,161,162,163,164,165
0332_00880	57,72,83,96,123,131,136,137,139,140,146,152,154,157,159,162,164,165
0332_00881	37,43,53,54,77,80,89,90,91,92,95,97,98,104,106,110,111,117,120,121,123,127,131,132,136,137,139,140,142,143,146,151,154,156,157,158,159,161,163,164,165
0332_00883	54,82,92,95,100,104,110,117,123,131,132,136,139,146,151,153,154,155,156,157,158,159,161,162,163,164,165
0332_00884	53,54,66,72,89,90,91,104,112,123,131,132,136,139,140,146,152,154,155,157,159,164
0332_00885	54,82,92,95,99,100,104,110,117,123,131,132,136,139,146,151,153,154,155,156,157,158,159,161,162,163,164,165
0332_00886	25,43,53,54,77,78,84,90,91,95,97,100,104,106,111,118,119,123,131,132,136,139,140,142,146,147,151,153,154,155,156,157,158,159,161,164
0332_00888	65,83,96,97,105,121,137,151,154,156,161,162,163,164,165
0332_00889	53,65,83,96,97,105,121,123,131,137,139,151,154,156,157,159,161,162,163,164,165
0332_00891	53,54,72,89,113,123,127,131,139,140,143,144,146,150,152,154,157,159,162,163,164,165
0332_00892	65,83,90,91,96,104,105,121,123,131,132,137,139,151,154,155,156,157,159,161,162,163,164,165
0332_00893	65,83,96,99,105,121,123,131,137,139,151,154,156,157,159,161,162,163,164,165
0332_00897	54,65,72,83,90,91,96,104,105,121,123,131,132,137,139,146,151,152,154,155,156,157,159,161,162,163,164,165
0332_00900	54,82,90,91,95,98,100,104,111,118,121,123,129,131,137,139,147,151,153,154,156,157,158,159,161,163,164,165
0332_00901	57,66,89,90,98,104,109,112,115,116,123,127,129,132,137,139,143,146,147,152,153,154,157,159,160,163,164,165
0332_00905	37,43,53,54,65,77,80,89,92,95,97,98,106,110,113,117,120,121,123,127,131,136,137,139,140,142,143,146,151,154,156,157,159,161,162,163,164,165
0332_00906	72,90,123,132,136,139,146,152,154,155,157,159,162,163,164,165
0332_00908	53,54,90,92,95,97,104,108,110,111,117,123,131,132,136,139,140,146,151,154,155,156,157,158,159,160,161,164
0332_00909	53,54,66,72,89,90,91,104,112,123,127,131,132,139,140,143,146,150,152,154,157,159,163,164,165
0332_00910	54,90,92,95,104,108,110,111,113,117,123,127,131,136,139,140,143,146,151,152,154,155,156,157,158,159,160,161,162,163,164,165
0332_00917	50,54,76,82,92,95,99,100,104,108,110,117,123,131,132,136,139,146,149,151,153,154,155,156,157,158,159,160,161,164
0332_00918	89,90,104,108,115,123,129,132,136,139,140,146,147,152,154,155,157,159,160,164
0332_00920	65,95,97,98,121,123,131,136,137,139,140,144,146,150,154,156,157,159,161,162,163,164,165
0332_00924	52,57,62,65,72,75,77,79,80,83,87,94,95,96,97,100,103,107,109,111,112,120,121,122,123,124,128,129,132,134,137,138,142,144,147,148,150,152,153,155,156,157,158,159,161,162,163,164,165
0332_00926	28,36,37,47,62,66,74,75,77,78,80,81,85,88,97,98,100,106,110,112,117,119,120,121,122,127,133,135,137,141,142,143,145,148,149,150,153,154,156,158,160,161,162,163,164,165
0332_00927	36,47,65,75,77,78,81,83,85,88,93,96,106,119,120,121,122,133,135,137,141,142,144,148,149,150,156,158,160,161,162,163,165
0332_00928	22,52,65,66,75,77,79,80,83,87,91,94,95,96,97,100,103,104,107,111,112,116,120,121,122,124,128,132,134,137,139,142,148,152,153,155,156,157,158,160,161,162,163,164,165
0332_00930	85,86,92,93,95,100,103,108,109,110,111,115,116,117,122,126,128,129,132,133,134,135,138,141,144,147,148,149,150,153,154,155,156,157,158,159,160,161,162,163,164,165
0332_00931	24,71,78,79,89,92,93,94,95,97,102,108,109,110,113,117,119,124,125,126,127,141,142,143,144,145,146,149,150,151,152,153,154,155,156,157,158,159,160,161,162,163,164,165
0332_00933	29,48,59,64,69,74,81,88,90,93,94,102,106,109,112,113,114,117,124,126,127,130,141,143,144,146,148,149,150,151,152,153,155,156,157,158,159,160,161,162,163,164,165
0332_00934	36,42,47,52,65,72,74,80,81,83,85,87,88,92,94,95,96,97,106,107,108,109,110,111,112,113,117,120,121,122,124,126,127,132,133,134,135,137,142,143,148,149,153,154,155,156,157,158,159,160,161,162,163,164,165
0332_00936	29,36,47,67,75,81,83,88,89,94,96,100,102,106,109,110,111,112,114,115,117,120,121,122,124,126,127,128,130,136,137,138,141,143,146,147,148,149,150,153,154,155,156,157,158,159,160,161,164,165
0332_00938	29,47,67,69,73,74,81,88,89,93,94,102,106,112,113,117,123,124,126,127,130,140,141,143,144,146,148,149,150,151,152,154,156,157,158,159,160,161,162,163,164,165
0332_00939	21,36,50,74,76,81,83,88,89,96,99,120,123,126,136,137,138,140,141,146,147,149,152,153,154,157,159,160,164,165
0332_00940	37,62,65,75,77,80,85,89,90,91,92,96,97,98,104,105,106,110,111,113,117,118,120,121,122,127,129,133,136,137,142,143,144,145,147,148,150,151,154,156,158,159,161,162,163,164,165
0332_00941	29,47,67,69,81,84,88,93,94,102,106,112,117,124,126,130,148,149,151,156,157,159,160,161,164
0332_00942	37,65,75,77,79,80,83,85,86,87,95,96,97,100,103,106,107,108,109,110,111,113,114,115,117,118,120,121,122,126,127,128,129,132,134,137,138,142,143,144,147,148,150,152,153,154,155,156,157,158,159,160,161,162,163,164,165
0332_00945	50,57,62,66,72,74,76,83,87,89,96,99,103,105,107,112,114,115,118,123,126,127,129,132,134,136,137,140,141,143,145,146,147,149,150,152,154,155,157,159,160,162,163,164,165
0332_00946	57,66,72,74,83,85,86,95,96,97,100,105,108,109,111,112,114,115,116,118,120,122,123,128,129,132,137,138,141,147,148,149,152,153,155,157,158,159,160,161,163,164,165
0332_00948	41,52,65,66,75,77,79,80,83,87,94,96,100,103,107,111,112,114,115,116,118,120,121,122,124,128,129,134,137,142,147,148,153,155,156,158,160,161,162,163,165
0332_00949	23,28,29,38,47,48,57,65,67,75,77,81,83,85,87,88,93,95,96,97,98,100,102,103,105,106,107,108,110,112,113,117,120,121,122,123,124,126,127,130,134,136,137,140,142,143,144,146,148,149,150,152,153,154,155,156,157,158,159,160,161,162,163,164,165
0332_00950	85,92,93,95,108,110,111,117,122,123,125,126,132,133,135,136,141,144,145,146,148,149,150,154,155,156,157,158,159,160,161,162,163,164,165
0332_00952	46,52,57,62,65,66,75,77,79,80,83,87,94,95,96,97,100,103,107,109,111,112,120,121,122,124,128,129,132,134,137,138,142,144,148,150,152,153,155,156,157,158,161,162,163,164,165
0332_00953	25,33,39,40,48,55,58,60,61,65,67,73,74,77,80,81,82,86,88,92,93,94,97,98,100,102,106,108,110,112,113,114,115,116,117,118,120,121,122,124,126,127,130,133,135,136,137,141,142,143,144,146,147,148,149,150,151,153,155,156,157,158,159,160,161,162,163,164,165
0332_00955	29,48,65,67,73,81,87,88,92,93,97,98,102,103,106,107,110,112,113,117,121,124,126,127,130,134,137,143,144,146,148,149,150,156,157,159,160,161,162,163,164,165
0332_00956	29,48,57,67,73,81,87,88,89,98,102,103,105,106,107,109,112,113,114,123,124,125,126,127,128,130,134,137,138,140,141,143,144,145,146,148,149,150,152,153,154,155,157,159,160,162,163,164,165
0332_00957	29,38,48,65,67,73,74,77,80,81,88,92,97,98,102,106,109,110,112,113,114,117,120,121,124,126,127,128,130,137,138,141,142,143,146,148,149,153,155,156,157,159,160,161,162,163,164,165
0332_00959	45,52,65,66,74,75,76,77,79,80,83,87,94,95,96,97,99,103,107,112,120,121,122,124,134,137,139,141,142,144,148,149,150,152,156,157,158,160,161,162,163,164,165
0332_00960	29,48,65,67,73,81,87,88,92,97,98,102,103,106,107,109,110,112,113,114,117,121,124,126,127,128,130,134,137,138,143,144,146,148,149,150,153,155,156,157,159,160,161,162,163,164,165
0332_00961	16,22,42,52,57,62,65,66,75,77,79,80,83,87,94,95,96,97,100,103,107,111,112,120,121,122,124,125,132,134,137,142,144,145,148,150,152,153,155,156,157,158,161,162,163,164,165
0332_00963	65,66,77,80,87,97,98,103,107,112,120,121,125,134,137,139,142,144,145,150,152,157,161,162,163,164,165
0332_00964	41,52,65,66,75,77,79,80,83,87,94,96,100,103,107,111,112,120,121,122,124,125,129,134,137,142,145,147,148,153,155,156,158,161,162,163,165
0332_00966	25,42,52,62,65,75,77,79,80,83,85,87,92,94,96,97,98,103,105,106,107,110,113,117,120,121,122,124,125,127,133,134,135,137,142,143,144,145,148,150,154,156,158,161,162,163,164,165
0332_00967	20,28,30,42,52,65,75,77,79,80,83,86,87,93,94,96,100,107,111,112,115,120,121,122,124,125,134,137,142,145,148,153,155,156,158,160,161,162,163,165
0332_00968	52,65,66,75,77,79,80,83,87,90,91,94,95,96,97,100,103,104,107,111,112,114,115,116,118,120,121,122,124,128,129,132,134,137,139,142,144,147,148,150,152,153,155,156,157,158,160,161,162,163,164,165
0332_00969	34,65,75,77,79,83,85,87,95,96,99,100,103,107,109,120,121,122,126,129,132,134,137,138,142,144,148,150,152,153,155,157,158,161,162,163,164,165
0332_00970	52,65,66,74,75,77,79,80,83,87,90,91,94,95,96,97,100,103,104,107,108,111,112,116,120,121,122,124,127,128,129,132,134,137,139,142,143,147,148,149,150,152,153,155,156,157,158,160,161,162,163,164,165
0332_00971	52,65,66,74,75,77,79,80,83,87,90,91,94,95,96,97,100,103,104,107,108,111,112,115,116,120,121,122,124,127,128,129,132,134,137,139,142,143,147,148,149,150,152,153,155,156,157,158,160,161,162,163,164,165
0332_00974	52,57,62,65,72,75,77,79,80,83,87,94,95,96,97,100,103,107,108,109,111,112,114,115,120,121,122,123,124,128,129,132,134,137,138,142,144,147,148,150,152,153,155,156,157,158,159,160,161,162,163,164,165
0332_00975	36,47,52,65,77,79,80,81,83,85,88,94,96,101,105,106,120,121,122,124,137,142,148,156,160,161,162,163,165
0332_00976	50,52,65,66,74,75,76,77,79,80,83,87,90,91,94,95,96,97,99,100,103,104,107,108,111,112,115,116,120,121,122,124,127,128,129,132,134,137,139,142,143,147,148,149,150,152,153,155,156,157,158,160,161,162,163,164,165
0332_00978	29,48,67,81,88,91,92,93,102,106,108,110,112,116,117,124,126,130,136,138,140,141,146,147,148,149,151,153,154,155,156,157,158,159,160,161,164
0332_00979	52,62,65,66,72,74,75,77,79,80,83,92,94,95,96,97,110,112,113,117,120,121,122,124,125,126,127,137,139,141,142,143,145,148,149,152,156,157,158,159,160,161,162,163,164,165
0332_00981	52,57,62,65,72,75,77,79,80,83,87,94,95,96,97,100,103,107,108,109,111,112,113,115,120,121,122,123,124,125,126,127,128,129,132,134,137,138,142,143,144,145,146,148,150,152,153,155,156,157,158,159,160,161,162,163,164,165
0332_00983	66,87,90,91,92,103,107,108,110,112,113,115,116,117,118,127,129,131,133,134,135,139,143,144,145,147,150,151,152,154,156,157,158,159,160,161,162,163,164,165
0332_00985	23,28,37,42,52,57,66,72,75,77,78,79,85,87,89,93,94,95,96,97,98,100,103,105,106,107,108,109,110,111,112,113,117,119,120,121,122,123,124,125,126,127,129,132,133,134,135,136,137,140,142,143,144,145,146,148,149,152,153,154,156,157,158,159,160,161,162,163,164,165
0332_00987	29,48,67,81,88,93,102,106,108,109,112,114,123,124,126,128,129,130,132,136,138,140,141,146,148,149,153,154,155,157,159,160,164
0332_00989	23,29,67,73,81,85,88,89,92,93,102,106,108,109,110,111,112,114,116,117,122,123,124,126,128,130,132,136,138,140,141,146,148,149,153,154,155,156,157,158,159,160,161,164
0332_00990	17,25,65,77,80,98,106,120,121,125,133,135,137,142,145,149,151,156,158,160,161,162,163,165
0332_00991	72,85,86,92,93,95,108,109,110,111,115,117,122,123,126,132,133,135,136,140,141,144,146,148,149,150,153,154,155,156,157,158,159,160,161,162,163,164,165
0332_00992	28,52,65,75,77,79,80,83,85,92,94,96,97,100,103,108,110,111,117,120,121,122,124,129,132,133,134,135,137,138,142,144,148,149,150,153,154,155,156,158,160,161,162,163,164,165
0332_00994	19,47,75,81,85,86,88,100,106,110,111,114,117,118,121,122,128,129,137,138,147,148,153,154,155,156,158,160,161,164,165
0332_00995	23,52,57,62,65,66,74,75,80,83,87,92,94,95,96,97,103,106,107,110,112,113,117,120,121,122,123,124,126,127,133,134,135,137,141,142,143,144,146,148,149,150,152,154,156,157,158,159,160,161,162,163,164,165
0332_00996	23,52,57,72,75,83,86,92,93,94,95,96,97,100,106,109,110,111,115,117,120,121,122,123,124,126,127,128,132,133,135,136,137,138,140,141,142,143,144,146,147,148,149,150,153,154,155,156,157,158,159,160,161,162,163,164,165
0332_00997	52,65,66,74,75,77,79,80,83,87,90,94,95,96,97,103,107,108,111,112,120,121,122,124,134,137,139,141,142,148,149,152,155,156,157,158,160,161,162,163,164,165
0332_00998	52,65,75,77,79,80,83,87,94,96,100,103,107,108,111,114,115,120,121,122,124,129,134,137,142,144,147,148,150,153,155,156,158,160,161,162,163,165
0332_01000	29,48,76,89,93,99,102,106,112,123,124,126,130,136,140,141,146,148,149,152,154,157,159,160,164
0332_01001	29,48,76,85,86,89,92,93,97,99,100,102,103,106,107,110,112,114,116,117,122,124,126,130,134,136,138,140,141,146,148,149,152,153,154,155,156,157,158,159,160,161,164
0332_01002	42,65,79,87,92,95,98,106,107,110,112,113,117,121,125,126,127,133,134,135,137,142,143,145,151,152,154,156,157,158,159,161,162,163,164,165
0332_01003	23,25,65,74,77,80,85,86,92,93,97,98,106,110,113,117,120,121,122,123,126,127,133,135,137,141,142,143,144,148,149,150,154,156,157,158,159,160,161,162,163,164,165
0332_01004	25,29,48,65,67,73,77,80,81,85,86,88,92,93,97,98,100,102,106,110,112,113,114,116,117,120,121,122,124,126,127,130,133,135,137,138,141,142,143,146,148,149,153,155,156,157,158,159,160,161,162,163,164,165
0332_01006	29,46,48,67,81,87,88,102,103,106,107,109,112,113,114,115,124,126,127,128,130,134,138,143,144,146,147,148,149,150,152,153,155,157,159,160,162,163,164,165
0332_01007	17,66,74,87,92,103,107,110,112,117,134,149,151,154,156,158,160,161,162,163,164,165
0332_01009	24,49,56,63,70,71,79,80,94,97,102,104,111,114,116,119,122,124,130,133,135,136,140,141,142,144,146,148,149,150,151,155,156,158,159,160,161,162,163,164,165
0332_01012	29,47,67,69,73,74,76,81,82,88,89,93,94,99,100,102,106,108,112,114,117,123,124,126,130,140,141,146,148,149,151,152,153,154,155,156,157,158,159,160,161,164
0332_01013	52,65,66,74,75,79,80,82,83,87,92,93,94,95,96,97,100,103,107,108,110,111,112,114,117,120,121,122,124,134,137,141,142,144,148,149,150,151,153,154,155,156,158,160,161,162,163,164,165
0332_01015	28,29,66,67,73,74,81,88,102,106,109,112,114,116,124,126,128,130,138,141,148,149,153,155,157,159,160,164
0332_01016	29,48,67,73,81,87,88,93,102,103,106,107,112,113,124,126,127,130,134,141,143,144,146,148,149,150,152,157,159,160,162,163,164,165
0332_01018	52,65,66,72,74,75,77,79,80,83,87,92,94,95,96,97,103,107,110,112,113,117,120,121,122,124,126,127,134,137,141,142,143,148,149,152,154,156,157,158,159,160,161,162,163,164,165
0332_01019	29,37,48,52,62,65,67,73,75,77,79,80,81,83,88,94,95,96,97,102,106,109,110,112,113,114,117,120,121,122,124,126,127,128,130,133,135,137,138,142,143,146,148,149,153,155,156,157,158,159,160,161,162,163,164,165
0332_01020	38,42,65,75,77,78,79,80,83,85,86,87,95,96,103,106,107,108,109,111,112,114,115,119,120,121,122,126,129,132,133,134,135,137,138,142,144,147,148,150,153,155,156,157,158,160,161,162,163,164,165
0332_01022	25,32,33,37,43,51,55,58,60,61,65,67,69,70,73,77,80,81,88,89,92,93,94,97,98,102,106,110,112,113,117,120,121,122,124,126,127,130,131,133,135,136,137,140,141,142,143,146,148,149,151,154,156,157,158,159,160,161,162,163,164,165
0332_01023	23,74,85,86,93,106,110,113,117,122,123,126,127,133,135,141,142,143,144,148,149,150,151,152,154,156,157,158,159,160,161,162,163,164,165
0332_01024	23,33,57,58,66,67,72,74,77,81,83,88,93,94,96,97,100,105,106,108,109,110,111,112,113,114,115,116,117,122,123,124,126,127,128,129,130,132,136,137,138,140,141,142,143,144,146,147,148,149,152,153,154,155,156,157,158,159,160,161,162,163,164,165
0332_01025	62,65,80,87,92,97,98,103,107,110,117,121,125,133,134,135,137,142,144,145,150,151,154,156,158,161,162,163,164,165
0332_01027	37,38,42,52,62,65,75,77,79,80,83,85,87,94,95,96,97,103,106,107,109,110,113,114,117,120,121,122,123,124,126,127,128,133,134,135,136,137,142,143,144,146,148,149,150,153,154,155,156,157,158,159,160,161,162,163,164,165
0332_01028	52,62,65,75,79,80,84,87,92,94,95,97,98,103,107,110,113,117,120,121,122,124,125,127,133,134,135,137,142,143,144,145,148,150,151,154,156,158,161,162,163,164,165
0332_01029	25,32,33,37,38,43,51,55,58,59,60,61,64,65,67,69,73,77,80,81,87,88,89,93,94,97,98,102,103,106,107,110,112,113,117,120,121,124,125,126,127,130,131,133,134,135,136,137,140,142,143,144,145,146,148,149,150,151,154,156,157,158,159,160,161,162,163,164,165
0332_01030	38,52,62,65,77,79,80,87,94,98,103,107,120,121,124,125,130,134,137,142,144,145,150,156,161,162,163,165
0332_01031	33,38,41,55,58,59,60,61,62,64,65,67,73,74,75,77,79,80,81,83,86,87,88,93,94,96,97,102,103,106,107,112,117,120,121,122,124,130,134,136,137,141,142,144,148,149,150,156,158,159,160,161,162,163,164,165
0332_01033	85,86,92,100,110,114,116,117,122,138,141,148,149,153,154,155,156,158,160,161,162,163,164,165
0332_01034	37,42,43,77,87,89,92,97,103,106,107,110,117,125,131,133,134,135,136,142,144,145,150,151,154,156,158,159,161,162,163,164,165
0332_01035	25,43,65,77,80,82,90,91,92,97,98,100,106,108,110,113,114,115,116,117,118,120,121,127,131,133,135,137,141,142,143,144,147,149,150,151,153,154,155,156,158,160,161,162,163,164,165
0332_01038	38,41,42,51,52,59,60,61,62,64,65,67,73,75,77,79,80,81,83,84,87,88,94,96,97,102,103,106,107,112,120,121,122,124,130,133,134,135,137,142,144,148,150,151,156,158,161,162,163,164,165
0332_01039	25,32,33,37,42,43,47,51,55,58,59,60,61,64,65,67,69,73,77,79,80,81,88,89,92,93,94,95,97,98,102,106,107,110,112,113,117,120,121,124,125,126,127,130,131,133,134,135,136,137,140,142,143,144,145,146,148,149,150,151,154,156,157,158,159,160,161,162,163,164,165
0332_01040	37,42,43,77,87,89,92,97,103,106,107,110,112,113,117,125,126,127,131,133,134,135,136,142,143,144,145,146,150,151,152,154,156,157,158,159,161,162,163,164,165
0332_01041	38,57,62,65,77,79,83,95,96,105,120,121,137,142,151,152,156,161,162,163,164,165
0332_01042	36,37,47,62,75,77,81,83,85,87,88,89,90,91,96,97,103,104,106,107,110,111,117,118,120,121,122,127,129,133,134,136,137,142,143,145,147,148,150,151,154,156,158,159,160,161,162,163,164,165
0332_01043	29,47,67,69,73,74,81,84,88,89,93,94,102,106,112,113,117,123,124,126,127,130,140,141,143,144,146,148,149,150,151,152,154,156,157,159,160,161,162,163,164,165
0332_01044	57,65,66,71,79,80,83,89,92,93,94,96,97,102,110,112,113,114,115,116,117,120,121,124,126,127,133,135,137,140,141,142,143,144,146,149,150,151,152,154,155,156,157,158,159,160,161,162,163,164,165
0332_01045	24,71,78,89,93,94,95,102,108,109,113,119,123,124,125,126,127,140,141,143,144,145,146,149,150,152,153,154,155,156,157,159,160,161,162,163,164,165
0332_01046	13,24,37,71,72,77,87,93,94,95,102,103,106,107,110,117,122,124,126,133,134,135,142,144,148,149,150,151,154,156,157,158,159,160,161,162,163,164,165
0332_01047	37,42,43,77,87,89,92,97,103,106,107,110,112,113,117,125,126,127,131,133,134,135,136,142,143,144,145,146,150,151,152,154,156,157,158,159,161,162,163,164,165
0332_01048	17,72,82,87,91,92,93,95,100,103,104,107,109,110,111,113,117,125,126,127,134,138,140,143,144,145,146,147,150,151,152,153,154,155,156,157,158,159,160,161,162,163,164,165
0332_01049	38,52,62,65,69,75,77,79,80,84,92,94,95,97,98,110,113,117,120,121,122,124,125,127,130,133,135,137,142,143,144,145,148,150,151,154,156,160,161,162,163,164,165
0332_01050	46,72,87,89,93,107,113,125,126,127,134,140,141,143,144,145,146,149,150,152,154,157,159,160,162,163,164,165
0332_01051	47,52,59,64,65,66,69,74,75,77,79,80,81,84,88,92,93,94,95,97,98,106,110,112,113,117,120,121,122,124,127,130,133,135,137,141,142,143,144,148,149,150,151,154,156,160,161,162,163,164,165
0332_01052	25,32,33,37,38,43,51,55,58,59,60,61,64,65,67,69,73,77,80,81,88,89,93,94,97,98,102,106,110,112,113,117,120,121,123,124,125,126,127,130,131,133,135,136,137,140,141,142,143,144,145,146,148,149,150,151,154,156,157,158,159,160,161,162,163,164,165
0332_01053	29,48,76,89,92,93,97,99,102,106,110,112,117,124,126,130,136,140,141,146,148,149,151,152,154,156,157,158,159,160,161,164
0332_01054	50,66,74,76,89,90,99,101,105,108,112,114,115,116,118,127,128,129,132,136,139,140,141,143,145,146,147,149,150,152,154,155,157,159,160,163,164,165
0332_01055	37,42,43,72,77,87,89,92,97,103,106,107,110,112,113,117,125,126,127,131,133,134,135,136,140,142,143,144,145,146,150,151,152,154,156,157,158,159,161,162,163,164,165
0332_01057	23,93,97,106,110,113,117,123,125,126,127,131,133,135,136,140,142,143,145,146,149,151,152,154,156,157,158,159,160,161,162,163,164,165
0332_01058	37,42,43,77,87,89,92,97,103,106,107,110,112,113,117,125,126,127,131,133,134,135,136,142,143,144,145,146,150,151,152,154,156,157,158,159,161,162,163,164,165
0332_01060	45,76,84,87,95,97,99,103,105,107,127,133,134,136,143,144,145,150,151,152,154,156,158,159,161,162,163,164,165
0332_01061	25,37,53,65,74,77,80,93,97,98,106,110,113,117,120,121,126,127,131,133,135,137,141,142,143,149,151,156,157,158,160,161,162,163,164,165
0332_01062	25,32,33,37,38,51,55,58,59,60,61,64,65,67,69,73,77,80,81,85,88,89,93,94,97,98,102,106,110,112,113,117,120,121,122,123,124,125,126,127,130,133,135,136,137,140,141,142,143,144,145,146,148,149,150,151,154,156,157,158,159,160,161,162,163,164,165
0332_01063	8,11,25,32,33,37,43,51,55,57,58,59,60,61,64,65,67,69,72,73,77,80,81,86,88,89,94,97,98,102,106,109,110,112,117,120,121,123,124,125,126,127,130,131,132,133,135,136,137,138,140,142,143,144,145,146,148,149,150,151,152,153,154,156,157,158,159,160,161,162,163,164,165
0332_01068	20,30,34,36,74,81,82,83,86,88,92,93,96,99,100,110,112,117,137,141,144,148,149,150,151,153,154,155,156,158,160,161,162,164,165
0332_01070	37,42,43,77,87,89,92,97,103,106,107,110,117,125,131,133,134,135,136,142,144,145,150,151,154,156,158,159,161,162,163,164,165
0332_01071	38,41,65,77,78,80,85,86,87,93,98,100,103,107,115,116,119,121,122,134,137,142,148,149,153,155,156,158,160,161,162,163,165
0332_01072	23,24,33,47,58,67,71,77,78,79,81,86,88,93,94,95,97,100,102,106,108,109,110,111,114,117,119,122,123,124,126,128,129,130,132,136,138,140,141,142,146,147,148,149,153,154,155,156,157,158,159,160,161,162,163,164,165
0332_01074	41,50,65,76,77,80,89,92,93,97,98,99,110,113,117,120,121,123,125,126,127,137,140,142,143,144,145,146,149,150,152,154,156,157,159,160,161,162,163,164,165
0332_01075	23,25,43,65,77,79,83,93,96,97,105,106,110,117,120,121,123,126,131,133,135,137,142,151,154,156,157,158,159,160,161,162,163,164,165
0332_01076	36,57,76,81,88,89,91,92,97,98,99,108,109,110,116,117,120,132,133,135,137,138,145,147,150,151,152,153,154,156,157,158,159,160,161,162,163,164,165
0332_01077	50,57,72,75,76,85,86,87,92,93,95,98,99,100,103,107,109,110,111,113,117,118,120,121,122,125,126,127,129,132,134,137,138,140,143,144,145,146,147,148,149,150,152,153,154,156,157,158,159,160,161,162,163,164,165
0332_01078	37,74,77,85,86,87,93,103,106,107,110,117,122,133,134,135,142,144,148,149,150,151,154,156,158,160,161,162,163,164,165
0332_01080	65,66,74,77,80,92,97,98,105,109,110,112,113,117,120,121,125,126,127,132,137,141,142,143,145,147,149,153,155,156,157,160,161,162,163,164,165
0332_01082	66,74,75,85,86,98,100,108,111,112,115,118,121,122,128,129,137,138,141,145,147,148,149,153,155,158,160,161,162,163,165
0332_01083	24,52,65,66,71,74,75,78,80,83,92,93,94,95,96,97,102,109,110,111,112,113,117,119,120,121,122,123,124,125,126,127,130,137,140,141,142,143,144,145,146,148,149,150,152,153,154,155,156,157,158,159,160,161,162,163,164,165
0332_01084	24,25,49,52,63,65,69,70,71,75,77,78,79,80,83,85,86,87,90,91,94,96,97,98,100,102,103,106,107,111,117,119,120,121,122,124,128,129,130,133,134,137,138,142,147,148,150,151,153,155,156,158,159,161,162,163,164,165
0332_01085	23,54,74,79,92,95,106,110,117,123,126,131,136,141,142,146,149,151,152,154,156,157,158,159,160,161,162,163,164,165
0332_01086	36,37,47,65,77,80,81,83,85,88,93,96,97,105,106,110,117,120,121,122,133,135,137,142,148,149,151,154,156,158,160,161,162,163,164,165
0332_01087	23,24,47,71,78,79,81,88,93,94,95,102,106,110,117,119,123,124,126,141,142,149,151,154,156,157,158,159,160,161,164
0332_01088	52,66,69,74,92,93,94,95,110,112,113,117,122,124,125,126,127,136,141,142,143,144,145,146,148,149,150,151,152,154,156,157,158,159,160,161,162,163,164,165
0332_01090	42,50,65,76,89,92,93,98,99,106,107,109,110,112,113,117,121,123,125,126,127,134,137,140,143,144,145,146,149,150,153,154,155,156,157,159,160,161,162,163,164,165
0332_01091	23,74,80,82,85,86,90,91,93,100,104,106,108,109,110,111,114,115,116,117,118,122,123,126,128,132,138,141,142,147,148,149,151,153,154,155,156,157,158,159,160,161,164
0332_01092	13,23,24,52,62,65,71,72,75,80,83,87,92,93,94,95,96,97,102,103,106,107,109,110,113,117,120,121,122,123,124,125,126,127,130,133,134,135,137,140,142,143,144,145,146,148,149,150,153,154,155,156,157,158,159,160,161,162,163,164,165
0332_01093	52,59,64,65,66,74,75,81,87,88,92,94,95,98,103,107,110,112,113,117,120,121,122,124,125,127,134,137,141,142,143,144,145,148,149,150,153,154,155,156,158,160,161,162,163,164,165
0332_01094	52,62,65,81,87,88,94,95,97,98,103,106,107,108,113,114,115,116,118,120,121,123,124,125,126,127,128,129,134,137,142,143,144,145,147,150,152,153,154,155,156,157,159,160,161,162,163,164,165
0332_01095	65,72,92,98,109,110,113,115,117,121,125,126,127,132,137,143,145,146,152,153,155,156,157,159,160,161,162,163,164,165
0332_01096	52,66,69,74,92,94,95,110,112,114,117,122,124,125,136,141,142,145,148,149,151,154,155,156,158,159,160,161,162,163,164,165
0332_01097	36,38,47,62,65,77,79,83,88,96,105,120,121,137,142,151,156,161,162,163,165
0332_01099	24,25,28,36,47,49,52,57,63,65,70,71,75,77,78,79,80,81,83,85,86,87,88,93,94,96,97,98,100,102,103,106,107,108,109,110,115,117,119,120,121,122,124,128,130,133,134,137,138,142,146,148,150,153,155,156,157,158,159,160,161,162,163,164,165
0332_01100	23,24,33,47,58,67,71,77,78,79,81,88,93,94,95,97,102,106,110,117,119,122,123,124,126,130,136,140,141,142,146,148,149,154,156,157,158,159,160,161,164
0332_01101	23,24,66,71,74,78,79,86,88,93,94,95,102,106,110,111,112,115,116,117,119,123,124,126,141,142,149,151,153,154,155,156,157,158,159,160,161,164
0332_01102	24,42,71,78,89,93,94,95,102,106,107,108,109,111,112,119,123,124,125,126,130,134,140,141,142,144,145,146,149,150,153,154,155,156,157,159,160,161,162,163,164,165
0332_01103	23,33,57,58,66,67,72,74,77,81,83,86,88,93,94,96,97,100,105,106,108,110,111,112,113,114,115,116,117,118,122,123,124,126,127,128,129,130,132,137,138,141,142,143,144,146,147,148,149,152,153,154,155,156,157,158,159,160,161,162,163,164,165
0332_01104	23,72,74,97,106,109,110,113,114,117,123,126,127,133,135,138,140,141,143,144,146,149,150,151,152,153,154,155,156,157,158,159,160,161,162,163,164,165
0332_01105	23,82,90,95,100,104,106,109,110,111,113,114,117,123,125,126,127,128,132,138,140,143,145,146,147,151,152,153,154,155,156,157,158,159,160,161,162,163,164,165
0332_01107	17,26,42,50,57,62,72,75,76,80,83,85,87,89,92,95,96,98,99,100,105,107,109,110,111,113,117,118,120,121,122,127,129,132,133,134,135,136,137,138,140,142,143,144,145,146,147,148,150,152,153,154,155,156,157,158,159,161,162,163,164,165
0332_01109	25,32,33,37,43,51,55,58,59,60,61,64,65,67,69,73,77,80,81,82,88,89,92,93,94,97,98,100,102,106,110,112,113,116,117,120,121,123,124,125,126,127,130,131,133,135,136,137,140,141,142,143,144,145,146,148,149,150,151,153,154,155,156,157,158,159,160,161,162,163,164,165
0332_01110	29,48,67,81,88,92,93,102,104,106,108,110,111,112,116,117,124,126,130,132,136,140,141,146,148,149,151,153,154,155,156,157,158,159,160,161,164
0332_01111	37,77,85,87,90,91,96,100,103,106,107,110,111,117,118,122,125,128,129,133,134,135,142,145,147,148,151,153,154,155,156,158,161,162,163,164,165
0332_01113	23,72,74,93,106,110,113,117,123,126,127,141,143,144,146,149,150,151,152,154,156,157,158,159,160,161,162,163,164,165
0332_01114	25,65,77,80,98,106,120,121,125,133,135,137,142,145,149,151,156,158,160,161,162,163,165
0332_01115	23,93,105,106,110,113,117,123,125,126,127,143,145,151,152,154,156,157,158,159,160,161,162,163,164,165
0332_01116	50,57,62,66,72,74,76,83,89,96,99,105,112,115,118,123,126,127,132,136,137,140,141,143,144,146,147,149,150,152,154,155,157,159,160,162,163,164,165
0332_01118	32,33,37,38,42,51,52,55,58,60,61,62,65,67,69,73,75,77,79,80,83,85,87,88,93,94,95,96,97,102,103,106,107,110,112,113,117,120,121,122,124,127,130,133,134,135,136,137,142,143,144,146,148,149,150,151,154,156,158,159,160,161,162,163,164,165
0332_01119	52,65,66,72,74,75,77,79,80,83,87,92,94,95,96,97,103,107,110,112,113,117,120,121,122,124,126,127,134,137,139,141,142,143,148,149,152,156,157,158,159,160,161,162,163,164,165
0332_01120	29,48,72,93,102,103,106,107,112,124,126,130,134,139,140,146,148,149,157,159,160,164
0332_01123	23,93,106,110,113,117,123,126,127,141,143,144,149,150,151,152,154,156,157,158,159,160,161,162,163,164,165
0332_01124	26,50,53,57,66,72,76,83,89,90,91,93,96,98,99,105,108,109,112,114,115,116,120,123,126,127,128,131,132,137,139,140,141,143,145,146,149,150,152,153,154,155,157,159,160,163,164,165
0332_01127	35,37,44,49,65,77,80,89,92,93,97,98,106,110,113,117,120,121,123,125,126,127,137,140,141,142,143,144,145,146,149,150,152,154,156,157,159,160,161,162,163,164,165,166
0332_01128	37,74,77,85,86,87,93,103,106,107,110,117,122,133,134,135,141,142,144,148,149,150,151,154,156,158,160,161,162,163,164,165
0332_01129	37,74,77,85,86,87,93,103,106,107,110,113,117,122,125,126,127,133,134,135,142,143,145,148,149,151,152,154,156,157,158,159,160,161,162,163,164,165
0332_01130	37,74,77,85,86,90,91,93,101,104,106,110,111,117,118,122,128,129,133,142,147,148,149,151,154,156,158,160,161,164,165
0332_01131	24,25,43,49,52,57,63,70,71,77,78,79,82,83,86,90,91,93,94,96,97,100,102,106,108,109,117,119,122,124,128,129,130,131,132,137,138,142,146,147,148,151,153,155,156,157,158,159,160,161,164,165
0332_01132	23,57,62,72,83,89,93,96,106,109,110,113,117,120,123,126,127,132,137,138,140,143,144,146,147,150,151,152,153,154,156,157,158,159,160,161,162,163,164,165
0332_01133	37,74,77,85,86,93,106,110,117,122,133,135,142,148,149,151,154,156,158,160,161,162,163,164,165
0332_01134	27,42,51,55,58,60,61,66,67,73,74,86,87,88,92,93,97,102,104,106,107,110,111,112,115,117,124,125,130,131,132,133,134,135,136,140,141,142,144,145,146,148,149,150,151,153,154,155,156,158,159,160,161,162,163,164,165
0332_01135	37,43,65,77,80,87,98,103,106,107,110,117,121,125,131,133,134,135,137,142,145,151,154,156,158,161,162,163,164,165
0332_01136	57,72,83,85,92,93,95,96,110,117,122,123,126,133,135,136,137,140,141,144,146,148,149,150,152,154,156,157,158,159,160,161,162,163,164,165
0332_01137	37,42,43,77,87,89,92,97,103,106,107,110,112,113,117,125,126,127,131,133,134,135,136,142,143,144,145,146,150,151,152,154,156,157,158,159,161,162,163,164,165
0332_01138	25,42,43,52,66,69,74,77,78,79,80,82,90,94,98,99,100,106,107,112,115,119,120,121,124,125,131,133,134,137,138,142,145,149,151,153,156,158,160,161,162,163,165
0332_01141	25,47,53,59,64,65,74,77,80,81,82,86,88,90,93,97,98,100,104,106,108,109,111,115,116,118,120,121,126,131,132,133,135,137,138,141,142,147,149,151,153,155,156,157,158,160,161,162,163,164,165
0332_01142	24,26,50,53,57,66,71,72,74,76,78,83,89,90,91,93,94,96,97,98,99,102,105,108,109,111,112,115,116,119,120,123,124,126,127,128,129,131,132,133,137,139,140,141,143,145,146,149,150,152,153,154,156,157,159,160,161,163,164,165
0332_01143	21,24,38,45,49,56,63,65,70,71,76,77,79,80,85,86,87,90,93,94,97,98,99,100,102,103,107,108,114,116,119,121,122,124,130,134,137,138,142,148,149,151,153,155,156,158,159,160,161,162,163,164,165
0332_01145	37,52,65,69,75,77,78,79,80,90,94,95,98,100,106,110,111,115,117,119,120,121,122,124,127,130,133,137,142,143,145,148,150,151,153,154,156,158,160,161,162,163,164,165
0332_01146	50,57,76,89,90,91,92,97,98,99,108,109,110,116,117,118,132,133,135,137,145,147,150,151,152,153,154,156,157,158,159,160,161,162,163,164,165
0332_01147	65,87,97,98,103,105,107,121,123,125,134,137,139,144,145,150,154,156,157,159,160,161,162,163,164,165
0332_01148	34,50,57,72,76,83,89,93,96,98,99,105,109,113,116,120,125,126,127,132,137,140,141,143,144,145,146,149,150,152,153,154,157,159,160,162,163,164,165
0332_01149	25,37,53,65,77,80,82,93,97,98,100,104,106,110,111,113,114,115,117,120,121,126,127,131,133,135,137,141,142,143,149,151,153,155,156,157,158,160,161,162,163,164,165
0332_01150	26,50,57,72,74,76,85,86,89,93,95,96,98,99,105,108,111,114,116,118,120,122,123,126,127,128,129,132,133,136,137,140,141,143,145,146,147,148,149,150,152,154,155,156,157,158,159,160,161,163,164,165
0332_01151	36,37,47,52,65,66,74,77,79,80,81,83,85,88,93,94,96,97,106,110,112,117,120,121,122,124,133,135,137,141,142,148,149,151,154,156,158,160,161,162,164,165
0332_01152	32,33,36,37,43,47,52,65,67,70,77,79,80,81,83,88,94,96,106,110,117,120,121,124,130,131,133,135,137,142,151,154,156,158,161,162,163,164,165
0332_01153	23,74,85,86,93,106,110,113,117,122,123,126,127,133,135,141,142,143,144,148,149,150,151,152,154,156,157,158,159,160,161,162,163,164,165
0332_01155	23,52,62,68,69,74,93,94,95,97,106,110,113,117,123,124,125,126,127,131,133,135,141,142,143,144,145,146,149,150,151,152,154,156,157,158,159,160,161,162,163,164,165
0332_01156	23,57,66,72,74,83,93,96,105,106,110,112,113,115,117,123,126,127,132,137,141,143,144,146,149,151,152,154,156,157,158,159,160,161,162,163,164,165
0332_01157	38,46,52,53,62,65,75,77,79,80,83,87,92,93,94,95,96,97,98,103,107,110,117,120,121,122,124,125,131,133,134,135,136,137,142,144,145,148,149,150,151,154,156,158,159,160,161,162,163,164,165
0332_01158	13,24,57,66,71,72,74,75,83,87,89,92,94,96,97,100,102,103,107,108,109,110,111,112,115,117,120,121,122,124,127,128,129,132,134,137,138,143,144,148,149,150,153,154,155,156,157,158,159,160,161,162,163,164,165
0332_01159	22,25,62,65,77,80,98,106,120,121,125,133,135,137,142,145,151,156,158,160,161,162,163,165
0332_01160	23,90,97,106,109,110,113,114,117,123,125,126,127,131,133,135,136,140,142,143,145,146,151,152,153,154,155,156,157,158,159,160,161,162,163,164,165
0332_01161	29,67,73,81,88,92,93,102,104,106,108,110,111,112,116,117,124,126,130,132,141,146,148,149,151,153,154,155,156,157,158,159,160,161,164
0332_01164	24,38,42,49,56,63,65,70,71,77,79,80,87,94,97,98,102,103,106,107,112,119,121,122,124,125,130,133,134,135,136,137,140,142,144,145,146,148,150,151,156,158,159,161,162,163,164,165
0332_01165	25,32,33,42,47,51,52,55,58,59,60,61,64,65,67,69,73,77,79,80,81,83,87,88,94,95,96,97,98,102,105,106,107,112,117,120,121,122,124,125,130,133,134,135,136,137,142,144,145,148,150,151,156,158,159,160,161,162,163,164,165
0332_01166	37,42,74,77,85,86,93,106,107,110,112,117,122,133,134,135,142,148,149,151,154,156,158,160,161,162,163,164,165
0332_01169	52,66,69,74,87,92,94,95,103,107,110,112,117,122,124,125,134,136,141,142,145,148,149,151,154,156,158,159,160,161,162,163,164,165
0332_01193	66,90,91,96,104,105,108,112,115,116,118,123,127,128,129,131,132,139,140,141,143,145,146,147,149,150,152,154,155,157,159,160,163,164,165
0332_01196	54,66,82,90,91,92,95,96,100,104,105,108,110,111,112,115,116,117,118,123,127,128,129,131,132,136,139,140,141,143,145,146,147,149,150,151,152,153,154,155,156,157,158,159,160,161,163,164,165
0332_01198	54,66,82,90,91,92,95,96,100,104,105,108,110,111,112,115,116,117,118,123,127,128,129,131,132,136,139,140,141,143,145,146,147,149,150,151,152,153,154,155,156,157,158,159,160,161,163,164,165
0332_01199	54,66,82,90,91,92,95,96,100,104,105,108,110,111,112,115,116,117,118,123,127,128,129,131,132,136,139,140,141,143,145,146,147,149,150,151,152,153,154,155,156,157,158,159,160,161,163,164,165
0332_01200	54,66,82,90,91,92,95,96,100,104,105,108,110,111,112,115,116,117,118,123,127,128,129,131,132,136,139,140,141,143,145,146,147,149,150,151,152,153,154,155,156,157,158,159,160,161,163,164,165
0332_01210	39,40,48,51,53,54,55,58,60,61,66,67,69,72,73,82,88,90,91,92,96,97,100,102,104,105,106,108,110,111,112,115,116,117,118,124,127,128,129,130,131,132,136,138,139,140,141,143,145,146,147,148,149,150,151,152,153,154,155,156,157,158,159,160,161,163,164,165
0332_01211	39,40,48,51,53,54,55,58,60,61,66,67,69,72,73,82,88,90,91,92,96,97,100,102,104,105,106,108,110,111,112,115,116,117,118,124,127,128,129,130,131,132,136,138,139,140,141,143,145,146,147,148,149,150,151,152,153,154,155,156,157,158,159,160,161,163,164,165
0332_01218	39,40,48,49,51,55,58,59,60,61,64,65,67,73,75,81,85,88,93,97,98,102,106,112,121,122,124,130,136,137,146,148,158,159,160,161,162,163,164,165
0332_01221	39,40,48,49,51,55,58,59,60,61,64,65,67,73,75,81,85,88,97,98,100,102,106,111,112,114,115,116,118,121,122,124,130,136,137,146,147,148,153,155,158,159,160,161,162,163,164,165
0332_01222	39,40,48,49,51,55,58,59,60,61,64,65,67,73,75,81,85,88,97,98,100,102,106,108,111,112,114,115,116,118,121,122,124,129,130,136,137,146,147,148,153,155,158,159,160,161,162,163,164,165
0332_01223	39,40,48,49,51,55,58,59,60,61,64,65,67,73,75,81,85,88,97,98,100,102,106,108,111,112,114,115,116,118,121,122,124,128,129,130,136,137,146,147,148,153,155,158,159,160,161,162,163,164,165
0332_01224	39,40,48,49,51,55,58,59,60,61,64,65,67,73,75,81,85,88,97,98,100,102,106,108,111,112,114,115,116,118,121,122,124,128,129,130,136,137,146,147,148,153,155,158,159,160,161,162,163,164,165
0332_01225	39,40,48,49,51,55,58,59,60,61,64,65,67,73,75,81,85,88,97,98,100,102,106,108,111,112,114,115,116,118,121,122,124,128,129,130,136,137,146,147,148,153,155,158,159,160,161,162,163,164,165
0332_01226	39,40,48,49,51,55,58,59,60,61,64,65,67,73,75,81,85,88,97,98,100,102,106,108,111,112,114,115,116,118,121,122,124,128,129,130,136,137,146,147,148,153,155,158,159,160,161,162,163,164,165
0332_01227	39,40,48,49,51,55,58,59,60,61,64,65,67,73,75,81,85,88,97,98,100,102,106,108,111,112,114,115,116,118,121,122,124,128,129,130,136,137,146,147,148,153,155,158,159,160,161,162,163,164,165
0332_01228	39,40,48,49,51,55,58,59,60,61,64,65,67,73,75,81,85,88,97,98,100,102,106,108,111,112,114,115,116,118,121,122,124,128,129,130,136,137,146,147,148,153,155,158,159,160,161,162,163,164,165
0332_01229	39,40,48,49,51,55,58,59,60,61,64,65,67,73,75,81,85,88,97,98,100,102,106,108,111,112,114,115,116,118,121,122,124,128,129,130,136,137,146,147,148,153,155,158,159,160,161,162,163,164,165
0332_01230	39,40,48,49,51,55,58,59,60,61,64,65,67,73,75,81,85,88,97,98,100,102,106,108,111,112,114,115,116,118,121,122,124,128,129,130,136,137,146,147,148,153,155,158,159,160,161,162,163,164,165
0332_01231	39,40,48,49,51,55,58,59,60,61,64,65,67,73,75,81,85,88,97,98,100,102,106,108,111,112,114,115,116,118,121,122,124,128,129,130,136,137,146,147,148,153,155,158,159,160,161,162,163,164,165
0332_01232	39,40,48,49,51,55,58,59,60,61,64,65,67,73,75,81,85,88,97,98,100,102,106,108,111,112,114,115,116,118,121,122,124,128,129,130,136,137,146,147,148,153,155,158,159,160,161,162,163,164,165
0332_01233	39,40,48,49,51,55,58,59,60,61,64,65,67,73,75,81,85,88,97,98,100,102,106,108,111,112,114,115,116,118,121,122,124,128,129,130,136,137,146,147,148,153,155,158,159,160,161,162,163,164,165
0332_01234	39,40,48,49,51,55,58,59,60,61,64,65,67,73,75,81,85,88,97,98,100,102,106,108,111,112,114,115,116,118,121,122,124,128,129,130,136,137,146,147,148,153,155,158,159,160,161,162,163,164,165
0332_01235	39,40,48,49,51,55,58,59,60,61,64,65,67,73,75,81,85,88,97,98,100,102,106,108,111,112,114,115,116,118,121,122,124,128,129,130,136,137,146,147,148,153,155,158,159,160,161,162,163,164,165
0332_01236	39,40,48,49,51,55,58,59,60,61,64,65,67,73,75,81,85,88,97,98,100,102,106,108,111,112,114,115,116,118,121,122,124,128,129,130,136,137,146,147,148,153,155,158,159,160,161,162,163,164,165
0332_01237	39,40,48,49,51,55,58,59,60,61,64,65,67,73,75,81,85,88,97,98,100,102,106,108,111,112,114,115,116,118,121,122,124,128,129,130,136,137,146,147,148,153,155,158,159,160,161,162,163,164,165
